,mean_fit_time,std_fit_time,mean_score_time,std_score_time,param_estimator,param_estimator__alpha,param_estimator__degree,param_estimator__gamma,param_estimator__kernel,param_estimator__C,param_estimator__shrinking,param_estimator__tol,param_estimator__eta,param_estimator__max_delta_step,param_estimator__max_depth,param_estimator__min_child_weight,param_estimator__random_state,param_estimator__criterion,param_estimator__min_samples_leaf,param_estimator__min_samples_split,param_estimator__splitter,param_estimator__warm_start,params,split0_test_neg_mean_squared_error,split1_test_neg_mean_squared_error,split2_test_neg_mean_squared_error,split3_test_neg_mean_squared_error,split4_test_neg_mean_squared_error,split5_test_neg_mean_squared_error,split6_test_neg_mean_squared_error,split7_test_neg_mean_squared_error,split8_test_neg_mean_squared_error,split9_test_neg_mean_squared_error,mean_test_neg_mean_squared_error,std_test_neg_mean_squared_error,rank_test_neg_mean_squared_error,split0_test_r2,split1_test_r2,split2_test_r2,split3_test_r2,split4_test_r2,split5_test_r2,split6_test_r2,split7_test_r2,split8_test_r2,split9_test_r2,mean_test_r2,std_test_r2,rank_test_r2,split0_test_neg_mean_absolute_error,split1_test_neg_mean_absolute_error,split2_test_neg_mean_absolute_error,split3_test_neg_mean_absolute_error,split4_test_neg_mean_absolute_error,split5_test_neg_mean_absolute_error,split6_test_neg_mean_absolute_error,split7_test_neg_mean_absolute_error,split8_test_neg_mean_absolute_error,split9_test_neg_mean_absolute_error,mean_test_neg_mean_absolute_error,std_test_neg_mean_absolute_error,rank_test_neg_mean_absolute_error
0,0.004901313781738281,0.004743411248846898,0.003100466728210449,0.000538659671944723,KernelRidge(),1,1,10,polynomial,,,,,,,,,,,,,,"{'estimator': KernelRidge(), 'estimator__alpha': 1, 'estimator__degree': 1, 'estimator__gamma': 10, 'estimator__kernel': 'polynomial'}",0.016886768845169934,0.012146879253122795,0.007700122304760339,0.012157880929902016,0.012559628911944343,0.025678365884952013,0.020517741361477843,0.0316912809722912,0.007681227634484602,0.01364445727602403,0.01606643533741291,0.007390009274823827,272,0.4751310713601993,0.7400330842194299,0.7908939602026099,0.6920555353695512,0.7894259233876393,0.5701410661090215,0.6362391045241711,0.3158997620923578,0.776819385033975,0.35522503561231344,0.6141863927911269,0.16973023732395803,311,0.08937352496018552,0.09311879455615633,0.06990321469435518,0.0813473032800811,0.09065779262928331,0.12424290805037999,0.1020192956446516,0.12245196553285163,0.06503406313402929,0.07637769869520677,0.09145265611771806,0.01909773616611853,252
1,0.003201413154602051,0.0007484433289605405,0.003600192070007324,0.0004901845868991085,KernelRidge(),1,1,10,sigmoid,,,,,,,,,,,,,,"{'estimator': KernelRidge(), 'estimator__alpha': 1, 'estimator__degree': 1, 'estimator__gamma': 10, 'estimator__kernel': 'sigmoid'}",0.03575518604259501,0.058400170374450736,0.0379993378667788,0.04019131313612044,0.06163460459111743,0.0629682019765954,0.05878020393159651,0.04641911115492732,0.03447393963566013,0.027628547323030127,0.04642506160328719,0.012332458996651792,913,0.11133079179095895,0.24987759052619762,0.031917512704031425,0.01799750119752841,0.03336253325125571,0.0540952758428106,0.04211956090615665,0.002020871681137182,0.0016517429644566928,0.30559942809841756,0.08499728089629507,0.1015587775884195,601,0.1663745161835035,0.20562875395876068,0.17227458896861866,0.17206987416089486,0.2258032741388059,0.18976120285997164,0.19771315605282422,0.18762132997388992,0.17060964983102875,0.14192965150637432,0.18297859976346725,0.022313508971884288,626
2,0.003401637077331543,0.0006638310830094771,0.0034000396728515623,0.0006635360119307715,KernelRidge(),1,1,20,polynomial,,,,,,,,,,,,,,"{'estimator': KernelRidge(), 'estimator__alpha': 1, 'estimator__degree': 1, 'estimator__gamma': 20, 'estimator__kernel': 'polynomial'}",0.016993900223396884,0.012264287387233248,0.0077558554473792455,0.012371083823183516,0.012584824328619397,0.025578145332014305,0.020553070625028855,0.032288067268890185,0.007776514465780559,0.015076862342197905,0.01632426112437241,0.007435998005924057,307,0.4718012495198436,0.7375203210745753,0.7893804599908927,0.686655363151401,0.7890034983591285,0.5718187702212217,0.6356127488098943,0.3030173024707242,0.7740507945665708,0.28753609006854963,0.60463965982328,0.18232292044664403,339,0.08995237941090556,0.09341504401585292,0.06977030802357226,0.0820663988339165,0.09059073447629264,0.12373253238378128,0.10229380114824502,0.1236453884447605,0.0660177053911311,0.07876192216618053,0.09202462142946383,0.018883017782042197,271
3,0.0032015562057495115,0.0005994010846506958,0.0032005071640014648,0.0006001081592041209,KernelRidge(),1,1,20,sigmoid,,,,,,,,,,,,,,"{'estimator': KernelRidge(), 'estimator__alpha': 1, 'estimator__degree': 1, 'estimator__gamma': 20, 'estimator__kernel': 'sigmoid'}",0.03574723562922417,0.05839689268059654,0.03799849196616705,0.040187633092605465,0.061633240862804424,0.06296674002340576,0.05877279673135569,0.0464171671866904,0.03447250328433482,0.027629198060973807,0.04642218995181581,0.01233200639723919,584,0.1110836796887884,0.2498074414826128,0.0318945412602043,0.01790429013249417,0.033339669054210264,0.0540708025705503,0.04198823798200535,0.0019789084315442462,0.0016100093006019556,0.30563017901257794,0.08493077589155898,0.10156934184541402,596,0.16635601922009463,0.2056223791252175,0.17227371209840375,0.17206135351727214,0.22580172215910335,0.1897595070903388,0.19769649705137204,0.18761739268742908,0.17060522210867435,0.14193047477767548,0.18297242798355812,0.0223132603803452,621
4,0.0035006523132324217,0.0004997740446083402,0.003400754928588867,0.000663535994797287,KernelRidge(),1,1,30,polynomial,,,,,,,,,,,,,,"{'estimator': KernelRidge(), 'estimator__alpha': 1, 'estimator__degree': 1, 'estimator__gamma': 30, 'estimator__kernel': 'polynomial'}",0.017031240120124372,0.012312521213095517,0.007775924780261323,0.012451006706436854,0.01259506424302714,0.02554358426344476,0.020566079587900542,0.03250174278549414,0.007811870531441838,0.015683504453984903,0.01642725386852114,0.0074568229388526355,313,0.47064066327800114,0.7364880230921542,0.7888354532294088,0.6846310128853412,0.7888318164936755,0.5723973266665968,0.6353821117285485,0.29840482019613224,0.7730235123595395,0.2588689442736887,0.6007503684203087,0.18791404058036296,358,0.09016506666255392,0.09351958570775191,0.06971815566110479,0.08232148889826621,0.09057082757558334,0.12355021529633342,0.10238795495251174,0.12406952633276506,0.06638026820958891,0.07970971435076939,0.09223928036472287,0.018805590283623407,288
5,0.00360107421875,0.0006633282376178892,0.003400754928588867,0.0004896781774294982,KernelRidge(),1,1,30,sigmoid,,,,,,,,,,,,,,"{'estimator': KernelRidge(), 'estimator__alpha': 1, 'estimator__degree': 1, 'estimator__gamma': 30, 'estimator__kernel': 'sigmoid'}",0.03574723092308316,0.05839689192608486,0.037998491766484385,0.040187632590493176,0.0616332409702445,0.06296673968568825,0.058772792474148544,0.04641716698591282,0.03447250318456328,0.02762919852929909,0.04642218890360021,0.012332006250264978,579,0.11108353341408006,0.24980742533459077,0.031894535837582394,0.017904277414595215,0.0333396708555449,0.05407079691711858,0.04198816250559423,0.001978904097481804,0.0016100064017068316,0.3056302011434999,0.08493075139217947,0.10156934525207256,591,0.1663560079932209,0.20562237774387207,0.17227371208473793,0.17206135222508614,0.2258017229508323,0.18975950719955112,0.19769648669546688,0.1876173923335815,0.1706052214337624,0.14193047573730613,0.18297242563974173,0.02231326046547738,616
6,0.0030010461807250975,8.193416727752486e-07,0.003200244903564453,0.00040027204485234256,KernelRidge(),1,2,10,polynomial,,,,,,,,,,,,,,"{'estimator': KernelRidge(), 'estimator__alpha': 1, 'estimator__degree': 2, 'estimator__gamma': 10, 'estimator__kernel': 'polynomial'}",0.040104326019196224,0.013220943789695664,0.016320398720600145,0.01778152341036795,0.014103748594569383,0.025516988078552526,0.030272958400480963,0.042836089532695895,0.012996049151334874,0.11838555963583706,0.03315385853333307,0.030264431199807686,556,0.24650931297241807,0.7170460075305469,0.5568000339073437,0.5496154520273229,0.7635372941433057,0.5728425500010785,0.4632879778308945,0.07532361768613904,0.622395484192909,4.594362857681666,0.05200237533345442,1.5423026992770514,559,0.13737076275478027,0.09516881368757532,0.09043905569604516,0.10655664507459597,0.0999765169512109,0.1272188131829585,0.13212715169648262,0.14072307084808644,0.08534777013750586,0.1733171829185486,0.11882457829477897,0.026518204897653008,559
7,0.0033012151718139647,0.00045769022871489,0.004200983047485352,0.0006001243976430082,KernelRidge(),1,2,10,sigmoid,,,,,,,,,,,,,,"{'estimator': KernelRidge(), 'estimator__alpha': 1, 'estimator__degree': 2, 'estimator__gamma': 10, 'estimator__kernel': 'sigmoid'}",0.03575518604259501,0.058400170374450736,0.0379993378667788,0.04019131313612044,0.06163460459111743,0.0629682019765954,0.05878020393159651,0.04641911115492732,0.03447393963566013,0.027628547323030127,0.04642506160328719,0.012332458996651792,913,0.11133079179095895,0.24987759052619762,0.031917512704031425,0.01799750119752841,0.03336253325125571,0.0540952758428106,0.04211956090615665,0.002020871681137182,0.0016517429644566928,0.30559942809841756,0.08499728089629507,0.1015587775884195,601,0.1663745161835035,0.20562875395876068,0.17227458896861866,0.17206987416089486,0.2258032741388059,0.18976120285997164,0.19771315605282422,0.18762132997388992,0.17060964983102875,0.14192965150637432,0.18297859976346725,0.022313508971884288,626
8,0.002901029586791992,0.0003005531464640868,0.003200387954711914,0.00040019872304073334,KernelRidge(),1,2,20,polynomial,,,,,,,,,,,,,,"{'estimator': KernelRidge(), 'estimator__alpha': 1, 'estimator__degree': 2, 'estimator__gamma': 20, 'estimator__kernel': 'polynomial'}",0.07875865125733131,0.01762298917942709,0.03592498950611828,0.03202567257133775,0.025281668213149613,0.03949482715728712,0.04197486975336367,0.07721433117734314,0.017529924676605357,0.09696444782939802,0.04627923713213613,0.026541316332571077,578,1.4479501842873241,0.6228336473640168,0.024413900446351278,0.18882832861481758,0.576128882745796,0.3388518423600757,0.2558237312791102,0.6667783916492471,0.4906622279922326,3.5820985863565316,0.3199284601490703,1.2460399447277684,944,0.18773632964195547,0.11087677312089193,0.1418223169351283,0.14644090364187823,0.13696360026518628,0.14982524410006323,0.1627611088829006,0.17827091190047478,0.09993657165343342,0.17867003283581087,0.14933037929777232,0.027368049734173977,584
9,0.0033008337020874025,0.0006399500382894125,0.0034006357192993162,0.0004902623804993373,KernelRidge(),1,2,20,sigmoid,,,,,,,,,,,,,,"{'estimator': KernelRidge(), 'estimator__alpha': 1, 'estimator__degree': 2, 'estimator__gamma': 20, 'estimator__kernel': 'sigmoid'}",0.03574723562922417,0.05839689268059654,0.03799849196616705,0.040187633092605465,0.061633240862804424,0.06296674002340576,0.05877279673135569,0.0464171671866904,0.03447250328433482,0.027629198060973807,0.04642218995181581,0.01233200639723919,584,0.1110836796887884,0.2498074414826128,0.0318945412602043,0.01790429013249417,0.033339669054210264,0.0540708025705503,0.04198823798200535,0.0019789084315442462,0.0016100093006019556,0.30563017901257794,0.08493077589155898,0.10156934184541402,596,0.16635601922009463,0.2056223791252175,0.17227371209840375,0.17206135351727214,0.22580172215910335,0.1897595070903388,0.19769649705137204,0.18761739268742908,0.17060522210867435,0.14193047477767548,0.18297242798355812,0.0223132603803452,621
10,0.002600693702697754,0.0006635577938000475,0.00330045223236084,0.000899600137534564,KernelRidge(),1,2,30,polynomial,,,,,,,,,,,,,,"{'estimator': KernelRidge(), 'estimator__alpha': 1, 'estimator__degree': 2, 'estimator__gamma': 30, 'estimator__kernel': 'polynomial'}",0.10530806815298842,0.0289677091593548,0.049881376462947755,0.058391665378083935,0.04550715166838164,0.0552160764783075,0.04799130655513921,0.09989979736297586,0.022435567803428945,0.06648430424247567,0.05800830232640837,0.02550175031939694,951,2.2731503235087915,0.3800345051219626,0.3545884959984924,0.4789904784730681,0.23702949274919005,0.075676237539819,0.14915777813981368,1.1564756313476376,0.34812714090106534,2.1417456944666298,0.5214925469342768,0.9527391910315068,948,0.22120337602574242,0.13290985938950942,0.17369183529721394,0.1852971501676678,0.16219426939699588,0.17026694537623685,0.17430302393001115,0.20347026342883118,0.11521919927791903,0.1729320676752048,0.17114879899653326,0.02905375654598147,585
11,0.003501009941101074,0.0005008941489058655,0.0030002593994140625,0.0004470754096373957,KernelRidge(),1,2,30,sigmoid,,,,,,,,,,,,,,"{'estimator': KernelRidge(), 'estimator__alpha': 1, 'estimator__degree': 2, 'estimator__gamma': 30, 'estimator__kernel': 'sigmoid'}",0.03574723092308316,0.05839689192608486,0.037998491766484385,0.040187632590493176,0.0616332409702445,0.06296673968568825,0.058772792474148544,0.04641716698591282,0.03447250318456328,0.02762919852929909,0.04642218890360021,0.012332006250264978,579,0.11108353341408006,0.24980742533459077,0.031894535837582394,0.017904277414595215,0.0333396708555449,0.05407079691711858,0.04198816250559423,0.001978904097481804,0.0016100064017068316,0.3056302011434999,0.08493075139217947,0.10156934525207256,591,0.1663560079932209,0.20562237774387207,0.17227371208473793,0.17206135222508614,0.2258017229508323,0.18975950719955112,0.19769648669546688,0.1876173923335815,0.1706052214337624,0.14193047573730613,0.18297242563974173,0.02231326046547738,616
12,0.003701305389404297,0.0006411912369799037,0.0034999847412109375,0.0005002507580749219,KernelRidge(),1,3,10,polynomial,,,,,,,,,,,,,,"{'estimator': KernelRidge(), 'estimator__alpha': 1, 'estimator__degree': 3, 'estimator__gamma': 10, 'estimator__kernel': 'polynomial'}",0.050788829331723906,0.024956598979294524,0.015162339157936893,0.01964052776204704,0.015427534792263648,0.03997683999120139,0.037145922230377056,0.04824831057313114,0.015547113754215726,0.11248270464158688,0.03793767212137782,0.02804150741962498,567,0.5786014886936979,0.46588008904824063,0.5882485277641627,0.5025291132875251,0.7413427644986792,0.33078288953665713,0.341436579409918,0.04150667720183754,0.548273456571577,4.315420790459157,0.1417035536237933,1.4370234983296768,938,0.1351630315757134,0.10866358455431178,0.09620569236424457,0.11223604021605692,0.09678187748070567,0.16981127610975696,0.1408152525454848,0.15387813484316437,0.08990457162938623,0.15580642809438222,0.12592658894132072,0.027244665030052,569
13,0.0032845735549926758,0.000650226077080676,0.0032004594802856447,0.0005998463436485424,KernelRidge(),1,3,10,sigmoid,,,,,,,,,,,,,,"{'estimator': KernelRidge(), 'estimator__alpha': 1, 'estimator__degree': 3, 'estimator__gamma': 10, 'estimator__kernel': 'sigmoid'}",0.03575518604259501,0.058400170374450736,0.0379993378667788,0.04019131313612044,0.06163460459111743,0.0629682019765954,0.05878020393159651,0.04641911115492732,0.03447393963566013,0.027628547323030127,0.04642506160328719,0.012332458996651792,913,0.11133079179095895,0.24987759052619762,0.031917512704031425,0.01799750119752841,0.03336253325125571,0.0540952758428106,0.04211956090615665,0.002020871681137182,0.0016517429644566928,0.30559942809841756,0.08499728089629507,0.1015587775884195,601,0.1663745161835035,0.20562875395876068,0.17227458896861866,0.17206987416089486,0.2258032741388059,0.18976120285997164,0.19771315605282422,0.18762132997388992,0.17060964983102875,0.14192965150637432,0.18297859976346725,0.022313508971884288,626
14,0.0034003973007202147,0.0004912433016902012,0.0035574913024902345,0.001112441181498521,KernelRidge(),1,3,20,polynomial,,,,,,,,,,,,,,"{'estimator': KernelRidge(), 'estimator__alpha': 1, 'estimator__degree': 3, 'estimator__gamma': 20, 'estimator__kernel': 'polynomial'}",0.04883336260918434,0.027275868304819605,0.01379384568503296,0.020196855481460788,0.016399427789925147,0.042832655171708894,0.036150970212880044,0.048336607129278696,0.01618587996294031,0.11088681125994662,0.03808922836071774,0.02742941069918641,568,0.5178223228828451,0.41624320035798434,0.6254116063857333,0.48843800294504836,0.7250480577057133,0.2829761998749126,0.3590761738693604,0.04341268078433003,0.5297138926494442,4.240006131048571,0.13743340009275498,1.4098606207707107,936,0.12947199190095507,0.10800220625131145,0.08920055418169016,0.11380537794674091,0.10036016241506297,0.17649463832662657,0.14231270754905032,0.15718631563011493,0.09148401476456128,0.15634578171397273,0.12646637506800862,0.02897365778769132,570
15,0.0031875848770141603,0.00037114830951358237,0.0029031991958618163,0.0005466608345524186,KernelRidge(),1,3,20,sigmoid,,,,,,,,,,,,,,"{'estimator': KernelRidge(), 'estimator__alpha': 1, 'estimator__degree': 3, 'estimator__gamma': 20, 'estimator__kernel': 'sigmoid'}",0.03574723562922417,0.05839689268059654,0.03799849196616705,0.040187633092605465,0.061633240862804424,0.06296674002340576,0.05877279673135569,0.0464171671866904,0.03447250328433482,0.027629198060973807,0.04642218995181581,0.01233200639723919,584,0.1110836796887884,0.2498074414826128,0.0318945412602043,0.01790429013249417,0.033339669054210264,0.0540708025705503,0.04198823798200535,0.0019789084315442462,0.0016100093006019556,0.30563017901257794,0.08493077589155898,0.10156934184541402,596,0.16635601922009463,0.2056223791252175,0.17227371209840375,0.17206135351727214,0.22580172215910335,0.1897595070903388,0.19769649705137204,0.18761739268742908,0.17060522210867435,0.14193047477767548,0.18297242798355812,0.0223132603803452,621
16,0.0031005859375,0.00029939039966772976,0.0034010648727416993,0.0004902035859568368,KernelRidge(),1,3,30,polynomial,,,,,,,,,,,,,,"{'estimator': KernelRidge(), 'estimator__alpha': 1, 'estimator__degree': 3, 'estimator__gamma': 30, 'estimator__kernel': 'polynomial'}",0.04816269621096451,0.029131844606448163,0.013392093594856151,0.020309791415677285,0.01687567216879247,0.04387236151372134,0.03579525447375393,0.048228304236824636,0.016444288631624553,0.11175566722804994,0.0383967974080713,0.02755647063258907,571,0.49697689311852167,0.376521686309661,0.6363216653734017,0.4855774719034667,0.7170633695413646,0.26557139063823654,0.3653826904356674,0.04107481269503799,0.5222057431277993,4.2810643105392465,0.1450471999023209,1.4191253860354949,939,0.1264046605040571,0.10920244000052526,0.08860162259192687,0.11397363656828259,0.10212908750321155,0.1788684314692213,0.1440100559722369,0.1579680255630376,0.09192047443044261,0.1576213531383003,0.12706997877412424,0.029473170168388026,573
17,0.004001617431640625,1.983321604069273e-06,0.003713703155517578,0.0004391702999775528,KernelRidge(),1,3,30,sigmoid,,,,,,,,,,,,,,"{'estimator': KernelRidge(), 'estimator__alpha': 1, 'estimator__degree': 3, 'estimator__gamma': 30, 'estimator__kernel': 'sigmoid'}",0.03574723092308316,0.05839689192608486,0.037998491766484385,0.040187632590493176,0.0616332409702445,0.06296673968568825,0.058772792474148544,0.04641716698591282,0.03447250318456328,0.02762919852929909,0.04642218890360021,0.012332006250264978,579,0.11108353341408006,0.24980742533459077,0.031894535837582394,0.017904277414595215,0.0333396708555449,0.05407079691711858,0.04198816250559423,0.001978904097481804,0.0016100064017068316,0.3056302011434999,0.08493075139217947,0.10156934525207256,591,0.1663560079932209,0.20562237774387207,0.17227371208473793,0.17206135222508614,0.2258017229508323,0.18975950719955112,0.19769648669546688,0.1876173923335815,0.1706052214337624,0.14193047573730613,0.18297242563974173,0.02231326046547738,616
18,0.0039013147354125975,0.0002999552671473283,0.0035010814666748048,0.0004992497707376393,KernelRidge(),1,4,10,polynomial,,,,,,,,,,,,,,"{'estimator': KernelRidge(), 'estimator__alpha': 1, 'estimator__degree': 4, 'estimator__gamma': 10, 'estimator__kernel': 'polynomial'}",0.025389823393702056,0.02588297581346658,0.015927330895415582,0.023099840290542836,0.013185645892590473,0.035918980083909244,0.044918371314242284,0.0362265628277819,0.01403282095270943,0.10688339378358294,0.03414657452479433,0.026185887031664357,559,0.2108419600462622,0.4460538173440607,0.5674742612823171,0.41490889799515296,0.77893015567289,0.39871195252464675,0.20363812542923787,0.21799941533666478,0.5922717358520316,4.050822837896466,0.021999251641320196,1.354525828954172,558,0.10322814121922616,0.1154677841928313,0.08944888181095206,0.11346703951619141,0.09033227467250457,0.1561741390537778,0.1381550208776007,0.12141962425724832,0.08637487053954022,0.151479370967982,0.11655471471078546,0.02408557498044946,556
19,0.0030456304550170897,0.0005694757106319056,0.0033496618270874023,0.0007102388649033127,KernelRidge(),1,4,10,sigmoid,,,,,,,,,,,,,,"{'estimator': KernelRidge(), 'estimator__alpha': 1, 'estimator__degree': 4, 'estimator__gamma': 10, 'estimator__kernel': 'sigmoid'}",0.03575518604259501,0.058400170374450736,0.0379993378667788,0.04019131313612044,0.06163460459111743,0.0629682019765954,0.05878020393159651,0.04641911115492732,0.03447393963566013,0.027628547323030127,0.04642506160328719,0.012332458996651792,913,0.11133079179095895,0.24987759052619762,0.031917512704031425,0.01799750119752841,0.03336253325125571,0.0540952758428106,0.04211956090615665,0.002020871681137182,0.0016517429644566928,0.30559942809841756,0.08499728089629507,0.1015587775884195,601,0.1663745161835035,0.20562875395876068,0.17227458896861866,0.17206987416089486,0.2258032741388059,0.18976120285997164,0.19771315605282422,0.18762132997388992,0.17060964983102875,0.14192965150637432,0.18297859976346725,0.022313508971884288,626
20,0.0037006139755249023,0.00045823021610719774,0.003300786018371582,0.0004583859343156252,KernelRidge(),1,4,20,polynomial,,,,,,,,,,,,,,"{'estimator': KernelRidge(), 'estimator__alpha': 1, 'estimator__degree': 4, 'estimator__gamma': 20, 'estimator__kernel': 'polynomial'}",0.028301168949011562,0.031197013525103214,0.01640399451142039,0.023420948900164364,0.014671074908605978,0.038177058902129,0.04460755548799797,0.03784453907480095,0.014775616550658146,0.12204451420266668,0.03714434850125582,0.030004614887479946,564,0.12035248651073649,0.33232304210146857,0.5545298901264656,0.40677560408906377,0.7540255310527149,0.36091144147224485,0.20914860737219532,0.18307315481464903,0.5706895635440534,4.767268401141376,0.12754390800577836,1.557684939525843,934,0.10574096627449585,0.12217747381973051,0.09355442726197215,0.113095697201609,0.09583158402808217,0.16079782832980719,0.13909170260938186,0.12155209742820501,0.0879493739078417,0.16278800680678998,0.12025791576679153,0.02535343634605831,562
21,0.003001117706298828,0.0004475551781214424,0.0026005029678344725,0.0004898925623230928,KernelRidge(),1,4,20,sigmoid,,,,,,,,,,,,,,"{'estimator': KernelRidge(), 'estimator__alpha': 1, 'estimator__degree': 4, 'estimator__gamma': 20, 'estimator__kernel': 'sigmoid'}",0.03574723562922417,0.05839689268059654,0.03799849196616705,0.040187633092605465,0.061633240862804424,0.06296674002340576,0.05877279673135569,0.0464171671866904,0.03447250328433482,0.027629198060973807,0.04642218995181581,0.01233200639723919,584,0.1110836796887884,0.2498074414826128,0.0318945412602043,0.01790429013249417,0.033339669054210264,0.0540708025705503,0.04198823798200535,0.0019789084315442462,0.0016100093006019556,0.30563017901257794,0.08493077589155898,0.10156934184541402,596,0.16635601922009463,0.2056223791252175,0.17227371209840375,0.17206135351727214,0.22580172215910335,0.1897595070903388,0.19769649705137204,0.18761739268742908,0.17060522210867435,0.14193047477767548,0.18297242798355812,0.0223132603803452,621
22,0.0029009580612182617,0.0005385181008371154,0.0026003837585449217,0.0004905251542498316,KernelRidge(),1,4,30,polynomial,,,,,,,,,,,,,,"{'estimator': KernelRidge(), 'estimator__alpha': 1, 'estimator__degree': 4, 'estimator__gamma': 30, 'estimator__kernel': 'polynomial'}",0.0324090036927716,0.035359856317567495,0.01719145420697038,0.023584854195563484,0.01562961682586581,0.03966303908456606,0.04483325365042965,0.0389910691363929,0.015311941720658926,0.13589899402848357,0.039887308285926994,0.0336054141700534,574,0.007325865739781667,0.2432300842243994,0.533145479344481,0.40262408058486177,0.7379546677703392,0.33603595446238643,0.20514718420251143,0.15832371383783606,0.5551064579574991,5.421968075565075,0.22577263189205424,1.7443153956070077,943,0.11631065491950024,0.12713694009617726,0.09652358878492413,0.11285529481764199,0.0990141853388469,0.16394549369027767,0.1402315652057732,0.12077744406897857,0.08892584850462129,0.17192285903087973,0.1237643874457621,0.02639724874310232,566
23,0.002800869941711426,0.0004000909563874637,0.0026005029678344725,0.000489843640612698,KernelRidge(),1,4,30,sigmoid,,,,,,,,,,,,,,"{'estimator': KernelRidge(), 'estimator__alpha': 1, 'estimator__degree': 4, 'estimator__gamma': 30, 'estimator__kernel': 'sigmoid'}",0.03574723092308316,0.05839689192608486,0.037998491766484385,0.040187632590493176,0.0616332409702445,0.06296673968568825,0.058772792474148544,0.04641716698591282,0.03447250318456328,0.02762919852929909,0.04642218890360021,0.012332006250264978,579,0.11108353341408006,0.24980742533459077,0.031894535837582394,0.017904277414595215,0.0333396708555449,0.05407079691711858,0.04198816250559423,0.001978904097481804,0.0016100064017068316,0.3056302011434999,0.08493075139217947,0.10156934525207256,591,0.1663560079932209,0.20562237774387207,0.17227371208473793,0.17206135222508614,0.2258017229508323,0.18975950719955112,0.19769648669546688,0.1876173923335815,0.1706052214337624,0.14193047573730613,0.18297242563974173,0.02231326046547738,616
24,0.00340116024017334,0.0004898355197857728,0.0032595396041870117,0.00040906838541481525,KernelRidge(),1,5,10,polynomial,,,,,,,,,,,,,,"{'estimator': KernelRidge(), 'estimator__alpha': 1, 'estimator__degree': 5, 'estimator__gamma': 10, 'estimator__kernel': 'polynomial'}",0.017902982757948403,0.0381233731005486,0.02111930840471439,0.04157761070981879,0.014834473917581362,0.04344057460651603,0.07310427590402303,0.041487433371708377,0.015918895470656978,0.14888731147711706,0.0456396239720633,0.038356627430707835,577,0.4435454487606777,0.18408543317382242,0.4264798961648424,0.053110747215678655,0.7512859918771868,0.2727995554066236,0.29607233064585636,0.10443623075450459,0.5374712155683327,6.035736857348307,0.3664816163503852,1.9112469443508422,947,0.09988567653549302,0.1389586575399271,0.09908357071644854,0.13724809982204525,0.09691486616730924,0.15761187447009856,0.15561950223757773,0.12056580225201007,0.09429121633337231,0.17413134435603286,0.12743106104303145,0.027847070868982346,576
25,0.0030007362365722656,0.0004470235568848942,0.00260007381439209,0.0004908560554286732,KernelRidge(),1,5,10,sigmoid,,,,,,,,,,,,,,"{'estimator': KernelRidge(), 'estimator__alpha': 1, 'estimator__degree': 5, 'estimator__gamma': 10, 'estimator__kernel': 'sigmoid'}",0.03575518604259501,0.058400170374450736,0.0379993378667788,0.04019131313612044,0.06163460459111743,0.0629682019765954,0.05878020393159651,0.04641911115492732,0.03447393963566013,0.027628547323030127,0.04642506160328719,0.012332458996651792,913,0.11133079179095895,0.24987759052619762,0.031917512704031425,0.01799750119752841,0.03336253325125571,0.0540952758428106,0.04211956090615665,0.002020871681137182,0.0016517429644566928,0.30559942809841756,0.08499728089629507,0.1015587775884195,601,0.1663745161835035,0.20562875395876068,0.17227458896861866,0.17206987416089486,0.2258032741388059,0.18976120285997164,0.19771315605282422,0.18762132997388992,0.17060964983102875,0.14192965150637432,0.18297859976346725,0.022313508971884288,626
26,0.0030004262924194338,0.00044755526512242025,0.0030019521713256837,2.5710544878168887e-06,KernelRidge(),1,5,20,polynomial,,,,,,,,,,,,,,"{'estimator': KernelRidge(), 'estimator__alpha': 1, 'estimator__degree': 5, 'estimator__gamma': 20, 'estimator__kernel': 'polynomial'}",0.0366534905308981,0.05004062153751613,0.02584150875864917,0.04309620038016344,0.018227526295950036,0.04968279993507998,0.07515677005521167,0.04792404312009202,0.01854387268584573,0.21452211116694037,0.05796889444663467,0.054660927281300765,950,0.1392515929040048,0.07096693510857355,0.2982428921200255,0.0915747925311301,0.6943982544701628,0.16830395249848784,0.33246118540533076,0.03450691464999478,0.46120163249706636,9.137338832163582,0.8183953521176873,2.788367923291939,951,0.128946102491392,0.15384269367487685,0.11175033162698415,0.13839479034890345,0.10608502539397095,0.16750659923367917,0.15928764071920654,0.12530354279748462,0.09892567740471404,0.20541561637310743,0.1395458020064319,0.030941083701490794,580
27,0.002700471878051758,0.00045803999508154736,0.00279998779296875,0.00040066328406134817,KernelRidge(),1,5,20,sigmoid,,,,,,,,,,,,,,"{'estimator': KernelRidge(), 'estimator__alpha': 1, 'estimator__degree': 5, 'estimator__gamma': 20, 'estimator__kernel': 'sigmoid'}",0.03574723562922417,0.05839689268059654,0.03799849196616705,0.040187633092605465,0.061633240862804424,0.06296674002340576,0.05877279673135569,0.0464171671866904,0.03447250328433482,0.027629198060973807,0.04642218995181581,0.01233200639723919,584,0.1110836796887884,0.2498074414826128,0.0318945412602043,0.01790429013249417,0.033339669054210264,0.0540708025705503,0.04198823798200535,0.0019789084315442462,0.0016100093006019556,0.30563017901257794,0.08493077589155898,0.10156934184541402,596,0.16635601922009463,0.2056223791252175,0.17227371209840375,0.17206135351727214,0.22580172215910335,0.1897595070903388,0.19769649705137204,0.18761739268742908,0.17060522210867435,0.14193047477767548,0.18297242798355812,0.0223132603803452,621
28,0.0030005693435668944,0.00044744907323902757,0.0029007673263549806,0.0003003063116938139,KernelRidge(),1,5,30,polynomial,,,,,,,,,,,,,,"{'estimator': KernelRidge(), 'estimator__alpha': 1, 'estimator__degree': 5, 'estimator__gamma': 30, 'estimator__kernel': 'polynomial'}",0.05197942096914609,0.05868013255240737,0.029880969035296967,0.043524393727162054,0.020312627751105133,0.053653670195289056,0.0766256070736341,0.052617654386061,0.020348679460006285,0.26127970937207523,0.06689028645221833,0.06693424741734151,954,0.6156070616905727,0.2558693273683901,0.18854651225259156,0.10242041371791943,0.6594395533301303,0.10183110666708128,0.35850232997948694,0.13582502124539464,0.40876237344638366,11.346890161885266,1.1456534770190845,3.418720045295802,954,0.14453912878568947,0.1635626280747146,0.11984225778868682,0.13817429719892071,0.11053090108955005,0.17319823299507545,0.16301193892590335,0.13127246316475064,0.10169194569823976,0.22454777785228788,0.1470371571573819,0.034179462468264324,583
29,0.002800583839416504,0.0003999479765677739,0.0027005910873413087,0.00045821978587172934,KernelRidge(),1,5,30,sigmoid,,,,,,,,,,,,,,"{'estimator': KernelRidge(), 'estimator__alpha': 1, 'estimator__degree': 5, 'estimator__gamma': 30, 'estimator__kernel': 'sigmoid'}",0.03574723092308316,0.05839689192608486,0.037998491766484385,0.040187632590493176,0.0616332409702445,0.06296673968568825,0.058772792474148544,0.04641716698591282,0.03447250318456328,0.02762919852929909,0.04642218890360021,0.012332006250264978,579,0.11108353341408006,0.24980742533459077,0.031894535837582394,0.017904277414595215,0.0333396708555449,0.05407079691711858,0.04198816250559423,0.001978904097481804,0.0016100064017068316,0.3056302011434999,0.08493075139217947,0.10156934525207256,591,0.1663560079932209,0.20562237774387207,0.17227371208473793,0.17206135222508614,0.2258017229508323,0.18975950719955112,0.19769648669546688,0.1876173923335815,0.1706052214337624,0.14193047573730613,0.18297242563974173,0.02231326046547738,616
30,0.0028011322021484373,0.0006006005715037682,0.0027002811431884764,0.00045874572009882333,KernelRidge(),5,1,10,polynomial,,,,,,,,,,,,,,"{'estimator': KernelRidge(), 'estimator__alpha': 5, 'estimator__degree': 1, 'estimator__gamma': 10, 'estimator__kernel': 'polynomial'}",0.01643277573360425,0.01186452069278627,0.007280375615128849,0.011255341520999326,0.012586951440062924,0.02633905886787498,0.02023115609334964,0.02865854446443116,0.007082585761896983,0.007759854838184617,0.0149491165028319,0.007408753564245709,158,0.4892419341464501,0.746076108320131,0.8022926840816635,0.7149157703632049,0.7889678353207368,0.5590809860968837,0.6413200007070339,0.38136558432757206,0.7942131230698979,0.6333045700735944,0.6550778596507169,0.13532085089426463,173,0.08880796497805282,0.09129443161361252,0.07068396152010523,0.07945476108935971,0.09137523748333531,0.12772485742466297,0.09969847174826378,0.11833477403768457,0.0633880844521029,0.06344211223071775,0.08942046565778974,0.020541520581876475,180
31,0.0037008047103881834,0.00045825154971478326,0.0036010503768920898,0.0004898145289480408,KernelRidge(),5,1,10,sigmoid,,,,,,,,,,,,,,"{'estimator': KernelRidge(), 'estimator__alpha': 5, 'estimator__degree': 1, 'estimator__gamma': 10, 'estimator__kernel': 'sigmoid'}",0.03488415874453249,0.060017237726326916,0.03856587443660782,0.039840592533679484,0.06100699122455367,0.06385746932058696,0.0595468483312268,0.04633003943400551,0.03441737921689484,0.026446757100605657,0.04649133480690202,0.012864861983603084,928,0.08425781122600862,0.28448598691481175,0.047302491517173806,0.009114171217883715,0.0228400006143199,0.06898171815557008,0.05571146892409451,9.813509227152295e-05,8.36124952074968e-06,0.24975339969563026,0.08225535446072849,0.09667134898561287,571,0.16249516354155655,0.20834332149626397,0.17227388163675253,0.17110847579969815,0.22291922402984912,0.1892693370287181,0.19917550399710676,0.1871159053678822,0.17110793943794256,0.13978477370724673,0.1823593526043017,0.022881213829627458,611
32,0.0029006719589233397,0.0005363030153454245,0.0032003641128540037,0.00040105725763848327,KernelRidge(),5,1,20,polynomial,,,,,,,,,,,,,,"{'estimator': KernelRidge(), 'estimator__alpha': 5, 'estimator__degree': 1, 'estimator__gamma': 20, 'estimator__kernel': 'polynomial'}",0.01693263071027997,0.01202942327778083,0.00737267829116015,0.011796862402526781,0.012612223471222667,0.025938463950246852,0.02026016818550788,0.03048674538930663,0.007321636065791475,0.00908094302605143,0.015383177476987467,0.007525821518325835,205,0.4737056081335492,0.7425468712599819,0.7997860944089676,0.7011996993710928,0.7885441257778123,0.5657869932075108,0.6408056426967061,0.34190133266971734,0.7872674372538093,0.5708759536725886,0.6412419758451736,0.14502878464688598,209,0.08965132405593265,0.09233254178761555,0.07022304532244489,0.08090330683251393,0.09096770740631087,0.1262770669540936,0.10070646580126166,0.12100897058461335,0.06453456232585746,0.06681993518628822,0.09034249262569322,0.02014253635670145,212
33,0.002900528907775879,0.0005386158551366406,0.002901124954223633,0.0008305054304465173,KernelRidge(),5,1,20,sigmoid,,,,,,,,,,,,,,"{'estimator': KernelRidge(), 'estimator__alpha': 5, 'estimator__degree': 1, 'estimator__gamma': 20, 'estimator__kernel': 'sigmoid'}",0.03488267319638284,0.06001660757211917,0.03856569527475722,0.039839896530381655,0.061006723947641534,0.06385717661581941,0.0595454683355799,0.04632965885322833,0.03441709854854294,0.02644685644245091,0.04649078553169039,0.012864778416076597,923,0.08421163791287212,0.2844725003852726,0.04729762616262767,0.009096542293553389,0.022835519463692888,0.06897681824255053,0.05568700285624484,8.991972854288655e-05,2.0633752506604708e-07,0.24975809413920103,0.0822425867522083,0.09667316254555385,566,0.16249147625988583,0.2083421102753777,0.17227371208738512,0.17110683168568705,0.22291892338025687,0.18926900534248609,0.1991723272419617,0.18711514735827953,0.1711070898197953,0.13978472476854437,0.18235813482196597,0.02288122308572393,606
34,0.0022990942001342774,0.00045971863312587656,0.002700543403625488,0.0006403145814834367,KernelRidge(),5,1,30,polynomial,,,,,,,,,,,,,,"{'estimator': KernelRidge(), 'estimator__alpha': 5, 'estimator__degree': 1, 'estimator__gamma': 30, 'estimator__kernel': 'polynomial'}",0.017110741532313664,0.012136380990951354,0.007413275306207565,0.012053763997398504,0.01263330596995156,0.025783672314114128,0.020289542847243394,0.03126681498509888,0.007428892194415668,0.009812349357646221,0.015592873949534094,0.007576872717028415,214,0.4681696268456478,0.7402577675130473,0.7986836338624759,0.6946926917312246,0.7881906577148907,0.5683782238170195,0.6402848566574946,0.32506244892334624,0.7841510748851489,0.536313018565185,0.634418400051548,0.15008129639581516,245,0.09038757253370228,0.09276836288480624,0.06999479655799934,0.08191328369908546,0.09081817262255167,0.1256491441208899,0.10112772068894131,0.12201339370373042,0.06499489134036766,0.06861403100050119,0.09082813691525754,0.019923324621144427,229
35,0.003101086616516113,0.0007005801361147618,0.0030002355575561523,0.000632636118006557,KernelRidge(),5,1,30,sigmoid,,,,,,,,,,,,,,"{'estimator': KernelRidge(), 'estimator__alpha': 5, 'estimator__degree': 1, 'estimator__gamma': 30, 'estimator__kernel': 'sigmoid'}",0.03488267232158136,0.06001660742379821,0.03856569522942759,0.03983989643036328,0.06100672395966992,0.06385717654495161,0.05954546754465992,0.04632965880802985,0.03441709852281216,0.02644685652164547,0.04649078533069394,0.012864778389044167,918,0.08421161072258387,0.2844724972109147,0.04729762493164724,0.009096539760208522,0.022835519665360238,0.06897681705621483,0.055686988833952844,8.99187528708989e-05,2.0558990865282567e-07,0.24975809788157566,0.08224258204052375,0.09667316324637382,561,0.16249147408403875,0.208342110014678,0.17227371208473768,0.17110683143423613,0.2229189235272939,0.18926900536246985,0.1991723252508077,0.18711514728911902,0.17110708969065114,0.13978472487383387,0.18235813436118659,0.02288122312318924,601
36,0.0025008678436279296,0.0005000600644755165,0.002800273895263672,0.0004000314042511854,KernelRidge(),5,2,10,polynomial,,,,,,,,,,,,,,"{'estimator': KernelRidge(), 'estimator__alpha': 5, 'estimator__degree': 2, 'estimator__gamma': 10, 'estimator__kernel': 'polynomial'}",0.020900649163928847,0.011199358674289762,0.006863325128534723,0.013714800243873303,0.01326451471676517,0.021650634267595593,0.019330738233129356,0.02523429619079502,0.011050127919193126,0.06426931585998256,0.020747776039808746,0.015493729020611777,524,0.35037297927569944,0.7603118733128933,0.8136181893393344,0.6526206463968758,0.7776078451221144,0.6375657778992068,0.6572835905274569,0.4552827308353915,0.6789348705945178,2.0370754223884058,0.3746523080915084,0.8152408917722915,551,0.10372334248683207,0.08782403479781002,0.06501341426155377,0.08995694378474767,0.08885881578908511,0.11191763174872268,0.10913727619449388,0.09519901486080132,0.0806113439883812,0.13363228325059426,0.0965874101163022,0.018028670321957884,475
37,0.0032003164291381837,0.0003999961291500375,0.0034012794494628906,0.0006636154996829502,KernelRidge(),5,2,10,sigmoid,,,,,,,,,,,,,,"{'estimator': KernelRidge(), 'estimator__alpha': 5, 'estimator__degree': 2, 'estimator__gamma': 10, 'estimator__kernel': 'sigmoid'}",0.03488415874453249,0.060017237726326916,0.03856587443660782,0.039840592533679484,0.06100699122455367,0.06385746932058696,0.0595468483312268,0.04633003943400551,0.03441737921689484,0.026446757100605657,0.04649133480690202,0.012864861983603084,928,0.08425781122600862,0.28448598691481175,0.047302491517173806,0.009114171217883715,0.0228400006143199,0.06898171815557008,0.05571146892409451,9.813509227152295e-05,8.36124952074968e-06,0.24975339969563026,0.08225535446072849,0.09667134898561287,571,0.16249516354155655,0.20834332149626397,0.17227388163675253,0.17110847579969815,0.22291922402984912,0.1892693370287181,0.19917550399710676,0.1871159053678822,0.17110793943794256,0.13978477370724673,0.1823593526043017,0.022881213829627458,611
38,0.0029007673263549806,0.0006995786816734868,0.0029004812240600586,0.000700593513961114,KernelRidge(),5,2,20,polynomial,,,,,,,,,,,,,,"{'estimator': KernelRidge(), 'estimator__alpha': 5, 'estimator__degree': 2, 'estimator__gamma': 20, 'estimator__kernel': 'polynomial'}",0.0349149761834745,0.013274566462642468,0.014727830989926216,0.017097779539082782,0.014265116981488118,0.02511256643782095,0.0277552579116162,0.03934003928260402,0.012905249048152507,0.11009110274479354,0.03094844855816013,0.02786605822604621,553,0.0852156686059029,0.7158983777063427,0.6000481172610933,0.566933859865107,0.7608318002701927,0.5796126169167928,0.5079245178980616,0.15079070940502626,0.6250337112877866,4.202404567340916,0.021945347466358366,1.4297846066762925,553,0.1308849965938536,0.09614365974608663,0.0866464036501085,0.10332955492667673,0.09896692063305373,0.12685595702058144,0.1275554573913776,0.13530544928905897,0.0857769179209454,0.16724402528193166,0.11587093424536743,0.02468083460906212,553
39,0.0030008792877197266,0.0006329771188104623,0.003000187873840332,0.000632637507112025,KernelRidge(),5,2,20,sigmoid,,,,,,,,,,,,,,"{'estimator': KernelRidge(), 'estimator__alpha': 5, 'estimator__degree': 2, 'estimator__gamma': 20, 'estimator__kernel': 'sigmoid'}",0.03488267319638284,0.06001660757211917,0.03856569527475722,0.039839896530381655,0.061006723947641534,0.06385717661581941,0.0595454683355799,0.04632965885322833,0.03441709854854294,0.02644685644245091,0.04649078553169039,0.012864778416076597,923,0.08421163791287212,0.2844725003852726,0.04729762616262767,0.009096542293553389,0.022835519463692888,0.06897681824255053,0.05568700285624484,8.991972854288655e-05,2.0633752506604708e-07,0.24975809413920103,0.0822425867522083,0.09667316254555385,566,0.16249147625988583,0.2083421102753777,0.17227371208738512,0.17110683168568705,0.22291892338025687,0.18926900534248609,0.1991723272419617,0.18711514735827953,0.1711070898197953,0.13978472476854437,0.18235813482196597,0.02288122308572393,606
40,0.00280146598815918,0.0005994442205749748,0.00299990177154541,0.0006329028655556871,KernelRidge(),5,2,30,polynomial,,,,,,,,,,,,,,"{'estimator': KernelRidge(), 'estimator__alpha': 5, 'estimator__degree': 2, 'estimator__gamma': 30, 'estimator__kernel': 'polynomial'}",0.05253068551333756,0.014971090340484541,0.023412791996069344,0.02176655217284655,0.01724261528125974,0.03069837015359528,0.03366788474593149,0.05614392939671987,0.014945803885817831,0.11370349562083985,0.037908321910690206,0.028831174692629122,566,0.6327412827697962,0.6795894566345118,0.3641976034755372,0.448679478408744,0.7109112206507571,0.4861055907709384,0.4030990210769032,0.21194455632599585,0.5657447141101106,4.373109817164221,0.1559468571132511,1.4610346192364618,940,0.15582749288044515,0.1019733934551164,0.1041769769322386,0.11833423615207542,0.11726991606616599,0.14050233521477187,0.14117239268805074,0.1615893995517182,0.0904145361723663,0.17900039694748832,0.13102610760604366,0.02758270130540761,577
41,0.0034016847610473635,0.0009172710503369442,0.003300023078918457,0.0004578980364149853,KernelRidge(),5,2,30,sigmoid,,,,,,,,,,,,,,"{'estimator': KernelRidge(), 'estimator__alpha': 5, 'estimator__degree': 2, 'estimator__gamma': 30, 'estimator__kernel': 'sigmoid'}",0.03488267232158136,0.06001660742379821,0.03856569522942759,0.03983989643036328,0.06100672395966992,0.06385717654495161,0.05954546754465992,0.04632965880802985,0.03441709852281216,0.02644685652164547,0.04649078533069394,0.012864778389044167,918,0.08421161072258387,0.2844724972109147,0.04729762493164724,0.009096539760208522,0.022835519665360238,0.06897681705621483,0.055686988833952844,8.99187528708989e-05,2.0558990865282567e-07,0.24975809788157566,0.08224258204052375,0.09667316324637382,561,0.16249147408403875,0.208342110014678,0.17227371208473768,0.17110683143423613,0.2229189235272939,0.18926900536246985,0.1991723252508077,0.18711514728911902,0.17110708969065114,0.13978472487383387,0.18235813436118659,0.02288122312318924,601
42,0.0031005144119262695,0.0002998124818420777,0.0031009674072265624,0.0002995822032601305,KernelRidge(),5,3,10,polynomial,,,,,,,,,,,,,,"{'estimator': KernelRidge(), 'estimator__alpha': 5, 'estimator__degree': 3, 'estimator__gamma': 10, 'estimator__kernel': 'polynomial'}",0.04557460378727371,0.023605241980071683,0.013628660480451488,0.017738469133689365,0.01458902835400074,0.03507237925366982,0.03599676212073279,0.04541427281283016,0.014657137508922082,0.1058660204762066,0.03521425759078485,0.026377617066079776,560,0.41653466582813525,0.4948017654628746,0.6298974083764106,0.5507059649430424,0.7554011192644647,0.4128841522646308,0.36181014310607273,0.019669957083039646,0.5741320113731645,4.002746404751321,0.06199785487057561,1.3529207067687214,560,0.12886611221014407,0.10586093079407176,0.09398779728234433,0.10800506852262927,0.09528943335421623,0.158117161229304,0.13668214035159362,0.14676647496905296,0.08629215669044711,0.15031097654455045,0.1210178251948354,0.024903647697903715,563
43,0.0033006906509399415,0.0006405381291771743,0.0031002283096313475,0.0005386154013312025,KernelRidge(),5,3,10,sigmoid,,,,,,,,,,,,,,"{'estimator': KernelRidge(), 'estimator__alpha': 5, 'estimator__degree': 3, 'estimator__gamma': 10, 'estimator__kernel': 'sigmoid'}",0.03488415874453249,0.060017237726326916,0.03856587443660782,0.039840592533679484,0.06100699122455367,0.06385746932058696,0.0595468483312268,0.04633003943400551,0.03441737921689484,0.026446757100605657,0.04649133480690202,0.012864861983603084,928,0.08425781122600862,0.28448598691481175,0.047302491517173806,0.009114171217883715,0.0228400006143199,0.06898171815557008,0.05571146892409451,9.813509227152295e-05,8.36124952074968e-06,0.24975339969563026,0.08225535446072849,0.09667134898561287,571,0.16249516354155655,0.20834332149626397,0.17227388163675253,0.17110847579969815,0.22291922402984912,0.1892693370287181,0.19917550399710676,0.1871159053678822,0.17110793943794256,0.13978477370724673,0.1823593526043017,0.022881213829627458,611
44,0.0034006595611572265,0.0004896591092287684,0.0031013965606689455,0.0005393286782298866,KernelRidge(),5,3,20,polynomial,,,,,,,,,,,,,,"{'estimator': KernelRidge(), 'estimator__alpha': 5, 'estimator__degree': 3, 'estimator__gamma': 20, 'estimator__kernel': 'polynomial'}",0.048003303876755866,0.027148720230841895,0.013598881237504575,0.01987493807118415,0.016242181995448565,0.04191183055858346,0.03603167209641091,0.04794271581330267,0.016036877121450143,0.10962284907752523,0.03764139700790074,0.02710002051379903,565,0.4920227136389217,0.4189644172195851,0.6307060993704412,0.4965917827965227,0.727684432411147,0.29839091466915246,0.3611912209844813,0.034909990621551534,0.5340432195979343,4.180277029724021,0.123963764693523,1.3935027358751702,931,0.12866587502404403,0.10760459344348916,0.08922617327501867,0.11318718926890094,0.10012647313497054,0.17453190346822345,0.1417472388068072,0.15606293813341868,0.0908975569444013,0.1553235541089374,0.1257373495608211,0.028512950794874103,568
45,0.0033026933670043945,0.00046064404741647354,0.0031989097595214845,0.0003968424329751487,KernelRidge(),5,3,20,sigmoid,,,,,,,,,,,,,,"{'estimator': KernelRidge(), 'estimator__alpha': 5, 'estimator__degree': 3, 'estimator__gamma': 20, 'estimator__kernel': 'sigmoid'}",0.03488267319638284,0.06001660757211917,0.03856569527475722,0.039839896530381655,0.061006723947641534,0.06385717661581941,0.0595454683355799,0.04632965885322833,0.03441709854854294,0.02644685644245091,0.04649078553169039,0.012864778416076597,923,0.08421163791287212,0.2844725003852726,0.04729762616262767,0.009096542293553389,0.022835519463692888,0.06897681824255053,0.05568700285624484,8.991972854288655e-05,2.0633752506604708e-07,0.24975809413920103,0.0822425867522083,0.09667316254555385,566,0.16249147625988583,0.2083421102753777,0.17227371208738512,0.17110683168568705,0.22291892338025687,0.18926900534248609,0.1991723272419617,0.18711514735827953,0.1711070898197953,0.13978472476854437,0.18235813482196597,0.02288122308572393,606
46,0.0032009124755859376,0.0003996384597547967,0.003200674057006836,0.00039963739297506107,KernelRidge(),5,3,30,polynomial,,,,,,,,,,,,,,"{'estimator': KernelRidge(), 'estimator__alpha': 5, 'estimator__degree': 3, 'estimator__gamma': 30, 'estimator__kernel': 'polynomial'}",0.047912877875673096,0.02909304945403999,0.01333928407103048,0.020208186888306348,0.016825808083981972,0.04357666551571457,0.035755481109198455,0.048112801389607655,0.01639959891275818,0.11139292605189434,0.038261667935220504,0.02746172769293588,570,0.48921212277073023,0.3773519782643783,0.6377557712166226,0.48815099207245594,0.7178993881601239,0.27052137721559544,0.36608783601928163,0.038581523599869216,0.5235042177224694,4.263922813138052,0.14104448988377244,1.4144601782004957,937,0.12615282808139916,0.10916081989495266,0.08871741791387038,0.11376653045773279,0.10205907752719943,0.17825918703316238,0.14384272828533035,0.15760771396818093,0.0917481850104367,0.15732626700037008,0.12686407551726347,0.029311920014765035,572
47,0.0031013727188110352,0.0005389346001673013,0.003300166130065918,0.0004583760160666433,KernelRidge(),5,3,30,sigmoid,,,,,,,,,,,,,,"{'estimator': KernelRidge(), 'estimator__alpha': 5, 'estimator__degree': 3, 'estimator__gamma': 30, 'estimator__kernel': 'sigmoid'}",0.03488267232158136,0.06001660742379821,0.03856569522942759,0.03983989643036328,0.06100672395966992,0.06385717654495161,0.05954546754465992,0.04632965880802985,0.03441709852281216,0.02644685652164547,0.04649078533069394,0.012864778389044167,918,0.08421161072258387,0.2844724972109147,0.04729762493164724,0.009096539760208522,0.022835519665360238,0.06897681705621483,0.055686988833952844,8.99187528708989e-05,2.0558990865282567e-07,0.24975809788157566,0.08224258204052375,0.09667316324637382,561,0.16249147408403875,0.208342110014678,0.17227371208473768,0.17110683143423613,0.2229189235272939,0.18926900536246985,0.1991723252508077,0.18711514728911902,0.17110708969065114,0.13978472487383387,0.18235813436118659,0.02288122312318924,601
48,0.00360107421875,0.0008004312376243564,0.0034006595611572265,0.0004903397925313897,KernelRidge(),5,4,10,polynomial,,,,,,,,,,,,,,"{'estimator': KernelRidge(), 'estimator__alpha': 5, 'estimator__degree': 4, 'estimator__gamma': 10, 'estimator__kernel': 'polynomial'}",0.025343860631978056,0.025926216306598,0.015936333785559545,0.023060381134320445,0.013163090741155545,0.03583940136815073,0.04491751098647938,0.03614618476296218,0.01402789918308864,0.10684643844463614,0.034120731734492864,0.02617782843083542,558,0.21227055930788497,0.4451283864245662,0.5672297770221684,0.4159083508445214,0.7793083141534918,0.4000441097993592,0.20365337825809093,0.21973448730531786,0.5924147394997503,4.0490764967359985,0.021338439412084752,1.3541220232573143,557,0.10324276106264202,0.11554034664943463,0.08949122748385199,0.11340685087270336,0.09011653319240917,0.15595367868923662,0.13813987491836469,0.12117262680948175,0.08632475518837901,0.1513114153429658,0.1164700070209469,0.024043471953247346,555
49,0.002901148796081543,0.0005393941914237631,0.002700471878051758,0.00045829755723701394,KernelRidge(),5,4,10,sigmoid,,,,,,,,,,,,,,"{'estimator': KernelRidge(), 'estimator__alpha': 5, 'estimator__degree': 4, 'estimator__gamma': 10, 'estimator__kernel': 'sigmoid'}",0.03488415874453249,0.060017237726326916,0.03856587443660782,0.039840592533679484,0.06100699122455367,0.06385746932058696,0.0595468483312268,0.04633003943400551,0.03441737921689484,0.026446757100605657,0.04649133480690202,0.012864861983603084,928,0.08425781122600862,0.28448598691481175,0.047302491517173806,0.009114171217883715,0.0228400006143199,0.06898171815557008,0.05571146892409451,9.813509227152295e-05,8.36124952074968e-06,0.24975339969563026,0.08225535446072849,0.09667134898561287,571,0.16249516354155655,0.20834332149626397,0.17227388163675253,0.17110847579969815,0.22291922402984912,0.1892693370287181,0.19917550399710676,0.1871159053678822,0.17110793943794256,0.13978477370724673,0.1823593526043017,0.022881213829627458,611
50,0.002902102470397949,0.00030070600448153323,0.002298402786254883,0.0006372212324407488,KernelRidge(),5,4,20,polynomial,,,,,,,,,,,,,,"{'estimator': KernelRidge(), 'estimator__alpha': 5, 'estimator__degree': 4, 'estimator__gamma': 20, 'estimator__kernel': 'polynomial'}",0.028294087513374033,0.031198934465527788,0.016405729507300633,0.023418649892278758,0.014669429735674887,0.038171237278780044,0.04460756378338325,0.037836930077437006,0.014775469586778844,0.12204136691296771,0.03714193987535029,0.030003976960451383,563,0.12057258933623138,0.33228193022843777,0.5544827742361949,0.4068338351867852,0.7540531139353989,0.36100889614741816,0.20914846030255807,0.18323740557218282,0.5706938336282796,4.767119674551339,0.12748068359778525,1.557650945820156,933,0.10572550027505936,0.12217903966910126,0.09356140554937166,0.11309208595740967,0.09581590863224196,0.16078252883441768,0.1390910909326197,0.12153087110008286,0.08794672841123011,0.1627772453735797,0.1202502404735114,0.02535114415624533,561
51,0.0027008295059204102,0.0004586362029664188,0.0025006532669067383,0.0005004179052275818,KernelRidge(),5,4,20,sigmoid,,,,,,,,,,,,,,"{'estimator': KernelRidge(), 'estimator__alpha': 5, 'estimator__degree': 4, 'estimator__gamma': 20, 'estimator__kernel': 'sigmoid'}",0.03488267319638284,0.06001660757211917,0.03856569527475722,0.039839896530381655,0.061006723947641534,0.06385717661581941,0.0595454683355799,0.04632965885322833,0.03441709854854294,0.02644685644245091,0.04649078553169039,0.012864778416076597,923,0.08421163791287212,0.2844725003852726,0.04729762616262767,0.009096542293553389,0.022835519463692888,0.06897681824255053,0.05568700285624484,8.991972854288655e-05,2.0633752506604708e-07,0.24975809413920103,0.0822425867522083,0.09667316254555385,566,0.16249147625988583,0.2083421102753777,0.17227371208738512,0.17110683168568705,0.22291892338025687,0.18926900534248609,0.1991723272419617,0.18711514735827953,0.1711070898197953,0.13978472476854437,0.18235813482196597,0.02288122308572393,606
52,0.0027008533477783205,0.0004582869846541211,0.002800393104553223,0.0006001157236518795,KernelRidge(),5,4,30,polynomial,,,,,,,,,,,,,,"{'estimator': KernelRidge(), 'estimator__alpha': 5, 'estimator__degree': 4, 'estimator__gamma': 30, 'estimator__kernel': 'polynomial'}",0.03240684670480106,0.035359893714969406,0.01719192285477513,0.02358441454498161,0.015629271118191096,0.039661780315894374,0.0448331545843829,0.03898914669237511,0.015311923965695478,0.13589765431768733,0.03988660088137534,0.033605099355506964,573,0.00725882295761493,0.24322928384703246,0.5331327526522762,0.40263521640399347,0.7379604638869992,0.336057026401374,0.20514894055342936,0.15836521245731694,0.5551069738338472,5.42190476692894,0.2257527719850286,1.7442991812618656,942,0.11630706440494043,0.12713695956260135,0.09652505766719538,0.1128545542057133,0.09901054191024991,0.16394244311414635,0.14023142059665977,0.12077261021128301,0.08892538158935125,0.1719203245472456,0.12376263578093863,0.026396751641315067,565
53,0.0031005859375,0.0005388589106266864,0.002900528907775879,0.0005387482128092201,KernelRidge(),5,4,30,sigmoid,,,,,,,,,,,,,,"{'estimator': KernelRidge(), 'estimator__alpha': 5, 'estimator__degree': 4, 'estimator__gamma': 30, 'estimator__kernel': 'sigmoid'}",0.03488267232158136,0.06001660742379821,0.03856569522942759,0.03983989643036328,0.06100672395966992,0.06385717654495161,0.05954546754465992,0.04632965880802985,0.03441709852281216,0.02644685652164547,0.04649078533069394,0.012864778389044167,918,0.08421161072258387,0.2844724972109147,0.04729762493164724,0.009096539760208522,0.022835519665360238,0.06897681705621483,0.055686988833952844,8.99187528708989e-05,2.0558990865282567e-07,0.24975809788157566,0.08224258204052375,0.09667316324637382,561,0.16249147408403875,0.208342110014678,0.17227371208473768,0.17110683143423613,0.2229189235272939,0.18926900536246985,0.1991723252508077,0.18711514728911902,0.17110708969065114,0.13978472487383387,0.18235813436118659,0.02288122312318924,601
54,0.0033011674880981446,0.0004589685642637479,0.003600287437438965,0.0006635719077509002,KernelRidge(),5,5,10,polynomial,,,,,,,,,,,,,,"{'estimator': KernelRidge(), 'estimator__alpha': 5, 'estimator__degree': 5, 'estimator__gamma': 10, 'estimator__kernel': 'polynomial'}",0.017899416304868267,0.0381219350803822,0.021122065201237723,0.04157220513433142,0.014833276129075682,0.043438554010329145,0.07310969227953042,0.04148105299318649,0.01591887212656318,0.14888695990982623,0.04563840291693307,0.03835726651779792,576,0.4436563000682534,0.1841162096111031,0.4264050320548054,0.05297383050633808,0.7513060739361656,0.2728333804298594,0.2961683580579426,0.10457396007092379,0.5374718938387156,6.035720243877882,0.3664499582432336,1.9112521191360645,946,0.09988331188015478,0.13895293288662602,0.09909658696873785,0.13724595733982403,0.09690388406297326,0.1576034065550695,0.15562347703867604,0.12054597902072607,0.09428864533617368,0.17412259084174433,0.12742667719307058,0.02784568323627274,575
55,0.0031007766723632813,0.0003002014135071038,0.003600454330444336,0.0004896684890282392,KernelRidge(),5,5,10,sigmoid,,,,,,,,,,,,,,"{'estimator': KernelRidge(), 'estimator__alpha': 5, 'estimator__degree': 5, 'estimator__gamma': 10, 'estimator__kernel': 'sigmoid'}",0.03488415874453249,0.060017237726326916,0.03856587443660782,0.039840592533679484,0.06100699122455367,0.06385746932058696,0.0595468483312268,0.04633003943400551,0.03441737921689484,0.026446757100605657,0.04649133480690202,0.012864861983603084,928,0.08425781122600862,0.28448598691481175,0.047302491517173806,0.009114171217883715,0.0228400006143199,0.06898171815557008,0.05571146892409451,9.813509227152295e-05,8.36124952074968e-06,0.24975339969563026,0.08225535446072849,0.09667134898561287,571,0.16249516354155655,0.20834332149626397,0.17227388163675253,0.17110847579969815,0.22291922402984912,0.1892693370287181,0.19917550399710676,0.1871159053678822,0.17110793943794256,0.13978477370724673,0.1823593526043017,0.022881213829627458,611
56,0.0032006502151489258,0.0004001862384176048,0.002800583839416504,0.00040018596853692954,KernelRidge(),5,5,20,polynomial,,,,,,,,,,,,,,"{'estimator': KernelRidge(), 'estimator__alpha': 5, 'estimator__degree': 5, 'estimator__gamma': 20, 'estimator__kernel': 'polynomial'}",0.03665316088493347,0.05004042194351496,0.025841618961924072,0.04309597061098773,0.018227468440621643,0.04968268411169309,0.07515703270182164,0.04792363431258431,0.01854385809392974,0.21452172968409036,0.05796875797461011,0.05466085633216504,949,0.13924134695785173,0.07096266340752089,0.29823989941815987,0.09156897275495268,0.6943992244695503,0.16830589139591734,0.33246584189087436,0.03449808997315307,0.4612020564700221,9.137320805019954,0.8183910648250657,2.788363248535294,950,0.12894550672446298,0.15384219838372964,0.11175074182707058,0.13839476847098914,0.10608459193432128,0.1675062585076671,0.15928780727984446,0.12530281405411958,0.09892555173267054,0.20541519942825476,0.139545543834313,0.0309410324514856,579
57,0.0034008026123046875,0.0004897849646682876,0.003000617027282715,0.0006329376045847102,KernelRidge(),5,5,20,sigmoid,,,,,,,,,,,,,,"{'estimator': KernelRidge(), 'estimator__alpha': 5, 'estimator__degree': 5, 'estimator__gamma': 20, 'estimator__kernel': 'sigmoid'}",0.03488267319638284,0.06001660757211917,0.03856569527475722,0.039839896530381655,0.061006723947641534,0.06385717661581941,0.0595454683355799,0.04632965885322833,0.03441709854854294,0.02644685644245091,0.04649078553169039,0.012864778416076597,923,0.08421163791287212,0.2844725003852726,0.04729762616262767,0.009096542293553389,0.022835519463692888,0.06897681824255053,0.05568700285624484,8.991972854288655e-05,2.0633752506604708e-07,0.24975809413920103,0.0822425867522083,0.09667316254555385,566,0.16249147625988583,0.2083421102753777,0.17227371208738512,0.17110683168568705,0.22291892338025687,0.18926900534248609,0.1991723272419617,0.18711514735827953,0.1711070898197953,0.13978472476854437,0.18235813482196597,0.02288122308572393,606
58,0.0029026031494140624,0.00030096676007925903,0.00279850959777832,0.00039912981762297217,KernelRidge(),5,5,30,polynomial,,,,,,,,,,,,,,"{'estimator': KernelRidge(), 'estimator__alpha': 5, 'estimator__degree': 5, 'estimator__gamma': 30, 'estimator__kernel': 'polynomial'}",0.05197935242288361,0.058680082211238896,0.02988098062614619,0.04352435919388333,0.020312617581952498,0.05365364819946169,0.07662564441352765,0.05261757687427775,0.02034867567050568,0.2612795786197451,0.06689025158136223,0.06693421575559483,953,0.6156049311584573,0.255868249969164,0.18854619748920443,0.10241953903160783,0.6594397238256076,0.10183147487987743,0.35850299198184277,0.13582334804608776,0.40876248355157985,11.346883983125107,1.1456523163565997,3.41871833870048,953,0.14453903882548547,0.16356255440420409,0.11984230500283331,0.13817429784804258,0.11053083699674698,0.1731981741413448,0.16301195718212072,0.13127237657312418,0.10169192282481389,0.22454769866412264,0.14703711624628385,0.034179448055144834,582
59,0.0030007362365722656,3.9895058943465975e-07,0.003101158142089844,0.00030134763114212667,KernelRidge(),5,5,30,sigmoid,,,,,,,,,,,,,,"{'estimator': KernelRidge(), 'estimator__alpha': 5, 'estimator__degree': 5, 'estimator__gamma': 30, 'estimator__kernel': 'sigmoid'}",0.03488267232158136,0.06001660742379821,0.03856569522942759,0.03983989643036328,0.06100672395966992,0.06385717654495161,0.05954546754465992,0.04632965880802985,0.03441709852281216,0.02644685652164547,0.04649078533069394,0.012864778389044167,918,0.08421161072258387,0.2844724972109147,0.04729762493164724,0.009096539760208522,0.022835519665360238,0.06897681705621483,0.055686988833952844,8.99187528708989e-05,2.0558990865282567e-07,0.24975809788157566,0.08224258204052375,0.09667316324637382,561,0.16249147408403875,0.208342110014678,0.17227371208473768,0.17110683143423613,0.2229189235272939,0.18926900536246985,0.1991723252508077,0.18711514728911902,0.17110708969065114,0.13978472487383387,0.18235813436118659,0.02288122312318924,601
60,0.002700495719909668,0.0006404042336047866,0.003000950813293457,0.0006327115529807856,KernelRidge(),10,1,10,polynomial,,,,,,,,,,,,,,"{'estimator': KernelRidge(), 'estimator__alpha': 10, 'estimator__degree': 1, 'estimator__gamma': 10, 'estimator__kernel': 'polynomial'}",0.015689569915806452,0.011846946077268255,0.007158922243706518,0.01067118697576262,0.012662636712901902,0.026983884828014382,0.020290723132479725,0.026417980244443685,0.00673525915145476,0.006249979850270202,0.01447070891321085,0.007349452146182613,142,0.5123420100060171,0.7464522393820311,0.8055908957870106,0.7297117006516758,0.7876989000239252,0.548286521954865,0.6402639312736075,0.42973126942818185,0.8043048128623671,0.704654391606845,0.6709036672976526,0.12615958420939577,118,0.08833275021599762,0.08981203553942753,0.07132328157528704,0.0787299722584263,0.09208863808041734,0.12977256605999044,0.0982062240062856,0.1146446669386179,0.061565787547449506,0.05924385125345242,0.08837197734753517,0.02113648522300649,151
61,0.003000783920288086,0.0004470219394095176,0.003000473976135254,0.0004472885359256113,KernelRidge(),10,1,10,sigmoid,,,,,,,,,,,,,,"{'estimator': KernelRidge(), 'estimator__alpha': 10, 'estimator__degree': 1, 'estimator__gamma': 10, 'estimator__kernel': 'sigmoid'}",0.034020569462324214,0.062053595894330835,0.03937420441685456,0.03958072891328329,0.06042194160029562,0.0650419292597405,0.06059315370935012,0.04637206888195627,0.034496963726606086,0.025209945075490868,0.046716510094023236,0.013525647139991308,943,0.05741601659416462,0.3280680248464436,0.06925365986607179,0.002532139042932924,0.01303108943833875,0.08880972002151011,0.07426151176662188,0.0010053989976774869,0.0023207155585358574,0.19130729126382384,0.08280055673961209,0.09866357539027867,586,0.1590883480709367,0.21153699576245388,0.17243621495121653,0.16998653691588578,0.2195332290431693,0.1886928270335432,0.2009079344709509,0.18652537113329135,0.1716971889812163,0.13797017821835875,0.18183748245810225,0.023471690139356877,596
62,0.0027008771896362303,0.00045840737227810155,0.0030004024505615235,0.0007749715593247743,KernelRidge(),10,1,20,polynomial,,,,,,,,,,,,,,"{'estimator': KernelRidge(), 'estimator__alpha': 10, 'estimator__degree': 1, 'estimator__gamma': 20, 'estimator__kernel': 'polynomial'}",0.016545835267490972,0.011896648737778275,0.007236193999273248,0.01129451274166608,0.01262742379306914,0.026348017430996396,0.020185739116882092,0.028759782895803852,0.007044353292996957,0.00733925209882869,0.014927775937478571,0.007473854814948813,157,0.4857278553450096,0.7453885054723064,0.8034924887545974,0.7139236105742832,0.788289277982589,0.5589310186725616,0.6421252023975405,0.3791802124251864,0.7953239801264536,0.6531803416637274,0.6565562493414255,0.136107553001902,163,0.08939819070668176,0.09124764082241392,0.0707135097224863,0.07999431155830156,0.09142629503652205,0.12798994585062023,0.099466372369824,0.11879755304058154,0.06344810939937964,0.06237771190351196,0.08948596404103229,0.020744961376631586,187
63,0.0031005859375,0.0005385484107052026,0.0031007051467895506,0.0005389247340683933,KernelRidge(),10,1,20,sigmoid,,,,,,,,,,,,,,"{'estimator': KernelRidge(), 'estimator__alpha': 10, 'estimator__degree': 1, 'estimator__gamma': 20, 'estimator__kernel': 'sigmoid'}",0.034019886014275275,0.06205329635185404,0.039374110641875355,0.03958040435662365,0.06042181227238586,0.06504178408107494,0.06059252125551572,0.04637188446412643,0.034496828251223195,0.025209978868167383,0.04671625065571218,0.013525609216095781,938,0.05739477388938696,0.32806161405300327,0.06925111329424372,0.0025239184140772863,0.013028921133417581,0.08880728971318441,0.07425029893529267,0.0010014180831356967,0.0023167792763805206,0.1913088881519489,0.0827945014944071,0.09866429452383726,581,0.15908657725410844,0.21153642656265736,0.17243608492424217,0.16998575009004221,0.21953308520996478,0.18869266569477322,0.2009064365140122,0.186525009395372,0.17169678495395868,0.13797014920514233,0.18183689698042735,0.023471700822518024,591
64,0.002599811553955078,0.0004908369582896364,0.003201007843017578,0.0006000204833663094,KernelRidge(),10,1,30,polynomial,,,,,,,,,,,,,,"{'estimator': KernelRidge(), 'estimator__alpha': 10, 'estimator__degree': 1, 'estimator__gamma': 30, 'estimator__kernel': 'polynomial'}",0.016876092267501332,0.011989640332107275,0.007283872460518141,0.011628877119698434,0.012638469596438167,0.02608528170469014,0.020196592972881938,0.029903818630288972,0.0071925350167060965,0.0080135820027398,0.01518087621035703,0.007553232087514633,192,0.47546291719369393,0.7433983039178607,0.8021977230586825,0.7054545640374461,0.7881040846252707,0.5633292463367006,0.6419327734011753,0.35448461495721406,0.7910185110272618,0.6213145788133536,0.6486697317368659,0.14145534645368213,177,0.08994631341117246,0.09192369435568308,0.07042851834167568,0.08061372014505488,0.09114882158285265,0.12709058218623537,0.10012209032649265,0.12052451956230921,0.06420374652267555,0.06390039245929648,0.08999023988934479,0.020573570340899718,195
65,0.0026772737503051756,0.00044822847652675334,0.002800583839416504,0.0004000073244130527,KernelRidge(),10,1,30,sigmoid,,,,,,,,,,,,,,"{'estimator': KernelRidge(), 'estimator__alpha': 10, 'estimator__degree': 1, 'estimator__gamma': 30, 'estimator__kernel': 'sigmoid'}",0.034019885614374065,0.06205329627961151,0.039374110616657035,0.03958040430726446,0.06042181227355749,0.0650417840442377,0.06059252089424039,0.04637188443915119,0.034496828235551336,0.025209978900094222,0.046716250560473946,0.013525609203881886,933,0.0573947614597905,0.32806161250687205,0.06925111260940997,0.002523917163868683,0.01302892115306098,0.08880728909652436,0.07425029253020954,0.0010014175440105078,0.0023167788210296525,0.19130888966066606,0.08279449925454423,0.09866429486867438,576,0.15908657621317157,0.2115364264411871,0.1724360848927399,0.1699857499685007,0.21953308527712342,0.18869266570372137,0.20090643556542342,0.18652500936178465,0.17169678489276893,0.13797014925367232,0.18183689675700931,0.023471700842323015,586
66,0.0025001287460327147,0.0005002755747868635,0.0026011943817138674,0.0004899228429477032,KernelRidge(),10,2,10,polynomial,,,,,,,,,,,,,,"{'estimator': KernelRidge(), 'estimator__alpha': 10, 'estimator__degree': 2, 'estimator__gamma': 10, 'estimator__kernel': 'polynomial'}",0.018020496774142622,0.010292431274766208,0.005375422441005289,0.012833203092349667,0.013226314881739275,0.021629141656097844,0.016759402041474757,0.024131246166494594,0.010452531864911076,0.042254040412648054,0.017497423060562938,0.009814630415889938,385,0.439892917222789,0.7797218891678231,0.8540239681411631,0.6749504392621742,0.7782483015435357,0.637925566801131,0.7028710428287034,0.47909359492472003,0.6962982220329219,0.9967336810218643,0.5046292260903097,0.5152055460215362,523,0.09478485587525531,0.08562114284737384,0.057251663422112214,0.08402425955957407,0.08853420975026616,0.10931234416438936,0.09986586834688098,0.10082537027078532,0.07805733855013047,0.1133755029730013,0.0911652555759769,0.015541346570459086,234
67,0.002700328826904297,0.0004584649297607726,0.002500629425048828,0.0005001550407672183,KernelRidge(),10,2,10,sigmoid,,,,,,,,,,,,,,"{'estimator': KernelRidge(), 'estimator__alpha': 10, 'estimator__degree': 2, 'estimator__gamma': 10, 'estimator__kernel': 'sigmoid'}",0.034020569462324214,0.062053595894330835,0.03937420441685456,0.03958072891328329,0.06042194160029562,0.0650419292597405,0.06059315370935012,0.04637206888195627,0.034496963726606086,0.025209945075490868,0.046716510094023236,0.013525647139991308,943,0.05741601659416462,0.3280680248464436,0.06925365986607179,0.002532139042932924,0.01303108943833875,0.08880972002151011,0.07426151176662188,0.0010053989976774869,0.0023207155585358574,0.19130729126382384,0.08280055673961209,0.09866357539027867,586,0.1590883480709367,0.21153699576245388,0.17243621495121653,0.16998653691588578,0.2195332290431693,0.1886928270335432,0.2009079344709509,0.18652537113329135,0.1716971889812163,0.13797017821835875,0.18183748245810225,0.023471690139356877,596
68,0.002100634574890137,0.000300034678734166,0.0028004169464111326,0.00040051963714063035,KernelRidge(),10,2,20,polynomial,,,,,,,,,,,,,,"{'estimator': KernelRidge(), 'estimator__alpha': 10, 'estimator__degree': 2, 'estimator__gamma': 20, 'estimator__kernel': 'polynomial'}",0.02571155269001609,0.01229554027500208,0.009987183095296847,0.015017263339570569,0.013666607398510297,0.02286184999683011,0.023024878697004873,0.02987077858422941,0.011893471123352681,0.08889684874665703,0.025322597394646994,0.02213851859635441,552,0.20084207714286806,0.7368514482988447,0.7287860863589277,0.6196308266233534,0.770866380404909,0.6172898808887259,0.5917898395595353,0.355197830159515,0.654431254260229,3.2008605637633574,0.20748250599335502,1.1486217966023824,552,0.11449919218091864,0.09192591387144894,0.07592218091420772,0.09527074388031426,0.09009916851813132,0.11880319548136595,0.11842919684058863,0.11070748117681746,0.08266276154915844,0.15107426476382457,0.10493940991767758,0.021091655707142005,552
69,0.0028011560440063476,0.00039981775563668583,0.0026000022888183595,0.0004906032414403328,KernelRidge(),10,2,20,sigmoid,,,,,,,,,,,,,,"{'estimator': KernelRidge(), 'estimator__alpha': 10, 'estimator__degree': 2, 'estimator__gamma': 20, 'estimator__kernel': 'sigmoid'}",0.034019886014275275,0.06205329635185404,0.039374110641875355,0.03958040435662365,0.06042181227238586,0.06504178408107494,0.06059252125551572,0.04637188446412643,0.034496828251223195,0.025209978868167383,0.04671625065571218,0.013525609216095781,938,0.05739477388938696,0.32806161405300327,0.06925111329424372,0.0025239184140772863,0.013028921133417581,0.08880728971318441,0.07425029893529267,0.0010014180831356967,0.0023167792763805206,0.1913088881519489,0.0827945014944071,0.09866429452383726,581,0.15908657725410844,0.21153642656265736,0.17243608492424217,0.16998575009004221,0.21953308520996478,0.18869266569477322,0.2009064365140122,0.186525009395372,0.17169678495395868,0.13797014920514233,0.18183689698042735,0.023471700822518024,591
70,0.0020999908447265625,0.00029961318278249596,0.002801251411437988,0.0004003410744655901,KernelRidge(),10,2,30,polynomial,,,,,,,,,,,,,,"{'estimator': KernelRidge(), 'estimator__alpha': 10, 'estimator__degree': 2, 'estimator__gamma': 30, 'estimator__kernel': 'polynomial'}",0.03669560074341219,0.013658564969658449,0.016031129163334143,0.01763465643307189,0.014719531074485662,0.025963476289011952,0.02828779457119019,0.041605407247943794,0.01327779189949835,0.1113665338380199,0.03192404862296265,0.028125492818357165,554,0.14056044851337046,0.7076800604371046,0.5646554950493625,0.553335415477869,0.7532131175285712,0.5653682836477258,0.49848312721341037,0.10188960107203449,0.6142093552576009,4.262675637203037,0.0044401630032727905,1.4435678717278357,554,0.1340321088387723,0.09738305045614737,0.08908867099686507,0.10456461249532284,0.10242627710201235,0.12945402437632592,0.12896243503181234,0.14022160197978786,0.08704888112796318,0.16950352655748369,0.1182685188962493,0.02509190264496476,558
71,0.002900052070617676,0.00029982838478078463,0.0028008460998535157,0.0006002668235546778,KernelRidge(),10,2,30,sigmoid,,,,,,,,,,,,,,"{'estimator': KernelRidge(), 'estimator__alpha': 10, 'estimator__degree': 2, 'estimator__gamma': 30, 'estimator__kernel': 'sigmoid'}",0.034019885614374065,0.06205329627961151,0.039374110616657035,0.03958040430726446,0.06042181227355749,0.0650417840442377,0.06059252089424039,0.04637188443915119,0.034496828235551336,0.025209978900094222,0.046716250560473946,0.013525609203881886,933,0.0573947614597905,0.32806161250687205,0.06925111260940997,0.002523917163868683,0.01302892115306098,0.08880728909652436,0.07425029253020954,0.0010014175440105078,0.0023167788210296525,0.19130888966066606,0.08279449925454423,0.09866429486867438,576,0.15908657621317157,0.2115364264411871,0.1724360848927399,0.1699857499685007,0.21953308527712342,0.18869266570372137,0.20090643556542342,0.18652500936178465,0.17169678489276893,0.13797014925367232,0.18183689675700931,0.023471700842323015,586
72,0.0028004884719848634,0.00040007845916618576,0.0032006978988647463,0.0004002217019958742,KernelRidge(),10,3,10,polynomial,,,,,,,,,,,,,,"{'estimator': KernelRidge(), 'estimator__alpha': 10, 'estimator__degree': 3, 'estimator__gamma': 10, 'estimator__kernel': 'polynomial'}",0.041396542763183275,0.02209950812050309,0.012365205950261558,0.016263860717248557,0.013906708441042274,0.031242395687309615,0.034421017983641895,0.04280134471784127,0.01392840031110764,0.10271875969623952,0.03311437443883787,0.025661732007352153,555,0.2866735637065596,0.5270274078934427,0.6642080287556167,0.5880560181273581,0.7668408589759474,0.47699853789305435,0.3897466536727353,0.07607363268644418,0.595305712205396,3.8540211812946223,0.005643789479118766,1.3163484948811899,555,0.12400459823035748,0.10283927648806099,0.09064284312801435,0.10354937326645863,0.09468878818713523,0.1480934920861553,0.13336604075521707,0.13973434824969322,0.08322375678436425,0.14707433218930507,0.11672168493647617,0.0232788065357924,557
73,0.0029008150100708007,0.0005384468062053605,0.0026005029678344725,0.0006636580703541798,KernelRidge(),10,3,10,sigmoid,,,,,,,,,,,,,,"{'estimator': KernelRidge(), 'estimator__alpha': 10, 'estimator__degree': 3, 'estimator__gamma': 10, 'estimator__kernel': 'sigmoid'}",0.034020569462324214,0.062053595894330835,0.03937420441685456,0.03958072891328329,0.06042194160029562,0.0650419292597405,0.06059315370935012,0.04637206888195627,0.034496963726606086,0.025209945075490868,0.046716510094023236,0.013525647139991308,943,0.05741601659416462,0.3280680248464436,0.06925365986607179,0.002532139042932924,0.01303108943833875,0.08880972002151011,0.07426151176662188,0.0010053989976774869,0.0023207155585358574,0.19130729126382384,0.08280055673961209,0.09866357539027867,586,0.1590883480709367,0.21153699576245388,0.17243621495121653,0.16998653691588578,0.2195332290431693,0.1886928270335432,0.2009079344709509,0.18652537113329135,0.1716971889812163,0.13797017821835875,0.18183748245810225,0.023471690139356877,596
74,0.0033004283905029297,0.0004586206178531933,0.0027006864547729492,0.00045859422005274,KernelRidge(),10,3,20,polynomial,,,,,,,,,,,,,,"{'estimator': KernelRidge(), 'estimator__alpha': 10, 'estimator__degree': 3, 'estimator__gamma': 20, 'estimator__kernel': 'polynomial'}",0.047056047262907255,0.026951858961800773,0.013371694358695367,0.019496677322435624,0.016064322199059605,0.04085858204787093,0.035863478241018744,0.047472314990465954,0.015864917083270647,0.10833912466489855,0.037133901713242344,0.026770670185199325,561,0.4625803988529351,0.42317763247288664,0.6368756310533801,0.5061726714756996,0.73066642038656,0.316022421438922,0.3641731450848532,0.024755736677196438,0.539039575505704,4.1196140553241944,0.10908226934363201,1.3771221443856496,930,0.12774252006192466,0.10750711059485739,0.08918145068759667,0.11239433956988946,0.09982890266804957,0.17224586793225397,0.14110785341128987,0.15470865267494952,0.09022414272742171,0.15423948169747473,0.12491803220257076,0.02797759328531203,567
75,0.0029007673263549806,0.000538394574347345,0.0028005123138427736,0.0005999976591839302,KernelRidge(),10,3,20,sigmoid,,,,,,,,,,,,,,"{'estimator': KernelRidge(), 'estimator__alpha': 10, 'estimator__degree': 3, 'estimator__gamma': 20, 'estimator__kernel': 'sigmoid'}",0.034019886014275275,0.06205329635185404,0.039374110641875355,0.03958040435662365,0.06042181227238586,0.06504178408107494,0.06059252125551572,0.04637188446412643,0.034496828251223195,0.025209978868167383,0.04671625065571218,0.013525609216095781,938,0.05739477388938696,0.32806161405300327,0.06925111329424372,0.0025239184140772863,0.013028921133417581,0.08880728971318441,0.07425029893529267,0.0010014180831356967,0.0023167792763805206,0.1913088881519489,0.0827945014944071,0.09866429452383726,581,0.15908657725410844,0.21153642656265736,0.17243608492424217,0.16998575009004221,0.21953308520996478,0.18869266569477322,0.2009064365140122,0.186525009395372,0.17169678495395868,0.13797014920514233,0.18183689698042735,0.023471700822518024,591
76,0.0028009414672851562,0.00040006650360887414,0.0024002552032470702,0.0004903398736799942,KernelRidge(),10,3,30,polynomial,,,,,,,,,,,,,,"{'estimator': KernelRidge(), 'estimator__alpha': 10, 'estimator__degree': 3, 'estimator__gamma': 30, 'estimator__kernel': 'polynomial'}",0.047609550422126695,0.029039277452661348,0.013274693881333658,0.020083469975630985,0.01676555572849487,0.04321738719351305,0.0357040534114549,0.047970166455223964,0.016345075776450023,0.11097044442189766,0.03809796747187871,0.02735197376276921,569,0.4797841998193555,0.3785028040083783,0.6395097951454263,0.49130992109352556,0.7189095759777233,0.27653573954860466,0.36699960233185336,0.035502550786143505,0.5250884055203288,4.243958253725768,0.13623891607054261,1.4090548843481145,935,0.12584627595110856,0.10910404463420295,0.08885048418625734,0.11350509250850079,0.10197053215010975,0.17751455455604373,0.14363045528861748,0.15716238021427192,0.0915384043892533,0.15697713224523754,0.12660993561236034,0.029117454915303764,571
77,0.0027005672454833984,0.00045867201468113123,0.0027005672454833984,0.00045804774887332956,KernelRidge(),10,3,30,sigmoid,,,,,,,,,,,,,,"{'estimator': KernelRidge(), 'estimator__alpha': 10, 'estimator__degree': 3, 'estimator__gamma': 30, 'estimator__kernel': 'sigmoid'}",0.034019885614374065,0.06205329627961151,0.039374110616657035,0.03958040430726446,0.06042181227355749,0.0650417840442377,0.06059252089424039,0.04637188443915119,0.034496828235551336,0.025209978900094222,0.046716250560473946,0.013525609203881886,933,0.0573947614597905,0.32806161250687205,0.06925111260940997,0.002523917163868683,0.01302892115306098,0.08880728909652436,0.07425029253020954,0.0010014175440105078,0.0023167788210296525,0.19130888966066606,0.08279449925454423,0.09866429486867438,576,0.15908657621317157,0.2115364264411871,0.1724360848927399,0.1699857499685007,0.21953308527712342,0.18869266570372137,0.20090643556542342,0.18652500936178465,0.17169678489276893,0.13797014925367232,0.18183689675700931,0.023471700842323015,586
78,0.004101347923278808,0.0015135133535316729,0.004501199722290039,0.0040324336763386546,KernelRidge(),10,4,10,polynomial,,,,,,,,,,,,,,"{'estimator': KernelRidge(), 'estimator__alpha': 10, 'estimator__degree': 4, 'estimator__gamma': 10, 'estimator__kernel': 'polynomial'}",0.02528893390310119,0.02597656688315446,0.01594490052118882,0.02301068516953554,0.013137128465294693,0.03574275815674142,0.04491041704684861,0.03604769471303211,0.014021763814843165,0.10680802728255107,0.03408888759562911,0.02616982312779045,557,0.21397777361297887,0.4440507858472993,0.5669971370600315,0.41716708971178096,0.7797435963027084,0.40166192878403817,0.2037791473565057,0.22186053158379326,0.5925930046577728,4.047261359998459,0.020543036508155053,1.3537294028491285,556,0.10326177077341468,0.11562210820614924,0.08953057629635414,0.1133275296451769,0.08985885220939488,0.1556867415801275,0.13811296263018605,0.12087031018877553,0.0862640788942628,0.1511118675564884,0.116364679798033,0.023993782968666028,554
79,0.004401373863220215,0.0019075108520248585,0.005801153182983398,0.004021813095622999,KernelRidge(),10,4,10,sigmoid,,,,,,,,,,,,,,"{'estimator': KernelRidge(), 'estimator__alpha': 10, 'estimator__degree': 4, 'estimator__gamma': 10, 'estimator__kernel': 'sigmoid'}",0.034020569462324214,0.062053595894330835,0.03937420441685456,0.03958072891328329,0.06042194160029562,0.0650419292597405,0.06059315370935012,0.04637206888195627,0.034496963726606086,0.025209945075490868,0.046716510094023236,0.013525647139991308,943,0.05741601659416462,0.3280680248464436,0.06925365986607179,0.002532139042932924,0.01303108943833875,0.08880972002151011,0.07426151176662188,0.0010053989976774869,0.0023207155585358574,0.19130729126382384,0.08280055673961209,0.09866357539027867,586,0.1590883480709367,0.21153699576245388,0.17243621495121653,0.16998653691588578,0.2195332290431693,0.1886928270335432,0.2009079344709509,0.18652537113329135,0.1716971889812163,0.13797017821835875,0.18183748245810225,0.023471690139356877,596
80,0.0032010555267333986,0.0006007599124342507,0.0029018640518188475,0.0003007008438308381,KernelRidge(),10,4,20,polynomial,,,,,,,,,,,,,,"{'estimator': KernelRidge(), 'estimator__alpha': 10, 'estimator__degree': 4, 'estimator__gamma': 20, 'estimator__kernel': 'polynomial'}",0.02828525453353696,0.031201315958316114,0.01640788135884248,0.023415770980406397,0.01466738565790282,0.03816397566744309,0.04460754273075361,0.03782743199604847,0.014775285141706163,0.12203747780698185,0.03713893218319379,0.03000319244172942,562,0.12084713307555117,0.33223096163623944,0.5544243381313723,0.40690675455327374,0.7540873848356296,0.36113045639473373,0.20914883354653624,0.18344243482749256,0.5706991927410032,4.766935893099075,0.12740184033572427,1.5576091080669578,932,0.10570617867714953,0.12218095717602238,0.09357004544026616,0.11308755077425404,0.0957963762161528,0.16076344849410265,0.13909028208647184,0.12150437231347826,0.08794342743120574,0.16276383992883303,0.12024064785379363,0.025348296263384654,560
81,0.002900433540344238,0.000538554207970434,0.003000903129577637,0.0006332408237340386,KernelRidge(),10,4,20,sigmoid,,,,,,,,,,,,,,"{'estimator': KernelRidge(), 'estimator__alpha': 10, 'estimator__degree': 4, 'estimator__gamma': 20, 'estimator__kernel': 'sigmoid'}",0.034019886014275275,0.06205329635185404,0.039374110641875355,0.03958040435662365,0.06042181227238586,0.06504178408107494,0.06059252125551572,0.04637188446412643,0.034496828251223195,0.025209978868167383,0.04671625065571218,0.013525609216095781,938,0.05739477388938696,0.32806161405300327,0.06925111329424372,0.0025239184140772863,0.013028921133417581,0.08880728971318441,0.07425029893529267,0.0010014180831356967,0.0023167792763805206,0.1913088881519489,0.0827945014944071,0.09866429452383726,581,0.15908657725410844,0.21153642656265736,0.17243608492424217,0.16998575009004221,0.21953308520996478,0.18869266569477322,0.2009064365140122,0.186525009395372,0.17169678495395868,0.13797014920514233,0.18183689698042735,0.023471700822518024,591
82,0.0033006906509399415,0.00045813816430613643,0.0034009456634521485,0.0008005383168975713,KernelRidge(),10,4,30,polynomial,,,,,,,,,,,,,,"{'estimator': KernelRidge(), 'estimator__alpha': 10, 'estimator__degree': 4, 'estimator__gamma': 30, 'estimator__kernel': 'polynomial'}",0.03240415152279493,0.03535993972379082,0.01719250787304154,0.0235838647283768,0.01562883950700351,0.039660207523502376,0.04483302951856569,0.038986744339913,0.015311901723491362,0.13589598187705326,0.039885716833753325,0.033604706489046024,572,0.00717505220756709,0.24322829916848643,0.5331168657808661,0.40264914259565376,0.7379677002574301,0.3360833551352149,0.20515115785663374,0.1584170705659339,0.5551076200884604,5.421825734994695,0.2257279575753582,1.7442789452310086,941,0.11630257681569126,0.1271369820645769,0.09652689021477501,0.11285362748114389,0.09900599079164595,0.16393863158233357,0.1402312379615693,0.1207665694167251,0.08892479807988002,0.17191715820938935,0.12376044626177304,0.026396130948486383,564
83,0.0026009082794189453,0.0006635071859308205,0.0029000043869018555,0.0005383848313848318,KernelRidge(),10,4,30,sigmoid,,,,,,,,,,,,,,"{'estimator': KernelRidge(), 'estimator__alpha': 10, 'estimator__degree': 4, 'estimator__gamma': 30, 'estimator__kernel': 'sigmoid'}",0.034019885614374065,0.06205329627961151,0.039374110616657035,0.03958040430726446,0.06042181227355749,0.0650417840442377,0.06059252089424039,0.04637188443915119,0.034496828235551336,0.025209978900094222,0.046716250560473946,0.013525609203881886,933,0.0573947614597905,0.32806161250687205,0.06925111260940997,0.002523917163868683,0.01302892115306098,0.08880728909652436,0.07425029253020954,0.0010014175440105078,0.0023167788210296525,0.19130888966066606,0.08279449925454423,0.09866429486867438,576,0.15908657621317157,0.2115364264411871,0.1724360848927399,0.1699857499685007,0.21953308527712342,0.18869266570372137,0.20090643556542342,0.18652500936178465,0.17169678489276893,0.13797014925367232,0.18183689675700931,0.023471700842323015,586
84,0.0031011104583740234,0.0005385849210885914,0.0031005382537841798,0.0005387347827790493,KernelRidge(),10,5,10,polynomial,,,,,,,,,,,,,,"{'estimator': KernelRidge(), 'estimator__alpha': 10, 'estimator__degree': 5, 'estimator__gamma': 10, 'estimator__kernel': 'polynomial'}",0.017894964613243417,0.03812013381579424,0.021125495543063984,0.04156544742725502,0.01483178796148342,0.043436035762506306,0.073116405913602,0.04147308262026194,0.015918843537992246,0.14888653729822682,0.04563687344934293,0.03835806598485769,575,0.44379466606563234,0.18415476018773091,0.42631187701569684,0.052802665934175375,0.7513310244756108,0.2728755362013462,0.2962873846846432,0.10474601162095942,0.5374727244891201,6.035700273176706,0.3664103723739428,1.9112588269142416,945,0.09988034460451677,0.13894577080431392,0.09911281470634413,0.13724325211866267,0.09689019179389334,0.157592863633583,0.15562840380663692,0.12052121606370772,0.09428544008711935,0.17411167100943736,0.12742119686282152,0.02784395513462682,574
85,0.0028007030487060547,0.0006001793532131593,0.0027007341384887697,0.0006407019601651692,KernelRidge(),10,5,10,sigmoid,,,,,,,,,,,,,,"{'estimator': KernelRidge(), 'estimator__alpha': 10, 'estimator__degree': 5, 'estimator__gamma': 10, 'estimator__kernel': 'sigmoid'}",0.034020569462324214,0.062053595894330835,0.03937420441685456,0.03958072891328329,0.06042194160029562,0.0650419292597405,0.06059315370935012,0.04637206888195627,0.034496963726606086,0.025209945075490868,0.046716510094023236,0.013525647139991308,943,0.05741601659416462,0.3280680248464436,0.06925365986607179,0.002532139042932924,0.01303108943833875,0.08880972002151011,0.07426151176662188,0.0010053989976774869,0.0023207155585358574,0.19130729126382384,0.08280055673961209,0.09866357539027867,586,0.1590883480709367,0.21153699576245388,0.17243621495121653,0.16998653691588578,0.2195332290431693,0.1886928270335432,0.2009079344709509,0.18652537113329135,0.1716971889812163,0.13797017821835875,0.18183748245810225,0.023471690139356877,596
86,0.0031008481979370116,0.0002999389956933548,0.003300309181213379,0.0006400844000821004,KernelRidge(),10,5,20,polynomial,,,,,,,,,,,,,,"{'estimator': KernelRidge(), 'estimator__alpha': 10, 'estimator__degree': 5, 'estimator__gamma': 20, 'estimator__kernel': 'polynomial'}",0.03665274884185306,0.05004017244963381,0.025841756694022715,0.04309568339741468,0.01822739613361739,0.04968253934787443,0.07515736091858365,0.04792312329875702,0.018543839856338364,0.21452125285339382,0.057968587379148895,0.05466076764999041,948,0.13922853997197104,0.07095732375167696,0.29823615913812784,0.0915616979814542,0.6944004367649741,0.16830831475965613,0.332471660875584,0.03448705903119986,0.4612025863692846,9.137298272170963,0.8183857056750806,2.788357405444525,949,0.12894476203559221,0.1538415792734632,0.11175125453632719,0.13839474106247246,0.10608405014870666,0.16750583266863267,0.15928801541040294,0.12530190309903674,0.09892539465660354,0.20541467826533025,0.13954522111565681,0.030940968398208625,578
87,0.0028008222579956055,0.00040018572706459213,0.0032010793685913084,0.000980796062629822,KernelRidge(),10,5,20,sigmoid,,,,,,,,,,,,,,"{'estimator': KernelRidge(), 'estimator__alpha': 10, 'estimator__degree': 5, 'estimator__gamma': 20, 'estimator__kernel': 'sigmoid'}",0.034019886014275275,0.06205329635185404,0.039374110641875355,0.03958040435662365,0.06042181227238586,0.06504178408107494,0.06059252125551572,0.04637188446412643,0.034496828251223195,0.025209978868167383,0.04671625065571218,0.013525609216095781,938,0.05739477388938696,0.32806161405300327,0.06925111329424372,0.0025239184140772863,0.013028921133417581,0.08880728971318441,0.07425029893529267,0.0010014180831356967,0.0023167792763805206,0.1913088881519489,0.0827945014944071,0.09866429452383726,581,0.15908657725410844,0.21153642656265736,0.17243608492424217,0.16998575009004221,0.21953308520996478,0.18869266569477322,0.2009064365140122,0.186525009395372,0.17169678495395868,0.13797014920514233,0.18183689698042735,0.023471700822518024,591
88,0.0031008005142211916,0.0005386856838501419,0.002200746536254883,0.0003996974411311504,KernelRidge(),10,5,30,polynomial,,,,,,,,,,,,,,"{'estimator': KernelRidge(), 'estimator__alpha': 10, 'estimator__degree': 5, 'estimator__gamma': 30, 'estimator__kernel': 'polynomial'}",0.05197926674055181,0.05868001928496272,0.0298809951143442,0.043524316027255316,0.02031260487075514,0.053653620705074914,0.07662569108651861,0.05261747998426789,0.02034867093369321,0.2612794151803705,0.06689020799277942,0.06693417617869438,952,0.615602268008739,0.25586690322407857,0.188545804044842,0.1024184456729682,0.6594399369408728,0.10183193513921951,0.358503819451528,0.1358212565408925,0.4087626211812362,11.346876259723963,1.1456508655315998,3.418716205471662,952,0.14453892637573273,0.16356246231583843,0.11984236402000013,0.13817429865798048,0.11053075688142962,0.173198100575818,0.1630119800010346,0.13127226833234237,0.10169189423293398,0.2245475996793199,0.14703706510724301,0.034179430039039164,581
89,0.0029000759124755858,0.0007034299333545077,0.002800393104553223,0.0005999174782398015,KernelRidge(),10,5,30,sigmoid,,,,,,,,,,,,,,"{'estimator': KernelRidge(), 'estimator__alpha': 10, 'estimator__degree': 5, 'estimator__gamma': 30, 'estimator__kernel': 'sigmoid'}",0.034019885614374065,0.06205329627961151,0.039374110616657035,0.03958040430726446,0.06042181227355749,0.0650417840442377,0.06059252089424039,0.04637188443915119,0.034496828235551336,0.025209978900094222,0.046716250560473946,0.013525609203881886,933,0.0573947614597905,0.32806161250687205,0.06925111260940997,0.002523917163868683,0.01302892115306098,0.08880728909652436,0.07425029253020954,0.0010014175440105078,0.0023167788210296525,0.19130888966066606,0.08279449925454423,0.09866429486867438,576,0.15908657621317157,0.2115364264411871,0.1724360848927399,0.1699857499685007,0.21953308527712342,0.18869266570372137,0.20090643556542342,0.18652500936178465,0.17169678489276893,0.13797014925367232,0.18183689675700931,0.023471700842323015,586
90,0.0008003473281860352,0.000400173897582502,0.0,0.0,SVR(),,2,scale,polynomial,1,True,0.1,,,,,,,,,,,"{'estimator': SVR(), 'estimator__C': 1, 'estimator__degree': 2, 'estimator__gamma': 'scale', 'estimator__kernel': 'polynomial', 'estimator__shrinking': True, 'estimator__tol': 0.1}",,,,,,,,,,,,,1009,,,,,,,,,,,,,1009,,,,,,,,,,,,,1009
91,0.0005002260208129883,0.0005002263208105385,0.0,0.0,SVR(),,2,scale,polynomial,1,True,0.01,,,,,,,,,,,"{'estimator': SVR(), 'estimator__C': 1, 'estimator__degree': 2, 'estimator__gamma': 'scale', 'estimator__kernel': 'polynomial', 'estimator__shrinking': True, 'estimator__tol': 0.01}",,,,,,,,,,,,,1009,,,,,,,,,,,,,1009,,,,,,,,,,,,,1009
92,0.0005568265914916992,0.0004713868413769786,0.0,0.0,SVR(),,2,scale,polynomial,1,True,0.001,,,,,,,,,,,"{'estimator': SVR(), 'estimator__C': 1, 'estimator__degree': 2, 'estimator__gamma': 'scale', 'estimator__kernel': 'polynomial', 'estimator__shrinking': True, 'estimator__tol': 0.001}",,,,,,,,,,,,,1009,,,,,,,,,,,,,1009,,,,,,,,,,,,,1009
93,0.000799870491027832,0.0005992648823018515,0.0,0.0,SVR(),,2,scale,polynomial,1,False,0.1,,,,,,,,,,,"{'estimator': SVR(), 'estimator__C': 1, 'estimator__degree': 2, 'estimator__gamma': 'scale', 'estimator__kernel': 'polynomial', 'estimator__shrinking': False, 'estimator__tol': 0.1}",,,,,,,,,,,,,1009,,,,,,,,,,,,,1009,,,,,,,,,,,,,1009
94,0.0005000829696655273,0.0005000829696655273,0.0,0.0,SVR(),,2,scale,polynomial,1,False,0.01,,,,,,,,,,,"{'estimator': SVR(), 'estimator__C': 1, 'estimator__degree': 2, 'estimator__gamma': 'scale', 'estimator__kernel': 'polynomial', 'estimator__shrinking': False, 'estimator__tol': 0.01}",,,,,,,,,,,,,1009,,,,,,,,,,,,,1009,,,,,,,,,,,,,1009
95,0.0007004261016845704,0.0004585372676420358,0.0,0.0,SVR(),,2,scale,polynomial,1,False,0.001,,,,,,,,,,,"{'estimator': SVR(), 'estimator__C': 1, 'estimator__degree': 2, 'estimator__gamma': 'scale', 'estimator__kernel': 'polynomial', 'estimator__shrinking': False, 'estimator__tol': 0.001}",,,,,,,,,,,,,1009,,,,,,,,,,,,,1009,,,,,,,,,,,,,1009
96,0.003700995445251465,0.0006405230781495048,0.002900528907775879,0.0003000658237107912,SVR(),,2,scale,sigmoid,1,True,0.1,,,,,,,,,,,"{'estimator': SVR(), 'estimator__C': 1, 'estimator__degree': 2, 'estimator__gamma': 'scale', 'estimator__kernel': 'sigmoid', 'estimator__shrinking': True, 'estimator__tol': 0.1}",7.633039131807026,5.691133429329549,5.038092868182906,5.5185505997162885,5.336311735964671,7.076668534664422,3.0349649492385837,4.111269923528077,4.427453776361938,3.13533204990677,5.100281699870023,1.4304544562136496,955,236.247581707921,120.80135935229134,135.81544345677656,138.77823271702093,88.46832141257165,117.46428255753341,52.80716854855909,87.74746133635864,127.64113701122054,147.16152595343797,125.29325140536912,46.0311009364319,955,2.2779771075900475,2.1254542399894665,1.939139502453975,2.1089345831054396,1.9898806981332946,2.286194099986398,1.2641540795258057,1.688064250262297,1.8683991508740085,1.433129130171736,1.8981326842092467,0.3262292510336871,955
97,0.0032135725021362306,0.0005967980990777866,0.002298903465270996,0.000452995363662113,SVR(),,2,scale,sigmoid,1,True,0.01,,,,,,,,,,,"{'estimator': SVR(), 'estimator__C': 1, 'estimator__degree': 2, 'estimator__gamma': 'scale', 'estimator__kernel': 'sigmoid', 'estimator__shrinking': True, 'estimator__tol': 0.01}",7.668948233928246,5.788473381202739,5.038092868182906,5.601180194123289,5.336311735964671,7.070867715122287,3.0349649492385837,4.0910259872194805,4.388141134723984,3.1256402684070728,5.1143646468113255,1.4475441884312994,967,237.36369646803823,122.88462424225861,135.81544345677656,140.87114071299519,88.46832141257165,117.36717614058897,52.80716854855909,87.31046790409547,126.49889517772668,146.703536460349,125.60904705239594,46.361246860760566,967,2.281030513495326,2.145610738469747,1.939139502453975,2.1338779441707336,1.9898806981332946,2.28329740719479,1.2641540795258057,1.6821564327903402,1.8777053801413104,1.434051363800704,1.9030904060176028,0.3295452400904333,967
98,0.0029886484146118162,4.845097876390418e-05,0.0023003339767456053,0.00045881210964708645,SVR(),,2,scale,sigmoid,1,True,0.001,,,,,,,,,,,"{'estimator': SVR(), 'estimator__C': 1, 'estimator__degree': 2, 'estimator__gamma': 'scale', 'estimator__kernel': 'sigmoid', 'estimator__shrinking': True, 'estimator__tol': 0.001}",7.670207615696926,5.793104391015682,5.031996655076199,5.600558741445296,5.336512246121369,7.068910058008728,3.0349649492385837,4.090107731782054,4.388326029047546,3.1267640150779736,5.114145243251036,1.4476353346274344,961,237.4028401529987,122.9837368878141,135.64989349145765,140.85540006597608,88.47168315529464,117.3344047250118,52.80716854855909,87.29064608737079,126.50426734358346,146.7566396146228,125.6056680072689,46.37036030930979,961,2.28070090421757,2.146416278112686,1.9352475874021673,2.1336326966014627,1.9899086264323325,2.283415119023509,1.2641540795258057,1.681946150000352,1.8770471953105101,1.4344745890219535,1.902694322564835,0.32948249822784104,961
99,0.002995800971984863,0.000448990739824175,0.002305889129638672,0.0004198939345015112,SVR(),,2,scale,sigmoid,1,False,0.1,,,,,,,,,,,"{'estimator': SVR(), 'estimator__C': 1, 'estimator__degree': 2, 'estimator__gamma': 'scale', 'estimator__kernel': 'sigmoid', 'estimator__shrinking': False, 'estimator__tol': 0.1}",7.633039131807026,5.691133429329549,5.038092868182906,5.5185505997162885,5.336311735964671,7.076668534664422,3.0349649492385837,4.111269923528077,4.427453776361938,3.13533204990677,5.100281699870023,1.4304544562136496,955,236.247581707921,120.80135935229134,135.81544345677656,138.77823271702093,88.46832141257165,117.46428255753341,52.80716854855909,87.74746133635864,127.64113701122054,147.16152595343797,125.29325140536912,46.0311009364319,955,2.2779771075900475,2.1254542399894665,1.939139502453975,2.1089345831054396,1.9898806981332946,2.286194099986398,1.2641540795258057,1.688064250262297,1.8683991508740085,1.433129130171736,1.8981326842092467,0.3262292510336871,955
100,0.0030981063842773437,0.0005384082377422939,0.0025013446807861327,0.0006705247106193615,SVR(),,2,scale,sigmoid,1,False,0.01,,,,,,,,,,,"{'estimator': SVR(), 'estimator__C': 1, 'estimator__degree': 2, 'estimator__gamma': 'scale', 'estimator__kernel': 'sigmoid', 'estimator__shrinking': False, 'estimator__tol': 0.01}",7.668948233928246,5.788473381202739,5.038092868182906,5.601180194123289,5.336311735964671,7.070867715122287,3.0349649492385837,4.0910259872194805,4.388141134723984,3.1256402684070728,5.1143646468113255,1.4475441884312994,967,237.36369646803823,122.88462424225861,135.81544345677656,140.87114071299519,88.46832141257165,117.36717614058897,52.80716854855909,87.31046790409547,126.49889517772668,146.703536460349,125.60904705239594,46.361246860760566,967,2.281030513495326,2.145610738469747,1.939139502453975,2.1338779441707336,1.9898806981332946,2.28329740719479,1.2641540795258057,1.6821564327903402,1.8777053801413104,1.434051363800704,1.9030904060176028,0.3295452400904333,967
101,0.0029012441635131838,0.0005361047644941903,0.0024005651473999025,0.00048945428587731,SVR(),,2,scale,sigmoid,1,False,0.001,,,,,,,,,,,"{'estimator': SVR(), 'estimator__C': 1, 'estimator__degree': 2, 'estimator__gamma': 'scale', 'estimator__kernel': 'sigmoid', 'estimator__shrinking': False, 'estimator__tol': 0.001}",7.670207615696926,5.793104391015682,5.031996655076199,5.600558741445296,5.336512246121369,7.068910058008728,3.0349649492385837,4.090107731782054,4.388326029047546,3.1267640150779736,5.114145243251036,1.4476353346274344,961,237.4028401529987,122.9837368878141,135.64989349145765,140.85540006597608,88.47168315529464,117.3344047250118,52.80716854855909,87.29064608737079,126.50426734358346,146.7566396146228,125.6056680072689,46.37036030930979,961,2.28070090421757,2.146416278112686,1.9352475874021673,2.1336326966014627,1.9899086264323325,2.283415119023509,1.2641540795258057,1.681946150000352,1.8770471953105101,1.4344745890219535,1.902694322564835,0.32948249822784104,961
102,0.0022015094757080076,0.0004013168691384491,0.0019995450973510744,9.618084439651565e-06,SVR(),,2,scale,rbf,1,True,0.1,,,,,,,,,,,"{'estimator': SVR(), 'estimator__C': 1, 'estimator__degree': 2, 'estimator__gamma': 'scale', 'estimator__kernel': 'rbf', 'estimator__shrinking': True, 'estimator__tol': 0.1}",0.014798006095440144,0.011311272362331513,0.0066389917516823035,0.011853014173923758,0.01271271690850891,0.022956158991557958,0.02232337226843437,0.028215208370717983,0.01108840843773775,0.009256932161871305,0.015115408152220603,0.006621278741080136,174,0.5400532999218212,0.7579167020341171,0.8197102307604147,0.6997774427064165,0.7868592581029379,0.6157111369720891,0.6042269105871467,0.3909356085701202,0.6778226174396118,0.562559507918438,0.6455572715013114,0.12343092168181996,189,0.08700171173271187,0.08839715951313062,0.06724527087446303,0.08712688840019585,0.08917777450769579,0.12277240121931493,0.11461303976583635,0.12116072933511572,0.08392371265691595,0.0863453659865318,0.09477640539919117,0.01735288894082603,410
103,0.0022958755493164063,0.00045397328163432874,0.0022061824798583984,0.0003988022263193214,SVR(),,2,scale,rbf,1,True,0.01,,,,,,,,,,,"{'estimator': SVR(), 'estimator__C': 1, 'estimator__degree': 2, 'estimator__gamma': 'scale', 'estimator__kernel': 'rbf', 'estimator__shrinking': True, 'estimator__tol': 0.01}",0.014145081202591524,0.010544001735158992,0.0059342432214858284,0.011101385863810218,0.011566565499436384,0.021658179370676028,0.01921040526066462,0.024335500239624865,0.009744431755691717,0.007412412493433577,0.013565220664257378,0.005861564734258008,55,0.5603472941212937,0.7743377904765485,0.8388485208251468,0.71881528152829,0.8060755722405217,0.6374394719660028,0.6594169846982803,0.474684487569792,0.716872305415583,0.6497231143169977,0.6836560823158456,0.10601085951192336,97,0.08459470468399004,0.08235025256507458,0.06554992732905045,0.0837845674720695,0.08643166740907725,0.11841767594379295,0.10309343972360657,0.11109758675400154,0.07433488253466664,0.07522359690131436,0.08848783013166439,0.016130370606995133,154
104,0.002703070640563965,0.0007765295994511824,0.0022983789443969727,0.00045692040151048245,SVR(),,2,scale,rbf,1,True,0.001,,,,,,,,,,,"{'estimator': SVR(), 'estimator__C': 1, 'estimator__degree': 2, 'estimator__gamma': 'scale', 'estimator__kernel': 'rbf', 'estimator__shrinking': True, 'estimator__tol': 0.001}",0.014260452320902128,0.010573226259050482,0.005872097323919332,0.011095210952881362,0.011690591751722039,0.02186029449958159,0.01884221173056969,0.02422877940350489,0.009748276877421937,0.007239004436880432,0.013541014555643388,0.005858201837971262,49,0.5567613674221796,0.7737123286453318,0.840536167074837,0.7189716845767399,0.8039961546292334,0.6340560403947011,0.6659447211511436,0.4769882047796835,0.7167605841291942,0.6579175900097072,0.6845644842812753,0.10572997498141876,91,0.08416349974315773,0.0824727819539057,0.06553963655812006,0.08331103346673643,0.08675997885527997,0.11881997602296175,0.1016094589890328,0.11023107653618981,0.0739017553181518,0.0740122554460919,0.0880821452889628,0.016114961810064176,141
105,0.0020020723342895506,5.6259207296127546e-06,0.0022019386291503907,0.0003978238608135049,SVR(),,2,scale,rbf,1,False,0.1,,,,,,,,,,,"{'estimator': SVR(), 'estimator__C': 1, 'estimator__degree': 2, 'estimator__gamma': 'scale', 'estimator__kernel': 'rbf', 'estimator__shrinking': False, 'estimator__tol': 0.1}",0.014798006095440144,0.011311272362331513,0.0066389917516823035,0.011853014173923758,0.01271271690850891,0.022956158991557958,0.02232337226843437,0.028215208370717983,0.01108840843773775,0.009256932161871305,0.015115408152220603,0.006621278741080136,174,0.5400532999218212,0.7579167020341171,0.8197102307604147,0.6997774427064165,0.7868592581029379,0.6157111369720891,0.6042269105871467,0.3909356085701202,0.6778226174396118,0.562559507918438,0.6455572715013114,0.12343092168181996,189,0.08700171173271187,0.08839715951313062,0.06724527087446303,0.08712688840019585,0.08917777450769579,0.12277240121931493,0.11461303976583635,0.12116072933511572,0.08392371265691595,0.0863453659865318,0.09477640539919117,0.01735288894082603,410
106,0.0023988962173461916,0.0004915448160625961,0.002302408218383789,0.00045381696117846967,SVR(),,2,scale,rbf,1,False,0.01,,,,,,,,,,,"{'estimator': SVR(), 'estimator__C': 1, 'estimator__degree': 2, 'estimator__gamma': 'scale', 'estimator__kernel': 'rbf', 'estimator__shrinking': False, 'estimator__tol': 0.01}",0.014145081202591524,0.010544001735158992,0.0059342432214858284,0.011101385863810218,0.011566565499436384,0.021658179370676028,0.01921040526066462,0.024335500239624865,0.009744431755691717,0.007412412493433577,0.013565220664257378,0.005861564734258008,55,0.5603472941212937,0.7743377904765485,0.8388485208251468,0.71881528152829,0.8060755722405217,0.6374394719660028,0.6594169846982803,0.474684487569792,0.716872305415583,0.6497231143169977,0.6836560823158456,0.10601085951192336,97,0.08459470468399004,0.08235025256507458,0.06554992732905045,0.0837845674720695,0.08643166740907725,0.11841767594379295,0.10309343972360657,0.11109758675400154,0.07433488253466664,0.07522359690131436,0.08848783013166439,0.016130370606995133,154
107,0.002302098274230957,0.0004565794230701131,0.0023999452590942384,0.0004883446974668902,SVR(),,2,scale,rbf,1,False,0.001,,,,,,,,,,,"{'estimator': SVR(), 'estimator__C': 1, 'estimator__degree': 2, 'estimator__gamma': 'scale', 'estimator__kernel': 'rbf', 'estimator__shrinking': False, 'estimator__tol': 0.001}",0.014260452320902128,0.010573226259050482,0.005872097323919332,0.011095210952881362,0.011690591751722039,0.02186029449958159,0.01884221173056969,0.02422877940350489,0.009748276877421937,0.007239004436880432,0.013541014555643388,0.005858201837971262,49,0.5567613674221796,0.7737123286453318,0.840536167074837,0.7189716845767399,0.8039961546292334,0.6340560403947011,0.6659447211511436,0.4769882047796835,0.7167605841291942,0.6579175900097072,0.6845644842812753,0.10572997498141876,91,0.08416349974315773,0.0824727819539057,0.06553963655812006,0.08331103346673643,0.08675997885527997,0.11881997602296175,0.1016094589890328,0.11023107653618981,0.0739017553181518,0.0740122554460919,0.0880821452889628,0.016114961810064176,141
108,0.000601649284362793,0.0004912835127554506,0.0,0.0,SVR(),,2,auto,polynomial,1,True,0.1,,,,,,,,,,,"{'estimator': SVR(), 'estimator__C': 1, 'estimator__degree': 2, 'estimator__gamma': 'auto', 'estimator__kernel': 'polynomial', 'estimator__shrinking': True, 'estimator__tol': 0.1}",,,,,,,,,,,,,1009,,,,,,,,,,,,,1009,,,,,,,,,,,,,1009
109,0.0007200479507446289,0.00047496046607432656,0.0,0.0,SVR(),,2,auto,polynomial,1,True,0.01,,,,,,,,,,,"{'estimator': SVR(), 'estimator__C': 1, 'estimator__degree': 2, 'estimator__gamma': 'auto', 'estimator__kernel': 'polynomial', 'estimator__shrinking': True, 'estimator__tol': 0.01}",,,,,,,,,,,,,1009,,,,,,,,,,,,,1009,,,,,,,,,,,,,1009
110,0.0006986618041992188,0.00045739779155465755,0.0,0.0,SVR(),,2,auto,polynomial,1,True,0.001,,,,,,,,,,,"{'estimator': SVR(), 'estimator__C': 1, 'estimator__degree': 2, 'estimator__gamma': 'auto', 'estimator__kernel': 'polynomial', 'estimator__shrinking': True, 'estimator__tol': 0.001}",,,,,,,,,,,,,1009,,,,,,,,,,,,,1009,,,,,,,,,,,,,1009
111,0.0007018566131591797,0.0004594852415374178,0.0,0.0,SVR(),,2,auto,polynomial,1,False,0.1,,,,,,,,,,,"{'estimator': SVR(), 'estimator__C': 1, 'estimator__degree': 2, 'estimator__gamma': 'auto', 'estimator__kernel': 'polynomial', 'estimator__shrinking': False, 'estimator__tol': 0.1}",,,,,,,,,,,,,1009,,,,,,,,,,,,,1009,,,,,,,,,,,,,1009
112,0.0007024288177490234,0.00045985637336897844,0.0,0.0,SVR(),,2,auto,polynomial,1,False,0.01,,,,,,,,,,,"{'estimator': SVR(), 'estimator__C': 1, 'estimator__degree': 2, 'estimator__gamma': 'auto', 'estimator__kernel': 'polynomial', 'estimator__shrinking': False, 'estimator__tol': 0.01}",,,,,,,,,,,,,1009,,,,,,,,,,,,,1009,,,,,,,,,,,,,1009
113,0.0007002830505371093,0.00045845363198026575,0.0,0.0,SVR(),,2,auto,polynomial,1,False,0.001,,,,,,,,,,,"{'estimator': SVR(), 'estimator__C': 1, 'estimator__degree': 2, 'estimator__gamma': 'auto', 'estimator__kernel': 'polynomial', 'estimator__shrinking': False, 'estimator__tol': 0.001}",,,,,,,,,,,,,1009,,,,,,,,,,,,,1009,,,,,,,,,,,,,1009
114,0.002400040626525879,0.0004898837344971473,0.0021012067794799806,0.00030032036386827744,SVR(),,2,auto,sigmoid,1,True,0.1,,,,,,,,,,,"{'estimator': SVR(), 'estimator__C': 1, 'estimator__degree': 2, 'estimator__gamma': 'auto', 'estimator__kernel': 'sigmoid', 'estimator__shrinking': True, 'estimator__tol': 0.1}",0.013877774760060461,0.014166891485765266,0.009820491981789322,0.009219199829011772,0.013691609646776137,0.027759624782529278,0.021975121079836648,0.02458234098870036,0.006358407041188913,0.005734472411872254,0.01471859340075304,0.007258974649589565,148,0.5686556239975521,0.6968008811970707,0.7333127831093713,0.7664887843502646,0.7704471940277696,0.5353005417987127,0.6104010874608581,0.469356087770633,0.8152543758388352,0.7290149274281335,0.6695032286979201,0.10996830636662998,121,0.09148823801281697,0.08505270875647782,0.08276141602273679,0.07901871940984898,0.09680815195870617,0.13006196420050165,0.10100041648545265,0.10892598794362217,0.057770809618042124,0.0676069974229376,0.0900495409831143,0.019673161895384112,196
115,0.0029006242752075196,0.0008311632395990318,0.0025999784469604493,0.000663953198057838,SVR(),,2,auto,sigmoid,1,True,0.01,,,,,,,,,,,"{'estimator': SVR(), 'estimator__C': 1, 'estimator__degree': 2, 'estimator__gamma': 'auto', 'estimator__kernel': 'sigmoid', 'estimator__shrinking': True, 'estimator__tol': 0.01}",0.01350279978134058,0.014127436106832335,0.00715338464552997,0.008735854134313163,0.013077304963364568,0.02702472418017113,0.021296402450772838,0.02284674277362864,0.006346426329506538,0.004756690727349028,0.013886776609280883,0.0072162021516175645,85,0.5803104714791489,0.6976453032875851,0.8057412758951255,0.7787313480045375,0.7807465939841665,0.5476028662869946,0.6224341515264729,0.5068213815490941,0.8156024793879344,0.7752204406313018,0.6910856312032361,0.11091334316467603,41,0.08529027860084692,0.08946268301490815,0.07264602730562597,0.07309649532698456,0.0943466690733287,0.12728414360278004,0.09322353328259701,0.10517915448167818,0.058728951473184424,0.054822636250916684,0.08540805724128506,0.020648544333305652,78
116,0.002200675010681152,0.0003999719214133362,0.0025006771087646485,0.0005004420991487041,SVR(),,2,auto,sigmoid,1,True,0.001,,,,,,,,,,,"{'estimator': SVR(), 'estimator__C': 1, 'estimator__degree': 2, 'estimator__gamma': 'auto', 'estimator__kernel': 'sigmoid', 'estimator__shrinking': True, 'estimator__tol': 0.001}",0.014002148303122238,0.014040574885321854,0.007121934242086082,0.008934425226425777,0.013011632434496712,0.02757754934727146,0.02147973675355649,0.023027670682922986,0.006259107560894357,0.004824188701232027,0.014027896813732996,0.007347452962078509,103,0.5647898869286965,0.6995043029027503,0.8065953492531701,0.7737017816677503,0.7818476561430966,0.5383485064876777,0.6191838010625944,0.5029158017809359,0.81813955515294,0.7720307935221327,0.6877057434901744,0.11441771154015727,73,0.08689788069694643,0.08991034733667351,0.07261784972112181,0.07415455354602714,0.09384048404962883,0.12906261440780079,0.09429047252983372,0.10601237503786573,0.058493734023453814,0.05563400111926368,0.08609143124686154,0.02097424027773041,98
117,0.002517509460449219,0.0005187737234436749,0.0025837898254394533,0.0005123930979498857,SVR(),,2,auto,sigmoid,1,False,0.1,,,,,,,,,,,"{'estimator': SVR(), 'estimator__C': 1, 'estimator__degree': 2, 'estimator__gamma': 'auto', 'estimator__kernel': 'sigmoid', 'estimator__shrinking': False, 'estimator__tol': 0.1}",0.013877774760060461,0.014166891485765266,0.009820491981789322,0.009219199829011772,0.013691609646776137,0.027759624782529278,0.021975121079836648,0.02458234098870036,0.006358407041188913,0.005734472411872254,0.01471859340075304,0.007258974649589565,148,0.5686556239975521,0.6968008811970707,0.7333127831093713,0.7664887843502646,0.7704471940277696,0.5353005417987127,0.6104010874608581,0.469356087770633,0.8152543758388352,0.7290149274281335,0.6695032286979201,0.10996830636662998,121,0.09148823801281697,0.08505270875647782,0.08276141602273679,0.07901871940984898,0.09680815195870617,0.13006196420050165,0.10100041648545265,0.10892598794362217,0.057770809618042124,0.0676069974229376,0.0900495409831143,0.019673161895384112,196
118,0.0022981643676757814,0.0004594615873686578,0.002501392364501953,0.000499536165891897,SVR(),,2,auto,sigmoid,1,False,0.01,,,,,,,,,,,"{'estimator': SVR(), 'estimator__C': 1, 'estimator__degree': 2, 'estimator__gamma': 'auto', 'estimator__kernel': 'sigmoid', 'estimator__shrinking': False, 'estimator__tol': 0.01}",0.01350279978134058,0.014127436106832335,0.00715338464552997,0.008735854134313163,0.013077304963364568,0.02702472418017113,0.021296402450772838,0.02284674277362864,0.006346426329506538,0.004756690727349028,0.013886776609280883,0.0072162021516175645,85,0.5803104714791489,0.6976453032875851,0.8057412758951255,0.7787313480045375,0.7807465939841665,0.5476028662869946,0.6224341515264729,0.5068213815490941,0.8156024793879344,0.7752204406313018,0.6910856312032361,0.11091334316467603,41,0.08529027860084692,0.08946268301490815,0.07264602730562597,0.07309649532698456,0.0943466690733287,0.12728414360278004,0.09322353328259701,0.10517915448167818,0.058728951473184424,0.054822636250916684,0.08540805724128506,0.020648544333305652,78
119,0.0024008989334106446,0.0004899129070249237,0.002000236511230469,1.5458645894477205e-06,SVR(),,2,auto,sigmoid,1,False,0.001,,,,,,,,,,,"{'estimator': SVR(), 'estimator__C': 1, 'estimator__degree': 2, 'estimator__gamma': 'auto', 'estimator__kernel': 'sigmoid', 'estimator__shrinking': False, 'estimator__tol': 0.001}",0.014002148303122238,0.014040574885321854,0.007121934242086082,0.008934425226425777,0.013011632434496712,0.02757754934727146,0.02147973675355649,0.023027670682922986,0.006259107560894357,0.004824188701232027,0.014027896813732996,0.007347452962078509,103,0.5647898869286965,0.6995043029027503,0.8065953492531701,0.7737017816677503,0.7818476561430966,0.5383485064876777,0.6191838010625944,0.5029158017809359,0.81813955515294,0.7720307935221327,0.6877057434901744,0.11441771154015727,73,0.08689788069694643,0.08991034733667351,0.07261784972112181,0.07415455354602714,0.09384048404962883,0.12906261440780079,0.09429047252983372,0.10601237503786573,0.058493734023453814,0.05563400111926368,0.08609143124686154,0.02097424027773041,98
120,0.0023007869720458986,0.0004585374783856257,0.0022004365921020506,0.0004006868066719355,SVR(),,2,auto,rbf,1,True,0.1,,,,,,,,,,,"{'estimator': SVR(), 'estimator__C': 1, 'estimator__degree': 2, 'estimator__gamma': 'auto', 'estimator__kernel': 'rbf', 'estimator__shrinking': True, 'estimator__tol': 0.1}",0.01389018024937608,0.014436402578639814,0.006701392931686559,0.009733008189114517,0.012805765326941505,0.02388418452844745,0.019948492381127617,0.02617940342576458,0.007037579004187153,0.004779762335705798,0.013939617095099107,0.0069855332599567934,91,0.568270040707697,0.6910328179667365,0.8180156520105023,0.7534746381115611,0.7852992132219103,0.6001758778478045,0.6463313712699483,0.4348812808322752,0.7955208093332514,0.774130181403275,0.6867131882704962,0.11725340371317046,79,0.0919918726552707,0.09294393826560864,0.06950225143333519,0.07004470830793808,0.09436830896375922,0.12468355030369507,0.09243060398635691,0.11028651638939133,0.0627910551364695,0.053408089921129075,0.08624508953629538,0.020997114320148356,105
121,0.0022002696990966798,0.00039987620947970487,0.002301025390625,0.00045874560857934543,SVR(),,2,auto,rbf,1,True,0.01,,,,,,,,,,,"{'estimator': SVR(), 'estimator__C': 1, 'estimator__degree': 2, 'estimator__gamma': 'auto', 'estimator__kernel': 'rbf', 'estimator__shrinking': True, 'estimator__tol': 0.01}",0.014056048975594107,0.01399497111333119,0.006573642800849795,0.008731554792610369,0.011717410040324902,0.026041392951299053,0.020651809608919318,0.024904006734567986,0.006792289714916141,0.005009687609428062,0.01384728143418409,0.007271886500989608,73,0.5631145641672691,0.7004803126008237,0.8214848597562494,0.7788402451459524,0.8035465206154847,0.5640639493480613,0.6338621964188887,0.46241248667520296,0.8026477709374504,0.763264959197874,0.6893717864863256,0.11964287137669667,49,0.08598060856503299,0.09405906176263941,0.06897758727615476,0.0701148483747089,0.09019712173723266,0.12518588379902346,0.09276599245872424,0.10982044152644947,0.059898139705068375,0.058327778970069126,0.08553274641751034,0.020538418893764482,84
122,0.0025999784469604493,0.0004894639761958043,0.002301335334777832,0.00045833472864612105,SVR(),,2,auto,rbf,1,True,0.001,,,,,,,,,,,"{'estimator': SVR(), 'estimator__C': 1, 'estimator__degree': 2, 'estimator__gamma': 'auto', 'estimator__kernel': 'rbf', 'estimator__shrinking': True, 'estimator__tol': 0.001}",0.014077134936889151,0.014055677632419609,0.006463411093264897,0.008668414738777799,0.011704194607668856,0.026635179475157485,0.02044115172390908,0.025096942783061217,0.006736120906135936,0.004981626773715961,0.013885985467099998,0.007407760005397059,79,0.5624591773365649,0.6991810746479039,0.8244783337454783,0.7804395065786243,0.8037680898631185,0.5541238915091709,0.63759696914754,0.4582476945738493,0.8042797742944654,0.7645909866081948,0.688916549830491,0.12210132164327915,61,0.08636226939512348,0.0933605809607128,0.06862765305608674,0.070910850090777,0.08965926339188326,0.12745949564277934,0.09206625911283806,0.1105513342371899,0.0594041198123257,0.05783321069733395,0.08562350363970503,0.021106703063189246,90
123,0.002300667762756348,0.00045871991191015623,0.0025000810623168946,0.0004995586763660992,SVR(),,2,auto,rbf,1,False,0.1,,,,,,,,,,,"{'estimator': SVR(), 'estimator__C': 1, 'estimator__degree': 2, 'estimator__gamma': 'auto', 'estimator__kernel': 'rbf', 'estimator__shrinking': False, 'estimator__tol': 0.1}",0.01389018024937608,0.014436402578639814,0.006701392931686559,0.009733008189114517,0.012805765326941505,0.02388418452844745,0.019948492381127617,0.02617940342576458,0.007037579004187153,0.004779762335705798,0.013939617095099107,0.0069855332599567934,91,0.568270040707697,0.6910328179667365,0.8180156520105023,0.7534746381115611,0.7852992132219103,0.6001758778478045,0.6463313712699483,0.4348812808322752,0.7955208093332514,0.774130181403275,0.6867131882704962,0.11725340371317046,79,0.0919918726552707,0.09294393826560864,0.06950225143333519,0.07004470830793808,0.09436830896375922,0.12468355030369507,0.09243060398635691,0.11028651638939133,0.0627910551364695,0.053408089921129075,0.08624508953629538,0.020997114320148356,105
124,0.002200746536254883,0.00039975733807253344,0.00200042724609375,7.62939453125e-07,SVR(),,2,auto,rbf,1,False,0.01,,,,,,,,,,,"{'estimator': SVR(), 'estimator__C': 1, 'estimator__degree': 2, 'estimator__gamma': 'auto', 'estimator__kernel': 'rbf', 'estimator__shrinking': False, 'estimator__tol': 0.01}",0.014056048975594107,0.01399497111333119,0.006573642800849795,0.008731554792610369,0.011717410040324902,0.026041392951299053,0.020651809608919318,0.024904006734567986,0.006792289714916141,0.005009687609428062,0.01384728143418409,0.007271886500989608,73,0.5631145641672691,0.7004803126008237,0.8214848597562494,0.7788402451459524,0.8035465206154847,0.5640639493480613,0.6338621964188887,0.46241248667520296,0.8026477709374504,0.763264959197874,0.6893717864863256,0.11964287137669667,49,0.08598060856503299,0.09405906176263941,0.06897758727615476,0.0701148483747089,0.09019712173723266,0.12518588379902346,0.09276599245872424,0.10982044152644947,0.059898139705068375,0.058327778970069126,0.08553274641751034,0.020538418893764482,84
125,0.0024003505706787108,0.0004900199464563996,0.0024008989334106446,0.0004901086064994655,SVR(),,2,auto,rbf,1,False,0.001,,,,,,,,,,,"{'estimator': SVR(), 'estimator__C': 1, 'estimator__degree': 2, 'estimator__gamma': 'auto', 'estimator__kernel': 'rbf', 'estimator__shrinking': False, 'estimator__tol': 0.001}",0.014077134936889151,0.014055677632419609,0.006463411093264897,0.008668414738777799,0.011704194607668856,0.026635179475157485,0.02044115172390908,0.025096942783061217,0.006736120906135936,0.004981626773715961,0.013885985467099998,0.007407760005397059,79,0.5624591773365649,0.6991810746479039,0.8244783337454783,0.7804395065786243,0.8037680898631185,0.5541238915091709,0.63759696914754,0.4582476945738493,0.8042797742944654,0.7645909866081948,0.688916549830491,0.12210132164327915,61,0.08636226939512348,0.0933605809607128,0.06862765305608674,0.070910850090777,0.08965926339188326,0.12745949564277934,0.09206625911283806,0.1105513342371899,0.0594041198123257,0.05783321069733395,0.08562350363970503,0.021106703063189246,90
126,0.0007004261016845704,0.0004585366726007887,0.0,0.0,SVR(),,3,scale,polynomial,1,True,0.1,,,,,,,,,,,"{'estimator': SVR(), 'estimator__C': 1, 'estimator__degree': 3, 'estimator__gamma': 'scale', 'estimator__kernel': 'polynomial', 'estimator__shrinking': True, 'estimator__tol': 0.1}",,,,,,,,,,,,,1009,,,,,,,,,,,,,1009,,,,,,,,,,,,,1009
127,0.0005997419357299805,0.0004896877013845416,0.0,0.0,SVR(),,3,scale,polynomial,1,True,0.01,,,,,,,,,,,"{'estimator': SVR(), 'estimator__C': 1, 'estimator__degree': 3, 'estimator__gamma': 'scale', 'estimator__kernel': 'polynomial', 'estimator__shrinking': True, 'estimator__tol': 0.01}",,,,,,,,,,,,,1009,,,,,,,,,,,,,1009,,,,,,,,,,,,,1009
128,0.000599813461303711,0.0004897459305168887,0.0,0.0,SVR(),,3,scale,polynomial,1,True,0.001,,,,,,,,,,,"{'estimator': SVR(), 'estimator__C': 1, 'estimator__degree': 3, 'estimator__gamma': 'scale', 'estimator__kernel': 'polynomial', 'estimator__shrinking': True, 'estimator__tol': 0.001}",,,,,,,,,,,,,1009,,,,,,,,,,,,,1009,,,,,,,,,,,,,1009
129,0.0007013559341430664,0.0006408712964113909,0.0,0.0,SVR(),,3,scale,polynomial,1,False,0.1,,,,,,,,,,,"{'estimator': SVR(), 'estimator__C': 1, 'estimator__degree': 3, 'estimator__gamma': 'scale', 'estimator__kernel': 'polynomial', 'estimator__shrinking': False, 'estimator__tol': 0.1}",,,,,,,,,,,,,1009,,,,,,,,,,,,,1009,,,,,,,,,,,,,1009
130,0.000784611701965332,0.0003950303821728259,0.0,0.0,SVR(),,3,scale,polynomial,1,False,0.01,,,,,,,,,,,"{'estimator': SVR(), 'estimator__C': 1, 'estimator__degree': 3, 'estimator__gamma': 'scale', 'estimator__kernel': 'polynomial', 'estimator__shrinking': False, 'estimator__tol': 0.01}",,,,,,,,,,,,,1009,,,,,,,,,,,,,1009,,,,,,,,,,,,,1009
131,0.000652146339416504,0.0004493856929947693,0.0,0.0,SVR(),,3,scale,polynomial,1,False,0.001,,,,,,,,,,,"{'estimator': SVR(), 'estimator__C': 1, 'estimator__degree': 3, 'estimator__gamma': 'scale', 'estimator__kernel': 'polynomial', 'estimator__shrinking': False, 'estimator__tol': 0.001}",,,,,,,,,,,,,1009,,,,,,,,,,,,,1009,,,,,,,,,,,,,1009
132,0.002954244613647461,0.0005660178686151378,0.0023037195205688477,0.0005106010191282992,SVR(),,3,scale,sigmoid,1,True,0.1,,,,,,,,,,,"{'estimator': SVR(), 'estimator__C': 1, 'estimator__degree': 3, 'estimator__gamma': 'scale', 'estimator__kernel': 'sigmoid', 'estimator__shrinking': True, 'estimator__tol': 0.1}",7.633039131807026,5.691133429329549,5.038092868182906,5.5185505997162885,5.336311735964671,7.076668534664422,3.0349649492385837,4.111269923528077,4.427453776361938,3.13533204990677,5.100281699870023,1.4304544562136496,955,236.247581707921,120.80135935229134,135.81544345677656,138.77823271702093,88.46832141257165,117.46428255753341,52.80716854855909,87.74746133635864,127.64113701122054,147.16152595343797,125.29325140536912,46.0311009364319,955,2.2779771075900475,2.1254542399894665,1.939139502453975,2.1089345831054396,1.9898806981332946,2.286194099986398,1.2641540795258057,1.688064250262297,1.8683991508740085,1.433129130171736,1.8981326842092467,0.3262292510336871,955
133,0.0028977155685424804,0.0002991606835341554,0.002165412902832031,0.00031722921456850037,SVR(),,3,scale,sigmoid,1,True,0.01,,,,,,,,,,,"{'estimator': SVR(), 'estimator__C': 1, 'estimator__degree': 3, 'estimator__gamma': 'scale', 'estimator__kernel': 'sigmoid', 'estimator__shrinking': True, 'estimator__tol': 0.01}",7.668948233928246,5.788473381202739,5.038092868182906,5.601180194123289,5.336311735964671,7.070867715122287,3.0349649492385837,4.0910259872194805,4.388141134723984,3.1256402684070728,5.1143646468113255,1.4475441884312994,967,237.36369646803823,122.88462424225861,135.81544345677656,140.87114071299519,88.46832141257165,117.36717614058897,52.80716854855909,87.31046790409547,126.49889517772668,146.703536460349,125.60904705239594,46.361246860760566,967,2.281030513495326,2.145610738469747,1.939139502453975,2.1338779441707336,1.9898806981332946,2.28329740719479,1.2641540795258057,1.6821564327903402,1.8777053801413104,1.434051363800704,1.9030904060176028,0.3295452400904333,967
134,0.0030454158782958984,0.00017257948898998895,0.0020730018615722655,0.0003451401042599657,SVR(),,3,scale,sigmoid,1,True,0.001,,,,,,,,,,,"{'estimator': SVR(), 'estimator__C': 1, 'estimator__degree': 3, 'estimator__gamma': 'scale', 'estimator__kernel': 'sigmoid', 'estimator__shrinking': True, 'estimator__tol': 0.001}",7.670207615696926,5.793104391015682,5.031996655076199,5.600558741445296,5.336512246121369,7.068910058008728,3.0349649492385837,4.090107731782054,4.388326029047546,3.1267640150779736,5.114145243251036,1.4476353346274344,961,237.4028401529987,122.9837368878141,135.64989349145765,140.85540006597608,88.47168315529464,117.3344047250118,52.80716854855909,87.29064608737079,126.50426734358346,146.7566396146228,125.6056680072689,46.37036030930979,961,2.28070090421757,2.146416278112686,1.9352475874021673,2.1336326966014627,1.9899086264323325,2.283415119023509,1.2641540795258057,1.681946150000352,1.8770471953105101,1.4344745890219535,1.902694322564835,0.32948249822784104,961
135,0.0028095006942749023,0.0003823015330679857,0.002202486991882324,0.0003998026991982944,SVR(),,3,scale,sigmoid,1,False,0.1,,,,,,,,,,,"{'estimator': SVR(), 'estimator__C': 1, 'estimator__degree': 3, 'estimator__gamma': 'scale', 'estimator__kernel': 'sigmoid', 'estimator__shrinking': False, 'estimator__tol': 0.1}",7.633039131807026,5.691133429329549,5.038092868182906,5.5185505997162885,5.336311735964671,7.076668534664422,3.0349649492385837,4.111269923528077,4.427453776361938,3.13533204990677,5.100281699870023,1.4304544562136496,955,236.247581707921,120.80135935229134,135.81544345677656,138.77823271702093,88.46832141257165,117.46428255753341,52.80716854855909,87.74746133635864,127.64113701122054,147.16152595343797,125.29325140536912,46.0311009364319,955,2.2779771075900475,2.1254542399894665,1.939139502453975,2.1089345831054396,1.9898806981332946,2.286194099986398,1.2641540795258057,1.688064250262297,1.8683991508740085,1.433129130171736,1.8981326842092467,0.3262292510336871,955
136,0.0031052589416503905,0.0005374893577810964,0.0023055076599121094,0.00046102308387074734,SVR(),,3,scale,sigmoid,1,False,0.01,,,,,,,,,,,"{'estimator': SVR(), 'estimator__C': 1, 'estimator__degree': 3, 'estimator__gamma': 'scale', 'estimator__kernel': 'sigmoid', 'estimator__shrinking': False, 'estimator__tol': 0.01}",7.668948233928246,5.788473381202739,5.038092868182906,5.601180194123289,5.336311735964671,7.070867715122287,3.0349649492385837,4.0910259872194805,4.388141134723984,3.1256402684070728,5.1143646468113255,1.4475441884312994,967,237.36369646803823,122.88462424225861,135.81544345677656,140.87114071299519,88.46832141257165,117.36717614058897,52.80716854855909,87.31046790409547,126.49889517772668,146.703536460349,125.60904705239594,46.361246860760566,967,2.281030513495326,2.145610738469747,1.939139502453975,2.1338779441707336,1.9898806981332946,2.28329740719479,1.2641540795258057,1.6821564327903402,1.8777053801413104,1.434051363800704,1.9030904060176028,0.3295452400904333,967
137,0.0030023813247680663,0.00044551983591589235,0.0025002479553222655,0.0004972288351420928,SVR(),,3,scale,sigmoid,1,False,0.001,,,,,,,,,,,"{'estimator': SVR(), 'estimator__C': 1, 'estimator__degree': 3, 'estimator__gamma': 'scale', 'estimator__kernel': 'sigmoid', 'estimator__shrinking': False, 'estimator__tol': 0.001}",7.670207615696926,5.793104391015682,5.031996655076199,5.600558741445296,5.336512246121369,7.068910058008728,3.0349649492385837,4.090107731782054,4.388326029047546,3.1267640150779736,5.114145243251036,1.4476353346274344,961,237.4028401529987,122.9837368878141,135.64989349145765,140.85540006597608,88.47168315529464,117.3344047250118,52.80716854855909,87.29064608737079,126.50426734358346,146.7566396146228,125.6056680072689,46.37036030930979,961,2.28070090421757,2.146416278112686,1.9352475874021673,2.1336326966014627,1.9899086264323325,2.283415119023509,1.2641540795258057,1.681946150000352,1.8770471953105101,1.4344745890219535,1.902694322564835,0.32948249822784104,961
138,0.003698134422302246,0.0009002982962194224,0.003888058662414551,0.0011691104882939746,SVR(),,3,scale,rbf,1,True,0.1,,,,,,,,,,,"{'estimator': SVR(), 'estimator__C': 1, 'estimator__degree': 3, 'estimator__gamma': 'scale', 'estimator__kernel': 'rbf', 'estimator__shrinking': True, 'estimator__tol': 0.1}",0.014798006095440144,0.011311272362331513,0.0066389917516823035,0.011853014173923758,0.01271271690850891,0.022956158991557958,0.02232337226843437,0.028215208370717983,0.01108840843773775,0.009256932161871305,0.015115408152220603,0.006621278741080136,174,0.5400532999218212,0.7579167020341171,0.8197102307604147,0.6997774427064165,0.7868592581029379,0.6157111369720891,0.6042269105871467,0.3909356085701202,0.6778226174396118,0.562559507918438,0.6455572715013114,0.12343092168181996,189,0.08700171173271187,0.08839715951313062,0.06724527087446303,0.08712688840019585,0.08917777450769579,0.12277240121931493,0.11461303976583635,0.12116072933511572,0.08392371265691595,0.0863453659865318,0.09477640539919117,0.01735288894082603,410
139,0.0027002334594726563,0.0006400961308204349,0.002800655364990234,0.00040063970118880943,SVR(),,3,scale,rbf,1,True,0.01,,,,,,,,,,,"{'estimator': SVR(), 'estimator__C': 1, 'estimator__degree': 3, 'estimator__gamma': 'scale', 'estimator__kernel': 'rbf', 'estimator__shrinking': True, 'estimator__tol': 0.01}",0.014145081202591524,0.010544001735158992,0.0059342432214858284,0.011101385863810218,0.011566565499436384,0.021658179370676028,0.01921040526066462,0.024335500239624865,0.009744431755691717,0.007412412493433577,0.013565220664257378,0.005861564734258008,55,0.5603472941212937,0.7743377904765485,0.8388485208251468,0.71881528152829,0.8060755722405217,0.6374394719660028,0.6594169846982803,0.474684487569792,0.716872305415583,0.6497231143169977,0.6836560823158456,0.10601085951192336,97,0.08459470468399004,0.08235025256507458,0.06554992732905045,0.0837845674720695,0.08643166740907725,0.11841767594379295,0.10309343972360657,0.11109758675400154,0.07433488253466664,0.07522359690131436,0.08848783013166439,0.016130370606995133,154
140,0.002500152587890625,0.0005002513284964462,0.0029008865356445314,0.00030010787093150175,SVR(),,3,scale,rbf,1,True,0.001,,,,,,,,,,,"{'estimator': SVR(), 'estimator__C': 1, 'estimator__degree': 3, 'estimator__gamma': 'scale', 'estimator__kernel': 'rbf', 'estimator__shrinking': True, 'estimator__tol': 0.001}",0.014260452320902128,0.010573226259050482,0.005872097323919332,0.011095210952881362,0.011690591751722039,0.02186029449958159,0.01884221173056969,0.02422877940350489,0.009748276877421937,0.007239004436880432,0.013541014555643388,0.005858201837971262,49,0.5567613674221796,0.7737123286453318,0.840536167074837,0.7189716845767399,0.8039961546292334,0.6340560403947011,0.6659447211511436,0.4769882047796835,0.7167605841291942,0.6579175900097072,0.6845644842812753,0.10572997498141876,91,0.08416349974315773,0.0824727819539057,0.06553963655812006,0.08331103346673643,0.08675997885527997,0.11881997602296175,0.1016094589890328,0.11023107653618981,0.0739017553181518,0.0740122554460919,0.0880821452889628,0.016114961810064176,141
141,0.0025003910064697265,0.0005002041131192206,0.0025008201599121095,0.0004996326707314672,SVR(),,3,scale,rbf,1,False,0.1,,,,,,,,,,,"{'estimator': SVR(), 'estimator__C': 1, 'estimator__degree': 3, 'estimator__gamma': 'scale', 'estimator__kernel': 'rbf', 'estimator__shrinking': False, 'estimator__tol': 0.1}",0.014798006095440144,0.011311272362331513,0.0066389917516823035,0.011853014173923758,0.01271271690850891,0.022956158991557958,0.02232337226843437,0.028215208370717983,0.01108840843773775,0.009256932161871305,0.015115408152220603,0.006621278741080136,174,0.5400532999218212,0.7579167020341171,0.8197102307604147,0.6997774427064165,0.7868592581029379,0.6157111369720891,0.6042269105871467,0.3909356085701202,0.6778226174396118,0.562559507918438,0.6455572715013114,0.12343092168181996,189,0.08700171173271187,0.08839715951313062,0.06724527087446303,0.08712688840019585,0.08917777450769579,0.12277240121931493,0.11461303976583635,0.12116072933511572,0.08392371265691595,0.0863453659865318,0.09477640539919117,0.01735288894082603,410
142,0.0021999359130859377,0.0004006987763493741,0.0021008014678955077,0.0003006170162216951,SVR(),,3,scale,rbf,1,False,0.01,,,,,,,,,,,"{'estimator': SVR(), 'estimator__C': 1, 'estimator__degree': 3, 'estimator__gamma': 'scale', 'estimator__kernel': 'rbf', 'estimator__shrinking': False, 'estimator__tol': 0.01}",0.014145081202591524,0.010544001735158992,0.0059342432214858284,0.011101385863810218,0.011566565499436384,0.021658179370676028,0.01921040526066462,0.024335500239624865,0.009744431755691717,0.007412412493433577,0.013565220664257378,0.005861564734258008,55,0.5603472941212937,0.7743377904765485,0.8388485208251468,0.71881528152829,0.8060755722405217,0.6374394719660028,0.6594169846982803,0.474684487569792,0.716872305415583,0.6497231143169977,0.6836560823158456,0.10601085951192336,97,0.08459470468399004,0.08235025256507458,0.06554992732905045,0.0837845674720695,0.08643166740907725,0.11841767594379295,0.10309343972360657,0.11109758675400154,0.07433488253466664,0.07522359690131436,0.08848783013166439,0.016130370606995133,154
143,0.0023003101348876955,0.0004590062670974851,0.002102565765380859,0.0002996158161218545,SVR(),,3,scale,rbf,1,False,0.001,,,,,,,,,,,"{'estimator': SVR(), 'estimator__C': 1, 'estimator__degree': 3, 'estimator__gamma': 'scale', 'estimator__kernel': 'rbf', 'estimator__shrinking': False, 'estimator__tol': 0.001}",0.014260452320902128,0.010573226259050482,0.005872097323919332,0.011095210952881362,0.011690591751722039,0.02186029449958159,0.01884221173056969,0.02422877940350489,0.009748276877421937,0.007239004436880432,0.013541014555643388,0.005858201837971262,49,0.5567613674221796,0.7737123286453318,0.840536167074837,0.7189716845767399,0.8039961546292334,0.6340560403947011,0.6659447211511436,0.4769882047796835,0.7167605841291942,0.6579175900097072,0.6845644842812753,0.10572997498141876,91,0.08416349974315773,0.0824727819539057,0.06553963655812006,0.08331103346673643,0.08675997885527997,0.11881997602296175,0.1016094589890328,0.11023107653618981,0.0739017553181518,0.0740122554460919,0.0880821452889628,0.016114961810064176,141
144,0.0007027387619018555,0.00046010820497127203,0.0,0.0,SVR(),,3,auto,polynomial,1,True,0.1,,,,,,,,,,,"{'estimator': SVR(), 'estimator__C': 1, 'estimator__degree': 3, 'estimator__gamma': 'auto', 'estimator__kernel': 'polynomial', 'estimator__shrinking': True, 'estimator__tol': 0.1}",,,,,,,,,,,,,1009,,,,,,,,,,,,,1009,,,,,,,,,,,,,1009
145,0.0004980802536010742,0.0004981026147555277,0.0,0.0,SVR(),,3,auto,polynomial,1,True,0.01,,,,,,,,,,,"{'estimator': SVR(), 'estimator__C': 1, 'estimator__degree': 3, 'estimator__gamma': 'auto', 'estimator__kernel': 'polynomial', 'estimator__shrinking': True, 'estimator__tol': 0.01}",,,,,,,,,,,,,1009,,,,,,,,,,,,,1009,,,,,,,,,,,,,1009
146,0.0006026268005371094,0.0004920479747395407,0.0,0.0,SVR(),,3,auto,polynomial,1,True,0.001,,,,,,,,,,,"{'estimator': SVR(), 'estimator__C': 1, 'estimator__degree': 3, 'estimator__gamma': 'auto', 'estimator__kernel': 'polynomial', 'estimator__shrinking': True, 'estimator__tol': 0.001}",,,,,,,,,,,,,1009,,,,,,,,,,,,,1009,,,,,,,,,,,,,1009
147,0.0008031368255615234,0.00040157772335503296,0.0,0.0,SVR(),,3,auto,polynomial,1,False,0.1,,,,,,,,,,,"{'estimator': SVR(), 'estimator__C': 1, 'estimator__degree': 3, 'estimator__gamma': 'auto', 'estimator__kernel': 'polynomial', 'estimator__shrinking': False, 'estimator__tol': 0.1}",,,,,,,,,,,,,1009,,,,,,,,,,,,,1009,,,,,,,,,,,,,1009
148,0.0006030082702636718,0.000492364058164946,0.0,0.0,SVR(),,3,auto,polynomial,1,False,0.01,,,,,,,,,,,"{'estimator': SVR(), 'estimator__C': 1, 'estimator__degree': 3, 'estimator__gamma': 'auto', 'estimator__kernel': 'polynomial', 'estimator__shrinking': False, 'estimator__tol': 0.01}",,,,,,,,,,,,,1009,,,,,,,,,,,,,1009,,,,,,,,,,,,,1009
149,0.0006967782974243164,0.00045616494402232164,0.0,0.0,SVR(),,3,auto,polynomial,1,False,0.001,,,,,,,,,,,"{'estimator': SVR(), 'estimator__C': 1, 'estimator__degree': 3, 'estimator__gamma': 'auto', 'estimator__kernel': 'polynomial', 'estimator__shrinking': False, 'estimator__tol': 0.001}",,,,,,,,,,,,,1009,,,,,,,,,,,,,1009,,,,,,,,,,,,,1009
150,0.002063441276550293,0.00017892268529593174,0.0020594120025634764,0.00012828451901767464,SVR(),,3,auto,sigmoid,1,True,0.1,,,,,,,,,,,"{'estimator': SVR(), 'estimator__C': 1, 'estimator__degree': 3, 'estimator__gamma': 'auto', 'estimator__kernel': 'sigmoid', 'estimator__shrinking': True, 'estimator__tol': 0.1}",0.013877774760060461,0.014166891485765266,0.009820491981789322,0.009219199829011772,0.013691609646776137,0.027759624782529278,0.021975121079836648,0.02458234098870036,0.006358407041188913,0.005734472411872254,0.01471859340075304,0.007258974649589565,148,0.5686556239975521,0.6968008811970707,0.7333127831093713,0.7664887843502646,0.7704471940277696,0.5353005417987127,0.6104010874608581,0.469356087770633,0.8152543758388352,0.7290149274281335,0.6695032286979201,0.10996830636662998,121,0.09148823801281697,0.08505270875647782,0.08276141602273679,0.07901871940984898,0.09680815195870617,0.13006196420050165,0.10100041648545265,0.10892598794362217,0.057770809618042124,0.0676069974229376,0.0900495409831143,0.019673161895384112,196
151,0.002099442481994629,0.00029827723264162016,0.001900935173034668,0.0002996028892011503,SVR(),,3,auto,sigmoid,1,True,0.01,,,,,,,,,,,"{'estimator': SVR(), 'estimator__C': 1, 'estimator__degree': 3, 'estimator__gamma': 'auto', 'estimator__kernel': 'sigmoid', 'estimator__shrinking': True, 'estimator__tol': 0.01}",0.01350279978134058,0.014127436106832335,0.00715338464552997,0.008735854134313163,0.013077304963364568,0.02702472418017113,0.021296402450772838,0.02284674277362864,0.006346426329506538,0.004756690727349028,0.013886776609280883,0.0072162021516175645,85,0.5803104714791489,0.6976453032875851,0.8057412758951255,0.7787313480045375,0.7807465939841665,0.5476028662869946,0.6224341515264729,0.5068213815490941,0.8156024793879344,0.7752204406313018,0.6910856312032361,0.11091334316467603,41,0.08529027860084692,0.08946268301490815,0.07264602730562597,0.07309649532698456,0.0943466690733287,0.12728414360278004,0.09322353328259701,0.10517915448167818,0.058728951473184424,0.054822636250916684,0.08540805724128506,0.020648544333305652,78
152,0.0019999980926513673,8.785457749369669e-06,0.0020010948181152345,0.00044306007550473593,SVR(),,3,auto,sigmoid,1,True,0.001,,,,,,,,,,,"{'estimator': SVR(), 'estimator__C': 1, 'estimator__degree': 3, 'estimator__gamma': 'auto', 'estimator__kernel': 'sigmoid', 'estimator__shrinking': True, 'estimator__tol': 0.001}",0.014002148303122238,0.014040574885321854,0.007121934242086082,0.008934425226425777,0.013011632434496712,0.02757754934727146,0.02147973675355649,0.023027670682922986,0.006259107560894357,0.004824188701232027,0.014027896813732996,0.007347452962078509,103,0.5647898869286965,0.6995043029027503,0.8065953492531701,0.7737017816677503,0.7818476561430966,0.5383485064876777,0.6191838010625944,0.5029158017809359,0.81813955515294,0.7720307935221327,0.6877057434901744,0.11441771154015727,73,0.08689788069694643,0.08991034733667351,0.07261784972112181,0.07415455354602714,0.09384048404962883,0.12906261440780079,0.09429047252983372,0.10601237503786573,0.058493734023453814,0.05563400111926368,0.08609143124686154,0.02097424027773041,98
153,0.002097487449645996,0.0002967896920888795,0.0019008159637451173,0.0003001275007374372,SVR(),,3,auto,sigmoid,1,False,0.1,,,,,,,,,,,"{'estimator': SVR(), 'estimator__C': 1, 'estimator__degree': 3, 'estimator__gamma': 'auto', 'estimator__kernel': 'sigmoid', 'estimator__shrinking': False, 'estimator__tol': 0.1}",0.013877774760060461,0.014166891485765266,0.009820491981789322,0.009219199829011772,0.013691609646776137,0.027759624782529278,0.021975121079836648,0.02458234098870036,0.006358407041188913,0.005734472411872254,0.01471859340075304,0.007258974649589565,148,0.5686556239975521,0.6968008811970707,0.7333127831093713,0.7664887843502646,0.7704471940277696,0.5353005417987127,0.6104010874608581,0.469356087770633,0.8152543758388352,0.7290149274281335,0.6695032286979201,0.10996830636662998,121,0.09148823801281697,0.08505270875647782,0.08276141602273679,0.07901871940984898,0.09680815195870617,0.13006196420050165,0.10100041648545265,0.10892598794362217,0.057770809618042124,0.0676069974229376,0.0900495409831143,0.019673161895384112,196
154,0.002100348472595215,0.00030098980221137474,0.0020014762878417967,4.288619428977471e-06,SVR(),,3,auto,sigmoid,1,False,0.01,,,,,,,,,,,"{'estimator': SVR(), 'estimator__C': 1, 'estimator__degree': 3, 'estimator__gamma': 'auto', 'estimator__kernel': 'sigmoid', 'estimator__shrinking': False, 'estimator__tol': 0.01}",0.01350279978134058,0.014127436106832335,0.00715338464552997,0.008735854134313163,0.013077304963364568,0.02702472418017113,0.021296402450772838,0.02284674277362864,0.006346426329506538,0.004756690727349028,0.013886776609280883,0.0072162021516175645,85,0.5803104714791489,0.6976453032875851,0.8057412758951255,0.7787313480045375,0.7807465939841665,0.5476028662869946,0.6224341515264729,0.5068213815490941,0.8156024793879344,0.7752204406313018,0.6910856312032361,0.11091334316467603,41,0.08529027860084692,0.08946268301490815,0.07264602730562597,0.07309649532698456,0.0943466690733287,0.12728414360278004,0.09322353328259701,0.10517915448167818,0.058728951473184424,0.054822636250916684,0.08540805724128506,0.020648544333305652,78
155,0.002396702766418457,0.0004894095156016713,0.001802206039428711,0.00039909704865874923,SVR(),,3,auto,sigmoid,1,False,0.001,,,,,,,,,,,"{'estimator': SVR(), 'estimator__C': 1, 'estimator__degree': 3, 'estimator__gamma': 'auto', 'estimator__kernel': 'sigmoid', 'estimator__shrinking': False, 'estimator__tol': 0.001}",0.014002148303122238,0.014040574885321854,0.007121934242086082,0.008934425226425777,0.013011632434496712,0.02757754934727146,0.02147973675355649,0.023027670682922986,0.006259107560894357,0.004824188701232027,0.014027896813732996,0.007347452962078509,103,0.5647898869286965,0.6995043029027503,0.8065953492531701,0.7737017816677503,0.7818476561430966,0.5383485064876777,0.6191838010625944,0.5029158017809359,0.81813955515294,0.7720307935221327,0.6877057434901744,0.11441771154015727,73,0.08689788069694643,0.08991034733667351,0.07261784972112181,0.07415455354602714,0.09384048404962883,0.12906261440780079,0.09429047252983372,0.10601237503786573,0.058493734023453814,0.05563400111926368,0.08609143124686154,0.02097424027773041,98
156,0.0022005558013916014,0.000395734305201736,0.0021002769470214845,0.0002998318684127779,SVR(),,3,auto,rbf,1,True,0.1,,,,,,,,,,,"{'estimator': SVR(), 'estimator__C': 1, 'estimator__degree': 3, 'estimator__gamma': 'auto', 'estimator__kernel': 'rbf', 'estimator__shrinking': True, 'estimator__tol': 0.1}",0.01389018024937608,0.014436402578639814,0.006701392931686559,0.009733008189114517,0.012805765326941505,0.02388418452844745,0.019948492381127617,0.02617940342576458,0.007037579004187153,0.004779762335705798,0.013939617095099107,0.0069855332599567934,91,0.568270040707697,0.6910328179667365,0.8180156520105023,0.7534746381115611,0.7852992132219103,0.6001758778478045,0.6463313712699483,0.4348812808322752,0.7955208093332514,0.774130181403275,0.6867131882704962,0.11725340371317046,79,0.0919918726552707,0.09294393826560864,0.06950225143333519,0.07004470830793808,0.09436830896375922,0.12468355030369507,0.09243060398635691,0.11028651638939133,0.0627910551364695,0.053408089921129075,0.08624508953629538,0.020997114320148356,105
157,0.0022005796432495116,0.0003966056831017788,0.001902294158935547,0.00029826867105205434,SVR(),,3,auto,rbf,1,True,0.01,,,,,,,,,,,"{'estimator': SVR(), 'estimator__C': 1, 'estimator__degree': 3, 'estimator__gamma': 'auto', 'estimator__kernel': 'rbf', 'estimator__shrinking': True, 'estimator__tol': 0.01}",0.014056048975594107,0.01399497111333119,0.006573642800849795,0.008731554792610369,0.011717410040324902,0.026041392951299053,0.020651809608919318,0.024904006734567986,0.006792289714916141,0.005009687609428062,0.01384728143418409,0.007271886500989608,73,0.5631145641672691,0.7004803126008237,0.8214848597562494,0.7788402451459524,0.8035465206154847,0.5640639493480613,0.6338621964188887,0.46241248667520296,0.8026477709374504,0.763264959197874,0.6893717864863256,0.11964287137669667,49,0.08598060856503299,0.09405906176263941,0.06897758727615476,0.0701148483747089,0.09019712173723266,0.12518588379902346,0.09276599245872424,0.10982044152644947,0.059898139705068375,0.058327778970069126,0.08553274641751034,0.020538418893764482,84
158,0.0021044015884399414,0.00029661845531702227,0.002300524711608887,0.0004548196878148932,SVR(),,3,auto,rbf,1,True,0.001,,,,,,,,,,,"{'estimator': SVR(), 'estimator__C': 1, 'estimator__degree': 3, 'estimator__gamma': 'auto', 'estimator__kernel': 'rbf', 'estimator__shrinking': True, 'estimator__tol': 0.001}",0.014077134936889151,0.014055677632419609,0.006463411093264897,0.008668414738777799,0.011704194607668856,0.026635179475157485,0.02044115172390908,0.025096942783061217,0.006736120906135936,0.004981626773715961,0.013885985467099998,0.007407760005397059,79,0.5624591773365649,0.6991810746479039,0.8244783337454783,0.7804395065786243,0.8037680898631185,0.5541238915091709,0.63759696914754,0.4582476945738493,0.8042797742944654,0.7645909866081948,0.688916549830491,0.12210132164327915,61,0.08636226939512348,0.0933605809607128,0.06862765305608674,0.070910850090777,0.08965926339188326,0.12745949564277934,0.09206625911283806,0.1105513342371899,0.0594041198123257,0.05783321069733395,0.08562350363970503,0.021106703063189246,90
159,0.002096748352050781,0.00029480314524359184,0.002004051208496094,7.863621606711592e-06,SVR(),,3,auto,rbf,1,False,0.1,,,,,,,,,,,"{'estimator': SVR(), 'estimator__C': 1, 'estimator__degree': 3, 'estimator__gamma': 'auto', 'estimator__kernel': 'rbf', 'estimator__shrinking': False, 'estimator__tol': 0.1}",0.01389018024937608,0.014436402578639814,0.006701392931686559,0.009733008189114517,0.012805765326941505,0.02388418452844745,0.019948492381127617,0.02617940342576458,0.007037579004187153,0.004779762335705798,0.013939617095099107,0.0069855332599567934,91,0.568270040707697,0.6910328179667365,0.8180156520105023,0.7534746381115611,0.7852992132219103,0.6001758778478045,0.6463313712699483,0.4348812808322752,0.7955208093332514,0.774130181403275,0.6867131882704962,0.11725340371317046,79,0.0919918726552707,0.09294393826560864,0.06950225143333519,0.07004470830793808,0.09436830896375922,0.12468355030369507,0.09243060398635691,0.11028651638939133,0.0627910551364695,0.053408089921129075,0.08624508953629538,0.020997114320148356,105
160,0.0023065805435180664,0.00045912654287914406,0.002195119857788086,0.0003958660330904835,SVR(),,3,auto,rbf,1,False,0.01,,,,,,,,,,,"{'estimator': SVR(), 'estimator__C': 1, 'estimator__degree': 3, 'estimator__gamma': 'auto', 'estimator__kernel': 'rbf', 'estimator__shrinking': False, 'estimator__tol': 0.01}",0.014056048975594107,0.01399497111333119,0.006573642800849795,0.008731554792610369,0.011717410040324902,0.026041392951299053,0.020651809608919318,0.024904006734567986,0.006792289714916141,0.005009687609428062,0.01384728143418409,0.007271886500989608,73,0.5631145641672691,0.7004803126008237,0.8214848597562494,0.7788402451459524,0.8035465206154847,0.5640639493480613,0.6338621964188887,0.46241248667520296,0.8026477709374504,0.763264959197874,0.6893717864863256,0.11964287137669667,49,0.08598060856503299,0.09405906176263941,0.06897758727615476,0.0701148483747089,0.09019712173723266,0.12518588379902346,0.09276599245872424,0.10982044152644947,0.059898139705068375,0.058327778970069126,0.08553274641751034,0.020538418893764482,84
161,0.002199077606201172,0.00039954674896801144,0.0023026227951049804,0.00046353542795690906,SVR(),,3,auto,rbf,1,False,0.001,,,,,,,,,,,"{'estimator': SVR(), 'estimator__C': 1, 'estimator__degree': 3, 'estimator__gamma': 'auto', 'estimator__kernel': 'rbf', 'estimator__shrinking': False, 'estimator__tol': 0.001}",0.014077134936889151,0.014055677632419609,0.006463411093264897,0.008668414738777799,0.011704194607668856,0.026635179475157485,0.02044115172390908,0.025096942783061217,0.006736120906135936,0.004981626773715961,0.013885985467099998,0.007407760005397059,79,0.5624591773365649,0.6991810746479039,0.8244783337454783,0.7804395065786243,0.8037680898631185,0.5541238915091709,0.63759696914754,0.4582476945738493,0.8042797742944654,0.7645909866081948,0.688916549830491,0.12210132164327915,61,0.08636226939512348,0.0933605809607128,0.06862765305608674,0.070910850090777,0.08965926339188326,0.12745949564277934,0.09206625911283806,0.1105513342371899,0.0594041198123257,0.05783321069733395,0.08562350363970503,0.021106703063189246,90
162,0.0005992650985717773,0.0004893325738188249,0.0,0.0,SVR(),,4,scale,polynomial,1,True,0.1,,,,,,,,,,,"{'estimator': SVR(), 'estimator__C': 1, 'estimator__degree': 4, 'estimator__gamma': 'scale', 'estimator__kernel': 'polynomial', 'estimator__shrinking': True, 'estimator__tol': 0.1}",,,,,,,,,,,,,1009,,,,,,,,,,,,,1009,,,,,,,,,,,,,1009
163,0.000800180435180664,0.00040009056922952156,0.0,0.0,SVR(),,4,scale,polynomial,1,True,0.01,,,,,,,,,,,"{'estimator': SVR(), 'estimator__C': 1, 'estimator__degree': 4, 'estimator__gamma': 'scale', 'estimator__kernel': 'polynomial', 'estimator__shrinking': True, 'estimator__tol': 0.01}",,,,,,,,,,,,,1009,,,,,,,,,,,,,1009,,,,,,,,,,,,,1009
164,0.0007008790969848632,0.0004588341496088111,0.0,0.0,SVR(),,4,scale,polynomial,1,True,0.001,,,,,,,,,,,"{'estimator': SVR(), 'estimator__C': 1, 'estimator__degree': 4, 'estimator__gamma': 'scale', 'estimator__kernel': 'polynomial', 'estimator__shrinking': True, 'estimator__tol': 0.001}",,,,,,,,,,,,,1009,,,,,,,,,,,,,1009,,,,,,,,,,,,,1009
165,0.0008002519607543945,0.0004001269171093086,0.0,0.0,SVR(),,4,scale,polynomial,1,False,0.1,,,,,,,,,,,"{'estimator': SVR(), 'estimator__C': 1, 'estimator__degree': 4, 'estimator__gamma': 'scale', 'estimator__kernel': 'polynomial', 'estimator__shrinking': False, 'estimator__tol': 0.1}",,,,,,,,,,,,,1009,,,,,,,,,,,,,1009,,,,,,,,,,,,,1009
166,0.0007987260818481445,0.00039938383466606484,0.0,0.0,SVR(),,4,scale,polynomial,1,False,0.01,,,,,,,,,,,"{'estimator': SVR(), 'estimator__C': 1, 'estimator__degree': 4, 'estimator__gamma': 'scale', 'estimator__kernel': 'polynomial', 'estimator__shrinking': False, 'estimator__tol': 0.01}",,,,,,,,,,,,,1009,,,,,,,,,,,,,1009,,,,,,,,,,,,,1009
167,0.0009008169174194336,0.00030027454802525707,0.0,0.0,SVR(),,4,scale,polynomial,1,False,0.001,,,,,,,,,,,"{'estimator': SVR(), 'estimator__C': 1, 'estimator__degree': 4, 'estimator__gamma': 'scale', 'estimator__kernel': 'polynomial', 'estimator__shrinking': False, 'estimator__tol': 0.001}",,,,,,,,,,,,,1009,,,,,,,,,,,,,1009,,,,,,,,,,,,,1009
168,0.003201723098754883,0.00040312910110159434,0.002699589729309082,0.00046096063453867286,SVR(),,4,scale,sigmoid,1,True,0.1,,,,,,,,,,,"{'estimator': SVR(), 'estimator__C': 1, 'estimator__degree': 4, 'estimator__gamma': 'scale', 'estimator__kernel': 'sigmoid', 'estimator__shrinking': True, 'estimator__tol': 0.1}",7.633039131807026,5.691133429329549,5.038092868182906,5.5185505997162885,5.336311735964671,7.076668534664422,3.0349649492385837,4.111269923528077,4.427453776361938,3.13533204990677,5.100281699870023,1.4304544562136496,955,236.247581707921,120.80135935229134,135.81544345677656,138.77823271702093,88.46832141257165,117.46428255753341,52.80716854855909,87.74746133635864,127.64113701122054,147.16152595343797,125.29325140536912,46.0311009364319,955,2.2779771075900475,2.1254542399894665,1.939139502453975,2.1089345831054396,1.9898806981332946,2.286194099986398,1.2641540795258057,1.688064250262297,1.8683991508740085,1.433129130171736,1.8981326842092467,0.3262292510336871,955
169,0.003600764274597168,0.0004893382054755672,0.0030534982681274412,0.0006517226965730397,SVR(),,4,scale,sigmoid,1,True,0.01,,,,,,,,,,,"{'estimator': SVR(), 'estimator__C': 1, 'estimator__degree': 4, 'estimator__gamma': 'scale', 'estimator__kernel': 'sigmoid', 'estimator__shrinking': True, 'estimator__tol': 0.01}",7.668948233928246,5.788473381202739,5.038092868182906,5.601180194123289,5.336311735964671,7.070867715122287,3.0349649492385837,4.0910259872194805,4.388141134723984,3.1256402684070728,5.1143646468113255,1.4475441884312994,967,237.36369646803823,122.88462424225861,135.81544345677656,140.87114071299519,88.46832141257165,117.36717614058897,52.80716854855909,87.31046790409547,126.49889517772668,146.703536460349,125.60904705239594,46.361246860760566,967,2.281030513495326,2.145610738469747,1.939139502453975,2.1338779441707336,1.9898806981332946,2.28329740719479,1.2641540795258057,1.6821564327903402,1.8777053801413104,1.434051363800704,1.9030904060176028,0.3295452400904333,967
170,0.0035007715225219725,0.0005003729412630683,0.002700996398925781,0.00045749797908718607,SVR(),,4,scale,sigmoid,1,True,0.001,,,,,,,,,,,"{'estimator': SVR(), 'estimator__C': 1, 'estimator__degree': 4, 'estimator__gamma': 'scale', 'estimator__kernel': 'sigmoid', 'estimator__shrinking': True, 'estimator__tol': 0.001}",7.670207615696926,5.793104391015682,5.031996655076199,5.600558741445296,5.336512246121369,7.068910058008728,3.0349649492385837,4.090107731782054,4.388326029047546,3.1267640150779736,5.114145243251036,1.4476353346274344,961,237.4028401529987,122.9837368878141,135.64989349145765,140.85540006597608,88.47168315529464,117.3344047250118,52.80716854855909,87.29064608737079,126.50426734358346,146.7566396146228,125.6056680072689,46.37036030930979,961,2.28070090421757,2.146416278112686,1.9352475874021673,2.1336326966014627,1.9899086264323325,2.283415119023509,1.2641540795258057,1.681946150000352,1.8770471953105101,1.4344745890219535,1.902694322564835,0.32948249822784104,961
171,0.0036004304885864256,0.0004900874464196915,0.0029009342193603515,0.0005385135614139698,SVR(),,4,scale,sigmoid,1,False,0.1,,,,,,,,,,,"{'estimator': SVR(), 'estimator__C': 1, 'estimator__degree': 4, 'estimator__gamma': 'scale', 'estimator__kernel': 'sigmoid', 'estimator__shrinking': False, 'estimator__tol': 0.1}",7.633039131807026,5.691133429329549,5.038092868182906,5.5185505997162885,5.336311735964671,7.076668534664422,3.0349649492385837,4.111269923528077,4.427453776361938,3.13533204990677,5.100281699870023,1.4304544562136496,955,236.247581707921,120.80135935229134,135.81544345677656,138.77823271702093,88.46832141257165,117.46428255753341,52.80716854855909,87.74746133635864,127.64113701122054,147.16152595343797,125.29325140536912,46.0311009364319,955,2.2779771075900475,2.1254542399894665,1.939139502453975,2.1089345831054396,1.9898806981332946,2.286194099986398,1.2641540795258057,1.688064250262297,1.8683991508740085,1.433129130171736,1.8981326842092467,0.3262292510336871,955
172,0.003500556945800781,0.0005010152119453051,0.002700209617614746,0.0006400845599331157,SVR(),,4,scale,sigmoid,1,False,0.01,,,,,,,,,,,"{'estimator': SVR(), 'estimator__C': 1, 'estimator__degree': 4, 'estimator__gamma': 'scale', 'estimator__kernel': 'sigmoid', 'estimator__shrinking': False, 'estimator__tol': 0.01}",7.668948233928246,5.788473381202739,5.038092868182906,5.601180194123289,5.336311735964671,7.070867715122287,3.0349649492385837,4.0910259872194805,4.388141134723984,3.1256402684070728,5.1143646468113255,1.4475441884312994,967,237.36369646803823,122.88462424225861,135.81544345677656,140.87114071299519,88.46832141257165,117.36717614058897,52.80716854855909,87.31046790409547,126.49889517772668,146.703536460349,125.60904705239594,46.361246860760566,967,2.281030513495326,2.145610738469747,1.939139502453975,2.1338779441707336,1.9898806981332946,2.28329740719479,1.2641540795258057,1.6821564327903402,1.8777053801413104,1.434051363800704,1.9030904060176028,0.3295452400904333,967
173,0.0030834197998046873,0.0003086225097930685,0.002799725532531738,0.000399589402721127,SVR(),,4,scale,sigmoid,1,False,0.001,,,,,,,,,,,"{'estimator': SVR(), 'estimator__C': 1, 'estimator__degree': 4, 'estimator__gamma': 'scale', 'estimator__kernel': 'sigmoid', 'estimator__shrinking': False, 'estimator__tol': 0.001}",7.670207615696926,5.793104391015682,5.031996655076199,5.600558741445296,5.336512246121369,7.068910058008728,3.0349649492385837,4.090107731782054,4.388326029047546,3.1267640150779736,5.114145243251036,1.4476353346274344,961,237.4028401529987,122.9837368878141,135.64989349145765,140.85540006597608,88.47168315529464,117.3344047250118,52.80716854855909,87.29064608737079,126.50426734358346,146.7566396146228,125.6056680072689,46.37036030930979,961,2.28070090421757,2.146416278112686,1.9352475874021673,2.1336326966014627,1.9899086264323325,2.283415119023509,1.2641540795258057,1.681946150000352,1.8770471953105101,1.4344745890219535,1.902694322564835,0.32948249822784104,961
174,0.002501058578491211,0.0005005845003380619,0.002299976348876953,0.0004582884730662766,SVR(),,4,scale,rbf,1,True,0.1,,,,,,,,,,,"{'estimator': SVR(), 'estimator__C': 1, 'estimator__degree': 4, 'estimator__gamma': 'scale', 'estimator__kernel': 'rbf', 'estimator__shrinking': True, 'estimator__tol': 0.1}",0.014798006095440144,0.011311272362331513,0.0066389917516823035,0.011853014173923758,0.01271271690850891,0.022956158991557958,0.02232337226843437,0.028215208370717983,0.01108840843773775,0.009256932161871305,0.015115408152220603,0.006621278741080136,174,0.5400532999218212,0.7579167020341171,0.8197102307604147,0.6997774427064165,0.7868592581029379,0.6157111369720891,0.6042269105871467,0.3909356085701202,0.6778226174396118,0.562559507918438,0.6455572715013114,0.12343092168181996,189,0.08700171173271187,0.08839715951313062,0.06724527087446303,0.08712688840019585,0.08917777450769579,0.12277240121931493,0.11461303976583635,0.12116072933511572,0.08392371265691595,0.0863453659865318,0.09477640539919117,0.01735288894082603,410
175,0.0026005983352661135,0.0006634650005474112,0.0021003007888793944,0.00029975079593932454,SVR(),,4,scale,rbf,1,True,0.01,,,,,,,,,,,"{'estimator': SVR(), 'estimator__C': 1, 'estimator__degree': 4, 'estimator__gamma': 'scale', 'estimator__kernel': 'rbf', 'estimator__shrinking': True, 'estimator__tol': 0.01}",0.014145081202591524,0.010544001735158992,0.0059342432214858284,0.011101385863810218,0.011566565499436384,0.021658179370676028,0.01921040526066462,0.024335500239624865,0.009744431755691717,0.007412412493433577,0.013565220664257378,0.005861564734258008,55,0.5603472941212937,0.7743377904765485,0.8388485208251468,0.71881528152829,0.8060755722405217,0.6374394719660028,0.6594169846982803,0.474684487569792,0.716872305415583,0.6497231143169977,0.6836560823158456,0.10601085951192336,97,0.08459470468399004,0.08235025256507458,0.06554992732905045,0.0837845674720695,0.08643166740907725,0.11841767594379295,0.10309343972360657,0.11109758675400154,0.07433488253466664,0.07522359690131436,0.08848783013166439,0.016130370606995133,154
176,0.0024003982543945312,0.0006629328721821172,0.002200937271118164,0.0003996646589713614,SVR(),,4,scale,rbf,1,True,0.001,,,,,,,,,,,"{'estimator': SVR(), 'estimator__C': 1, 'estimator__degree': 4, 'estimator__gamma': 'scale', 'estimator__kernel': 'rbf', 'estimator__shrinking': True, 'estimator__tol': 0.001}",0.014260452320902128,0.010573226259050482,0.005872097323919332,0.011095210952881362,0.011690591751722039,0.02186029449958159,0.01884221173056969,0.02422877940350489,0.009748276877421937,0.007239004436880432,0.013541014555643388,0.005858201837971262,49,0.5567613674221796,0.7737123286453318,0.840536167074837,0.7189716845767399,0.8039961546292334,0.6340560403947011,0.6659447211511436,0.4769882047796835,0.7167605841291942,0.6579175900097072,0.6845644842812753,0.10572997498141876,91,0.08416349974315773,0.0824727819539057,0.06553963655812006,0.08331103346673643,0.08675997885527997,0.11881997602296175,0.1016094589890328,0.11023107653618981,0.0739017553181518,0.0740122554460919,0.0880821452889628,0.016114961810064176,141
177,0.0021997690200805664,0.00040054467816879555,0.002001500129699707,2.21985494594657e-06,SVR(),,4,scale,rbf,1,False,0.1,,,,,,,,,,,"{'estimator': SVR(), 'estimator__C': 1, 'estimator__degree': 4, 'estimator__gamma': 'scale', 'estimator__kernel': 'rbf', 'estimator__shrinking': False, 'estimator__tol': 0.1}",0.014798006095440144,0.011311272362331513,0.0066389917516823035,0.011853014173923758,0.01271271690850891,0.022956158991557958,0.02232337226843437,0.028215208370717983,0.01108840843773775,0.009256932161871305,0.015115408152220603,0.006621278741080136,174,0.5400532999218212,0.7579167020341171,0.8197102307604147,0.6997774427064165,0.7868592581029379,0.6157111369720891,0.6042269105871467,0.3909356085701202,0.6778226174396118,0.562559507918438,0.6455572715013114,0.12343092168181996,189,0.08700171173271187,0.08839715951313062,0.06724527087446303,0.08712688840019585,0.08917777450769579,0.12277240121931493,0.11461303976583635,0.12116072933511572,0.08392371265691595,0.0863453659865318,0.09477640539919117,0.01735288894082603,410
178,0.00210111141204834,0.0003001272516795314,0.0019994497299194334,2.527799183903545e-06,SVR(),,4,scale,rbf,1,False,0.01,,,,,,,,,,,"{'estimator': SVR(), 'estimator__C': 1, 'estimator__degree': 4, 'estimator__gamma': 'scale', 'estimator__kernel': 'rbf', 'estimator__shrinking': False, 'estimator__tol': 0.01}",0.014145081202591524,0.010544001735158992,0.0059342432214858284,0.011101385863810218,0.011566565499436384,0.021658179370676028,0.01921040526066462,0.024335500239624865,0.009744431755691717,0.007412412493433577,0.013565220664257378,0.005861564734258008,55,0.5603472941212937,0.7743377904765485,0.8388485208251468,0.71881528152829,0.8060755722405217,0.6374394719660028,0.6594169846982803,0.474684487569792,0.716872305415583,0.6497231143169977,0.6836560823158456,0.10601085951192336,97,0.08459470468399004,0.08235025256507458,0.06554992732905045,0.0837845674720695,0.08643166740907725,0.11841767594379295,0.10309343972360657,0.11109758675400154,0.07433488253466664,0.07522359690131436,0.08848783013166439,0.016130370606995133,154
179,0.0023001909255981447,0.00045882565090693555,0.002101898193359375,0.0002997260844552393,SVR(),,4,scale,rbf,1,False,0.001,,,,,,,,,,,"{'estimator': SVR(), 'estimator__C': 1, 'estimator__degree': 4, 'estimator__gamma': 'scale', 'estimator__kernel': 'rbf', 'estimator__shrinking': False, 'estimator__tol': 0.001}",0.014260452320902128,0.010573226259050482,0.005872097323919332,0.011095210952881362,0.011690591751722039,0.02186029449958159,0.01884221173056969,0.02422877940350489,0.009748276877421937,0.007239004436880432,0.013541014555643388,0.005858201837971262,49,0.5567613674221796,0.7737123286453318,0.840536167074837,0.7189716845767399,0.8039961546292334,0.6340560403947011,0.6659447211511436,0.4769882047796835,0.7167605841291942,0.6579175900097072,0.6845644842812753,0.10572997498141876,91,0.08416349974315773,0.0824727819539057,0.06553963655812006,0.08331103346673643,0.08675997885527997,0.11881997602296175,0.1016094589890328,0.11023107653618981,0.0739017553181518,0.0740122554460919,0.0880821452889628,0.016114961810064176,141
180,0.0005974531173706055,0.0004878484174964203,0.0,0.0,SVR(),,4,auto,polynomial,1,True,0.1,,,,,,,,,,,"{'estimator': SVR(), 'estimator__C': 1, 'estimator__degree': 4, 'estimator__gamma': 'auto', 'estimator__kernel': 'polynomial', 'estimator__shrinking': True, 'estimator__tol': 0.1}",,,,,,,,,,,,,1009,,,,,,,,,,,,,1009,,,,,,,,,,,,,1009
181,0.0005003690719604492,0.0005003835061471971,0.0,0.0,SVR(),,4,auto,polynomial,1,True,0.01,,,,,,,,,,,"{'estimator': SVR(), 'estimator__C': 1, 'estimator__degree': 4, 'estimator__gamma': 'auto', 'estimator__kernel': 'polynomial', 'estimator__shrinking': True, 'estimator__tol': 0.01}",,,,,,,,,,,,,1009,,,,,,,,,,,,,1009,,,,,,,,,,,,,1009
182,0.0005979776382446289,0.00048827616786267764,0.0,0.0,SVR(),,4,auto,polynomial,1,True,0.001,,,,,,,,,,,"{'estimator': SVR(), 'estimator__C': 1, 'estimator__degree': 4, 'estimator__gamma': 'auto', 'estimator__kernel': 'polynomial', 'estimator__shrinking': True, 'estimator__tol': 0.001}",,,,,,,,,,,,,1009,,,,,,,,,,,,,1009,,,,,,,,,,,,,1009
183,0.0005020856857299805,0.0005021023664887616,0.0,0.0,SVR(),,4,auto,polynomial,1,False,0.1,,,,,,,,,,,"{'estimator': SVR(), 'estimator__C': 1, 'estimator__degree': 4, 'estimator__gamma': 'auto', 'estimator__kernel': 'polynomial', 'estimator__shrinking': False, 'estimator__tol': 0.1}",,,,,,,,,,,,,1009,,,,,,,,,,,,,1009,,,,,,,,,,,,,1009
184,0.0006995677947998046,0.00045800594782954883,0.0,0.0,SVR(),,4,auto,polynomial,1,False,0.01,,,,,,,,,,,"{'estimator': SVR(), 'estimator__C': 1, 'estimator__degree': 4, 'estimator__gamma': 'auto', 'estimator__kernel': 'polynomial', 'estimator__shrinking': False, 'estimator__tol': 0.01}",,,,,,,,,,,,,1009,,,,,,,,,,,,,1009,,,,,,,,,,,,,1009
185,0.0004981756210327148,0.0004982056863114579,0.0,0.0,SVR(),,4,auto,polynomial,1,False,0.001,,,,,,,,,,,"{'estimator': SVR(), 'estimator__C': 1, 'estimator__degree': 4, 'estimator__gamma': 'auto', 'estimator__kernel': 'polynomial', 'estimator__shrinking': False, 'estimator__tol': 0.001}",,,,,,,,,,,,,1009,,,,,,,,,,,,,1009,,,,,,,,,,,,,1009
186,0.002000308036804199,8.064365262341597e-06,0.0021007776260375975,0.0002968451111730018,SVR(),,4,auto,sigmoid,1,True,0.1,,,,,,,,,,,"{'estimator': SVR(), 'estimator__C': 1, 'estimator__degree': 4, 'estimator__gamma': 'auto', 'estimator__kernel': 'sigmoid', 'estimator__shrinking': True, 'estimator__tol': 0.1}",0.013877774760060461,0.014166891485765266,0.009820491981789322,0.009219199829011772,0.013691609646776137,0.027759624782529278,0.021975121079836648,0.02458234098870036,0.006358407041188913,0.005734472411872254,0.01471859340075304,0.007258974649589565,148,0.5686556239975521,0.6968008811970707,0.7333127831093713,0.7664887843502646,0.7704471940277696,0.5353005417987127,0.6104010874608581,0.469356087770633,0.8152543758388352,0.7290149274281335,0.6695032286979201,0.10996830636662998,121,0.09148823801281697,0.08505270875647782,0.08276141602273679,0.07901871940984898,0.09680815195870617,0.13006196420050165,0.10100041648545265,0.10892598794362217,0.057770809618042124,0.0676069974229376,0.0900495409831143,0.019673161895384112,196
187,0.001999306678771973,5.707175084175322e-06,0.001998758316040039,8.357038838556584e-06,SVR(),,4,auto,sigmoid,1,True,0.01,,,,,,,,,,,"{'estimator': SVR(), 'estimator__C': 1, 'estimator__degree': 4, 'estimator__gamma': 'auto', 'estimator__kernel': 'sigmoid', 'estimator__shrinking': True, 'estimator__tol': 0.01}",0.01350279978134058,0.014127436106832335,0.00715338464552997,0.008735854134313163,0.013077304963364568,0.02702472418017113,0.021296402450772838,0.02284674277362864,0.006346426329506538,0.004756690727349028,0.013886776609280883,0.0072162021516175645,85,0.5803104714791489,0.6976453032875851,0.8057412758951255,0.7787313480045375,0.7807465939841665,0.5476028662869946,0.6224341515264729,0.5068213815490941,0.8156024793879344,0.7752204406313018,0.6910856312032361,0.11091334316467603,41,0.08529027860084692,0.08946268301490815,0.07264602730562597,0.07309649532698456,0.0943466690733287,0.12728414360278004,0.09322353328259701,0.10517915448167818,0.058728951473184424,0.054822636250916684,0.08540805724128506,0.020648544333305652,78
188,0.0021018743515014648,0.00030036048768699843,0.0022002220153808593,0.0003978899257663172,SVR(),,4,auto,sigmoid,1,True,0.001,,,,,,,,,,,"{'estimator': SVR(), 'estimator__C': 1, 'estimator__degree': 4, 'estimator__gamma': 'auto', 'estimator__kernel': 'sigmoid', 'estimator__shrinking': True, 'estimator__tol': 0.001}",0.014002148303122238,0.014040574885321854,0.007121934242086082,0.008934425226425777,0.013011632434496712,0.02757754934727146,0.02147973675355649,0.023027670682922986,0.006259107560894357,0.004824188701232027,0.014027896813732996,0.007347452962078509,103,0.5647898869286965,0.6995043029027503,0.8065953492531701,0.7737017816677503,0.7818476561430966,0.5383485064876777,0.6191838010625944,0.5029158017809359,0.81813955515294,0.7720307935221327,0.6877057434901744,0.11441771154015727,73,0.08689788069694643,0.08991034733667351,0.07261784972112181,0.07415455354602714,0.09384048404962883,0.12906261440780079,0.09429047252983372,0.10601237503786573,0.058493734023453814,0.05563400111926368,0.08609143124686154,0.02097424027773041,98
189,0.0021002531051635743,0.00029781701487945696,0.0021001815795898436,0.0003001699720310608,SVR(),,4,auto,sigmoid,1,False,0.1,,,,,,,,,,,"{'estimator': SVR(), 'estimator__C': 1, 'estimator__degree': 4, 'estimator__gamma': 'auto', 'estimator__kernel': 'sigmoid', 'estimator__shrinking': False, 'estimator__tol': 0.1}",0.013877774760060461,0.014166891485765266,0.009820491981789322,0.009219199829011772,0.013691609646776137,0.027759624782529278,0.021975121079836648,0.02458234098870036,0.006358407041188913,0.005734472411872254,0.01471859340075304,0.007258974649589565,148,0.5686556239975521,0.6968008811970707,0.7333127831093713,0.7664887843502646,0.7704471940277696,0.5353005417987127,0.6104010874608581,0.469356087770633,0.8152543758388352,0.7290149274281335,0.6695032286979201,0.10996830636662998,121,0.09148823801281697,0.08505270875647782,0.08276141602273679,0.07901871940984898,0.09680815195870617,0.13006196420050165,0.10100041648545265,0.10892598794362217,0.057770809618042124,0.0676069974229376,0.0900495409831143,0.019673161895384112,196
190,0.0022002696990966798,0.0003990704589283178,0.002100062370300293,0.00029780335994635806,SVR(),,4,auto,sigmoid,1,False,0.01,,,,,,,,,,,"{'estimator': SVR(), 'estimator__C': 1, 'estimator__degree': 4, 'estimator__gamma': 'auto', 'estimator__kernel': 'sigmoid', 'estimator__shrinking': False, 'estimator__tol': 0.01}",0.01350279978134058,0.014127436106832335,0.00715338464552997,0.008735854134313163,0.013077304963364568,0.02702472418017113,0.021296402450772838,0.02284674277362864,0.006346426329506538,0.004756690727349028,0.013886776609280883,0.0072162021516175645,85,0.5803104714791489,0.6976453032875851,0.8057412758951255,0.7787313480045375,0.7807465939841665,0.5476028662869946,0.6224341515264729,0.5068213815490941,0.8156024793879344,0.7752204406313018,0.6910856312032361,0.11091334316467603,41,0.08529027860084692,0.08946268301490815,0.07264602730562597,0.07309649532698456,0.0943466690733287,0.12728414360278004,0.09322353328259701,0.10517915448167818,0.058728951473184424,0.054822636250916684,0.08540805724128506,0.020648544333305652,78
191,0.00240023136138916,0.000493171468049491,0.002398180961608887,0.00048490947852850464,SVR(),,4,auto,sigmoid,1,False,0.001,,,,,,,,,,,"{'estimator': SVR(), 'estimator__C': 1, 'estimator__degree': 4, 'estimator__gamma': 'auto', 'estimator__kernel': 'sigmoid', 'estimator__shrinking': False, 'estimator__tol': 0.001}",0.014002148303122238,0.014040574885321854,0.007121934242086082,0.008934425226425777,0.013011632434496712,0.02757754934727146,0.02147973675355649,0.023027670682922986,0.006259107560894357,0.004824188701232027,0.014027896813732996,0.007347452962078509,103,0.5647898869286965,0.6995043029027503,0.8065953492531701,0.7737017816677503,0.7818476561430966,0.5383485064876777,0.6191838010625944,0.5029158017809359,0.81813955515294,0.7720307935221327,0.6877057434901744,0.11441771154015727,73,0.08689788069694643,0.08991034733667351,0.07261784972112181,0.07415455354602714,0.09384048404962883,0.12906261440780079,0.09429047252983372,0.10601237503786573,0.058493734023453814,0.05563400111926368,0.08609143124686154,0.02097424027773041,98
192,0.001999354362487793,4.378666092266221e-06,0.002401900291442871,0.0004890134661758832,SVR(),,4,auto,rbf,1,True,0.1,,,,,,,,,,,"{'estimator': SVR(), 'estimator__C': 1, 'estimator__degree': 4, 'estimator__gamma': 'auto', 'estimator__kernel': 'rbf', 'estimator__shrinking': True, 'estimator__tol': 0.1}",0.01389018024937608,0.014436402578639814,0.006701392931686559,0.009733008189114517,0.012805765326941505,0.02388418452844745,0.019948492381127617,0.02617940342576458,0.007037579004187153,0.004779762335705798,0.013939617095099107,0.0069855332599567934,91,0.568270040707697,0.6910328179667365,0.8180156520105023,0.7534746381115611,0.7852992132219103,0.6001758778478045,0.6463313712699483,0.4348812808322752,0.7955208093332514,0.774130181403275,0.6867131882704962,0.11725340371317046,79,0.0919918726552707,0.09294393826560864,0.06950225143333519,0.07004470830793808,0.09436830896375922,0.12468355030369507,0.09243060398635691,0.11028651638939133,0.0627910551364695,0.053408089921129075,0.08624508953629538,0.020997114320148356,105
193,0.0022022485733032226,0.0003992519889035906,0.0023987531661987306,0.0004933732878910911,SVR(),,4,auto,rbf,1,True,0.01,,,,,,,,,,,"{'estimator': SVR(), 'estimator__C': 1, 'estimator__degree': 4, 'estimator__gamma': 'auto', 'estimator__kernel': 'rbf', 'estimator__shrinking': True, 'estimator__tol': 0.01}",0.014056048975594107,0.01399497111333119,0.006573642800849795,0.008731554792610369,0.011717410040324902,0.026041392951299053,0.020651809608919318,0.024904006734567986,0.006792289714916141,0.005009687609428062,0.01384728143418409,0.007271886500989608,73,0.5631145641672691,0.7004803126008237,0.8214848597562494,0.7788402451459524,0.8035465206154847,0.5640639493480613,0.6338621964188887,0.46241248667520296,0.8026477709374504,0.763264959197874,0.6893717864863256,0.11964287137669667,49,0.08598060856503299,0.09405906176263941,0.06897758727615476,0.0701148483747089,0.09019712173723266,0.12518588379902346,0.09276599245872424,0.10982044152644947,0.059898139705068375,0.058327778970069126,0.08553274641751034,0.020538418893764482,84
194,0.00230252742767334,0.00046157313831080645,0.0024012088775634765,0.0006673188172120142,SVR(),,4,auto,rbf,1,True,0.001,,,,,,,,,,,"{'estimator': SVR(), 'estimator__C': 1, 'estimator__degree': 4, 'estimator__gamma': 'auto', 'estimator__kernel': 'rbf', 'estimator__shrinking': True, 'estimator__tol': 0.001}",0.014077134936889151,0.014055677632419609,0.006463411093264897,0.008668414738777799,0.011704194607668856,0.026635179475157485,0.02044115172390908,0.025096942783061217,0.006736120906135936,0.004981626773715961,0.013885985467099998,0.007407760005397059,79,0.5624591773365649,0.6991810746479039,0.8244783337454783,0.7804395065786243,0.8037680898631185,0.5541238915091709,0.63759696914754,0.4582476945738493,0.8042797742944654,0.7645909866081948,0.688916549830491,0.12210132164327915,61,0.08636226939512348,0.0933605809607128,0.06862765305608674,0.070910850090777,0.08965926339188326,0.12745949564277934,0.09206625911283806,0.1105513342371899,0.0594041198123257,0.05783321069733395,0.08562350363970503,0.021106703063189246,90
195,0.0024030208587646484,0.000492210707479239,0.0025017976760864256,0.0004942519739607078,SVR(),,4,auto,rbf,1,False,0.1,,,,,,,,,,,"{'estimator': SVR(), 'estimator__C': 1, 'estimator__degree': 4, 'estimator__gamma': 'auto', 'estimator__kernel': 'rbf', 'estimator__shrinking': False, 'estimator__tol': 0.1}",0.01389018024937608,0.014436402578639814,0.006701392931686559,0.009733008189114517,0.012805765326941505,0.02388418452844745,0.019948492381127617,0.02617940342576458,0.007037579004187153,0.004779762335705798,0.013939617095099107,0.0069855332599567934,91,0.568270040707697,0.6910328179667365,0.8180156520105023,0.7534746381115611,0.7852992132219103,0.6001758778478045,0.6463313712699483,0.4348812808322752,0.7955208093332514,0.774130181403275,0.6867131882704962,0.11725340371317046,79,0.0919918726552707,0.09294393826560864,0.06950225143333519,0.07004470830793808,0.09436830896375922,0.12468355030369507,0.09243060398635691,0.11028651638939133,0.0627910551364695,0.053408089921129075,0.08624508953629538,0.020997114320148356,105
196,0.0021026611328125,0.00029513334663246166,0.002098703384399414,0.00030285579646563605,SVR(),,4,auto,rbf,1,False,0.01,,,,,,,,,,,"{'estimator': SVR(), 'estimator__C': 1, 'estimator__degree': 4, 'estimator__gamma': 'auto', 'estimator__kernel': 'rbf', 'estimator__shrinking': False, 'estimator__tol': 0.01}",0.014056048975594107,0.01399497111333119,0.006573642800849795,0.008731554792610369,0.011717410040324902,0.026041392951299053,0.020651809608919318,0.024904006734567986,0.006792289714916141,0.005009687609428062,0.01384728143418409,0.007271886500989608,73,0.5631145641672691,0.7004803126008237,0.8214848597562494,0.7788402451459524,0.8035465206154847,0.5640639493480613,0.6338621964188887,0.46241248667520296,0.8026477709374504,0.763264959197874,0.6893717864863256,0.11964287137669667,49,0.08598060856503299,0.09405906176263941,0.06897758727615476,0.0701148483747089,0.09019712173723266,0.12518588379902346,0.09276599245872424,0.10982044152644947,0.059898139705068375,0.058327778970069126,0.08553274641751034,0.020538418893764482,84
197,0.002295970916748047,0.0004618578598633076,0.002204418182373047,0.00039982417542153945,SVR(),,4,auto,rbf,1,False,0.001,,,,,,,,,,,"{'estimator': SVR(), 'estimator__C': 1, 'estimator__degree': 4, 'estimator__gamma': 'auto', 'estimator__kernel': 'rbf', 'estimator__shrinking': False, 'estimator__tol': 0.001}",0.014077134936889151,0.014055677632419609,0.006463411093264897,0.008668414738777799,0.011704194607668856,0.026635179475157485,0.02044115172390908,0.025096942783061217,0.006736120906135936,0.004981626773715961,0.013885985467099998,0.007407760005397059,79,0.5624591773365649,0.6991810746479039,0.8244783337454783,0.7804395065786243,0.8037680898631185,0.5541238915091709,0.63759696914754,0.4582476945738493,0.8042797742944654,0.7645909866081948,0.688916549830491,0.12210132164327915,61,0.08636226939512348,0.0933605809607128,0.06862765305608674,0.070910850090777,0.08965926339188326,0.12745949564277934,0.09206625911283806,0.1105513342371899,0.0594041198123257,0.05783321069733395,0.08562350363970503,0.021106703063189246,90
198,0.0006029367446899414,0.0004924387330510641,0.0,0.0,SVR(),,2,scale,polynomial,10,True,0.1,,,,,,,,,,,"{'estimator': SVR(), 'estimator__C': 10, 'estimator__degree': 2, 'estimator__gamma': 'scale', 'estimator__kernel': 'polynomial', 'estimator__shrinking': True, 'estimator__tol': 0.1}",,,,,,,,,,,,,1009,,,,,,,,,,,,,1009,,,,,,,,,,,,,1009
199,0.0005975008010864258,0.00048789463823891913,0.0,0.0,SVR(),,2,scale,polynomial,10,True,0.01,,,,,,,,,,,"{'estimator': SVR(), 'estimator__C': 10, 'estimator__degree': 2, 'estimator__gamma': 'scale', 'estimator__kernel': 'polynomial', 'estimator__shrinking': True, 'estimator__tol': 0.01}",,,,,,,,,,,,,1009,,,,,,,,,,,,,1009,,,,,,,,,,,,,1009
200,0.0005993843078613281,0.0004894605450041775,0.0,0.0,SVR(),,2,scale,polynomial,10,True,0.001,,,,,,,,,,,"{'estimator': SVR(), 'estimator__C': 10, 'estimator__degree': 2, 'estimator__gamma': 'scale', 'estimator__kernel': 'polynomial', 'estimator__shrinking': True, 'estimator__tol': 0.001}",,,,,,,,,,,,,1009,,,,,,,,,,,,,1009,,,,,,,,,,,,,1009
201,0.0005010604858398437,0.0005010784259041469,0.0,0.0,SVR(),,2,scale,polynomial,10,False,0.1,,,,,,,,,,,"{'estimator': SVR(), 'estimator__C': 10, 'estimator__degree': 2, 'estimator__gamma': 'scale', 'estimator__kernel': 'polynomial', 'estimator__shrinking': False, 'estimator__tol': 0.1}",,,,,,,,,,,,,1009,,,,,,,,,,,,,1009,,,,,,,,,,,,,1009
202,0.0007004261016845704,0.00045855560197202147,0.0,0.0,SVR(),,2,scale,polynomial,10,False,0.01,,,,,,,,,,,"{'estimator': SVR(), 'estimator__C': 10, 'estimator__degree': 2, 'estimator__gamma': 'scale', 'estimator__kernel': 'polynomial', 'estimator__shrinking': False, 'estimator__tol': 0.01}",,,,,,,,,,,,,1009,,,,,,,,,,,,,1009,,,,,,,,,,,,,1009
203,0.0006988286972045898,0.00045750402559848266,0.0,0.0,SVR(),,2,scale,polynomial,10,False,0.001,,,,,,,,,,,"{'estimator': SVR(), 'estimator__C': 10, 'estimator__degree': 2, 'estimator__gamma': 'scale', 'estimator__kernel': 'polynomial', 'estimator__shrinking': False, 'estimator__tol': 0.001}",,,,,,,,,,,,,1009,,,,,,,,,,,,,1009,,,,,,,,,,,,,1009
204,0.0029021501541137695,0.0005381754544496834,0.002198600769042969,0.000399235740049808,SVR(),,2,scale,sigmoid,10,True,0.1,,,,,,,,,,,"{'estimator': SVR(), 'estimator__C': 10, 'estimator__degree': 2, 'estimator__gamma': 'scale', 'estimator__kernel': 'sigmoid', 'estimator__shrinking': True, 'estimator__tol': 0.1}",686.580305297342,501.59977443891205,442.4526668358287,508.97424392474045,470.53011642819,622.4863089368581,254.39736418037762,366.463370885383,400.1466830850983,305.59972414615385,455.92305581588846,126.71441915893088,985,21339.060527309055,10734.213843801876,12014.33187370766,12890.703904633885,7887.883141359786,10419.495693541607,4509.233917593319,7909.61994074398,11625.394511030472,14440.252390409565,11377.01897441312,4290.433740841269,985,21.38805807590805,20.061508600190482,18.425204284400213,20.43877145235093,18.66424256773474,21.348410896357166,11.395693171539616,15.936423405577925,17.79093345736174,13.893695003286293,17.934294091470715,3.134449357716896,973
205,0.0029023408889770506,0.0003007927015133691,0.0022994279861450195,0.0004567721457965869,SVR(),,2,scale,sigmoid,10,True,0.01,,,,,,,,,,,"{'estimator': SVR(), 'estimator__C': 10, 'estimator__degree': 2, 'estimator__gamma': 'scale', 'estimator__kernel': 'sigmoid', 'estimator__shrinking': True, 'estimator__tol': 0.01}",685.8216838290151,501.59977443891205,442.4526668358287,508.8342292391359,471.4477500101773,622.4422308578766,254.33074164479336,366.6603696372147,399.8996488821777,304.6149284831146,455.81040238582466,126.70058015471844,979,21315.4813073307,10734.213843801876,12014.33187370766,12887.157501469757,7903.268137648307,10418.757821197087,4508.052760624039,7913.872431929597,11618.216850381812,14393.71542849749,11370.706795658833,4280.098640116827,979,21.38419055950336,20.061508600190482,18.425204284400213,20.436278507732666,18.690656121259757,21.347715746099706,11.391484831509471,15.944097376580261,17.79306034912143,13.888987533048924,17.936318390944624,3.1353616071402124,985
206,0.0029798269271850584,6.150589864684566e-05,0.0022017240524291994,0.00039126030384799835,SVR(),,2,scale,sigmoid,10,True,0.001,,,,,,,,,,,"{'estimator': SVR(), 'estimator__C': 10, 'estimator__degree': 2, 'estimator__gamma': 'scale', 'estimator__kernel': 'sigmoid', 'estimator__shrinking': True, 'estimator__tol': 0.001}",685.8497179621261,501.59977443891205,442.4526668358287,508.8342292391359,471.329778388656,622.4643038960915,254.27100858375843,366.6610874906213,399.8936385718296,304.6149284831146,455.79711338900745,126.71683557272216,973,21316.35265492515,10734.213843801876,12014.33187370766,12887.157501469757,7901.2902316574155,10419.127326512078,4506.99374777322,7913.887927790641,11618.04221882245,14393.71542849749,11370.511275495775,4280.620687623159,973,21.38489191023003,20.061508600190482,18.425204284400213,20.436278507732666,18.68808242519442,21.34810847736223,11.389500021494438,15.944370686618118,17.793113693261134,13.888987533048924,17.936004613953266,3.135816378492308,979
207,0.002898573875427246,0.00029520464813025734,0.002101445198059082,0.00030347001769205173,SVR(),,2,scale,sigmoid,10,False,0.1,,,,,,,,,,,"{'estimator': SVR(), 'estimator__C': 10, 'estimator__degree': 2, 'estimator__gamma': 'scale', 'estimator__kernel': 'sigmoid', 'estimator__shrinking': False, 'estimator__tol': 0.1}",686.580305297342,501.59977443891205,442.4526668358287,508.97424392474045,470.53011642819,622.4863089368581,254.39736418037762,366.463370885383,400.1466830850983,305.59972414615385,455.92305581588846,126.71441915893088,985,21339.060527309055,10734.213843801876,12014.33187370766,12890.703904633885,7887.883141359786,10419.495693541607,4509.233917593319,7909.61994074398,11625.394511030472,14440.252390409565,11377.01897441312,4290.433740841269,985,21.38805807590805,20.061508600190482,18.425204284400213,20.43877145235093,18.66424256773474,21.348410896357166,11.395693171539616,15.936423405577925,17.79093345736174,13.893695003286293,17.934294091470715,3.134449357716896,973
208,0.0029862165451049806,3.949027190317156e-05,0.0020959138870239257,0.00029028214360695505,SVR(),,2,scale,sigmoid,10,False,0.01,,,,,,,,,,,"{'estimator': SVR(), 'estimator__C': 10, 'estimator__degree': 2, 'estimator__gamma': 'scale', 'estimator__kernel': 'sigmoid', 'estimator__shrinking': False, 'estimator__tol': 0.01}",685.8216838290151,501.59977443891205,442.4526668358287,508.8342292391359,471.4477500101773,622.4422308578766,254.33074164479336,366.6603696372147,399.8996488821777,304.6149284831146,455.81040238582466,126.70058015471844,979,21315.4813073307,10734.213843801876,12014.33187370766,12887.157501469757,7903.268137648307,10418.757821197087,4508.052760624039,7913.872431929597,11618.216850381812,14393.71542849749,11370.706795658833,4280.098640116827,979,21.38419055950336,20.061508600190482,18.425204284400213,20.436278507732666,18.690656121259757,21.347715746099706,11.391484831509471,15.944097376580261,17.79306034912143,13.888987533048924,17.936318390944624,3.1353616071402124,985
209,0.0031998157501220703,0.0004015281324166723,0.002100706100463867,0.00029985409066246723,SVR(),,2,scale,sigmoid,10,False,0.001,,,,,,,,,,,"{'estimator': SVR(), 'estimator__C': 10, 'estimator__degree': 2, 'estimator__gamma': 'scale', 'estimator__kernel': 'sigmoid', 'estimator__shrinking': False, 'estimator__tol': 0.001}",685.8497179621261,501.59977443891205,442.4526668358287,508.8342292391359,471.329778388656,622.4643038960915,254.27100858375843,366.6610874906213,399.8936385718296,304.6149284831146,455.79711338900745,126.71683557272216,973,21316.35265492515,10734.213843801876,12014.33187370766,12887.157501469757,7901.2902316574155,10419.127326512078,4506.99374777322,7913.887927790641,11618.04221882245,14393.71542849749,11370.511275495775,4280.620687623159,973,21.38489191023003,20.061508600190482,18.425204284400213,20.436278507732666,18.68808242519442,21.34810847736223,11.389500021494438,15.944370686618118,17.793113693261134,13.888987533048924,17.936004613953266,3.135816378492308,979
210,0.002103090286254883,0.0002970840150547282,0.0019971370697021485,9.912135940137979e-06,SVR(),,2,scale,rbf,10,True,0.1,,,,,,,,,,,"{'estimator': SVR(), 'estimator__C': 10, 'estimator__degree': 2, 'estimator__gamma': 'scale', 'estimator__kernel': 'rbf', 'estimator__shrinking': True, 'estimator__tol': 0.1}",0.013833240969605386,0.012287647395990144,0.00672735878761822,0.011839333527729921,0.011204647935608637,0.02372739878410792,0.022247876588139138,0.025863792674826372,0.012393743087566618,0.011203817285314407,0.015132885703650675,0.006076985056784227,180,0.5700398084498141,0.7370203713094885,0.8173105181062703,0.7001239569791133,0.8121434630474186,0.6028004900685762,0.6055653803429021,0.44169417646725484,0.6398956865181308,0.4705585759106289,0.6397152427199597,0.1223106721359124,218,0.08931128970902873,0.09626101890910546,0.07059783099469541,0.08454795067936641,0.08497496319407424,0.12854423932603137,0.11881910703475276,0.12335173949435996,0.08484835113032019,0.08943067998756217,0.09706871704592968,0.018511695021937984,480
211,0.002297806739807129,0.0004561978128717213,0.0020993709564208984,0.00029865686195243576,SVR(),,2,scale,rbf,10,True,0.01,,,,,,,,,,,"{'estimator': SVR(), 'estimator__C': 10, 'estimator__degree': 2, 'estimator__gamma': 'scale', 'estimator__kernel': 'rbf', 'estimator__shrinking': True, 'estimator__tol': 0.01}",0.012925422422512777,0.012562648593126526,0.006767995379413259,0.01152555331769258,0.011004612565563406,0.02479063818556897,0.020860930931838783,0.02275404713543101,0.011171281952797148,0.010161836616781893,0.014452496710072635,0.005757143539189217,130,0.5982563223714886,0.7311348091362142,0.8162069828058154,0.7080716313599282,0.815497245522395,0.5850017345858232,0.6301546655387551,0.5088223454167093,0.6754146999900212,0.5197978409729533,0.6588358277700104,0.10440987110098968,151,0.08977727340544057,0.09541602876608957,0.06925989283911123,0.08160465147870069,0.08458538480538033,0.1315944258671556,0.10954532517009405,0.10944588483880473,0.07968283392315609,0.08254648288384653,0.09334581839777793,0.017605814995086205,327
212,0.002597999572753906,0.00048562377463666056,0.0021044731140136717,0.0003012345635433037,SVR(),,2,scale,rbf,10,True,0.001,,,,,,,,,,,"{'estimator': SVR(), 'estimator__C': 10, 'estimator__degree': 2, 'estimator__gamma': 'scale', 'estimator__kernel': 'rbf', 'estimator__shrinking': True, 'estimator__tol': 0.001}",0.012801070152142963,0.012580265045634784,0.006732222007641724,0.011458709541190323,0.01086137685310519,0.02486476941830593,0.020699235157859572,0.022535908668701775,0.011137527156088704,0.01011734287518703,0.0143788426875858,0.005746312311791721,118,0.6021213982496132,0.7307577826810949,0.8171784515442692,0.709764703622072,0.8178987279308536,0.583760768832196,0.6330213845650396,0.5135311666573765,0.6763954567968657,0.5219004127405175,0.6606330253619899,0.10382672150437774,136,0.08826067088422267,0.09507037721549574,0.0692575658652341,0.08225683829174205,0.08451938513465602,0.13161689979973243,0.10844277504505624,0.10772461211215166,0.08013856447020558,0.0819964206855158,0.09292841095040123,0.017351627352196558,306
213,0.0020018815994262695,8.706849347709917e-06,0.00200042724609375,9.618173090084905e-06,SVR(),,2,scale,rbf,10,False,0.1,,,,,,,,,,,"{'estimator': SVR(), 'estimator__C': 10, 'estimator__degree': 2, 'estimator__gamma': 'scale', 'estimator__kernel': 'rbf', 'estimator__shrinking': False, 'estimator__tol': 0.1}",0.013833240969605386,0.012287647395990144,0.00672735878761822,0.011839333527729921,0.011204647935608637,0.02372739878410792,0.022247876588139138,0.025863792674826372,0.012393743087566618,0.011203817285314407,0.015132885703650675,0.006076985056784227,180,0.5700398084498141,0.7370203713094885,0.8173105181062703,0.7001239569791133,0.8121434630474186,0.6028004900685762,0.6055653803429021,0.44169417646725484,0.6398956865181308,0.4705585759106289,0.6397152427199597,0.1223106721359124,218,0.08931128970902873,0.09626101890910546,0.07059783099469541,0.08454795067936641,0.08497496319407424,0.12854423932603137,0.11881910703475276,0.12335173949435996,0.08484835113032019,0.08943067998756217,0.09706871704592968,0.018511695021937984,480
214,0.0026920318603515627,0.0006405100355622938,0.002008533477783203,6.44100930145052e-06,SVR(),,2,scale,rbf,10,False,0.01,,,,,,,,,,,"{'estimator': SVR(), 'estimator__C': 10, 'estimator__degree': 2, 'estimator__gamma': 'scale', 'estimator__kernel': 'rbf', 'estimator__shrinking': False, 'estimator__tol': 0.01}",0.012925422422512777,0.012562648593126526,0.006767995379413259,0.01152555331769258,0.011004612565563406,0.02479063818556897,0.020860930931838783,0.02275404713543101,0.011171281952797148,0.010161836616781893,0.014452496710072635,0.005757143539189217,130,0.5982563223714886,0.7311348091362142,0.8162069828058154,0.7080716313599282,0.815497245522395,0.5850017345858232,0.6301546655387551,0.5088223454167093,0.6754146999900212,0.5197978409729533,0.6588358277700104,0.10440987110098968,151,0.08977727340544057,0.09541602876608957,0.06925989283911123,0.08160465147870069,0.08458538480538033,0.1315944258671556,0.10954532517009405,0.10944588483880473,0.07968283392315609,0.08254648288384653,0.09334581839777793,0.017605814995086205,327
215,0.0025043725967407227,0.0005032347374256111,0.002192974090576172,0.0003987660891176029,SVR(),,2,scale,rbf,10,False,0.001,,,,,,,,,,,"{'estimator': SVR(), 'estimator__C': 10, 'estimator__degree': 2, 'estimator__gamma': 'scale', 'estimator__kernel': 'rbf', 'estimator__shrinking': False, 'estimator__tol': 0.001}",0.012801070152142963,0.012580265045634784,0.006732222007641724,0.011458709541190323,0.01086137685310519,0.02486476941830593,0.020699235157859572,0.022535908668701775,0.011137527156088704,0.01011734287518703,0.0143788426875858,0.005746312311791721,118,0.6021213982496132,0.7307577826810949,0.8171784515442692,0.709764703622072,0.8178987279308536,0.583760768832196,0.6330213845650396,0.5135311666573765,0.6763954567968657,0.5219004127405175,0.6606330253619899,0.10382672150437774,136,0.08826067088422265,0.09507037721549574,0.06925756586523413,0.08225683829174205,0.08451938513465602,0.13161689979973243,0.10844277504505624,0.10772461211215166,0.08013856447020558,0.0819964206855158,0.09292841095040125,0.017351627352196555,312
216,0.0005022525787353515,0.000502262927529747,0.0,0.0,SVR(),,2,auto,polynomial,10,True,0.1,,,,,,,,,,,"{'estimator': SVR(), 'estimator__C': 10, 'estimator__degree': 2, 'estimator__gamma': 'auto', 'estimator__kernel': 'polynomial', 'estimator__shrinking': True, 'estimator__tol': 0.1}",,,,,,,,,,,,,1009,,,,,,,,,,,,,1009,,,,,,,,,,,,,1009
217,0.000599527359008789,0.0004895434141288404,0.0,0.0,SVR(),,2,auto,polynomial,10,True,0.01,,,,,,,,,,,"{'estimator': SVR(), 'estimator__C': 10, 'estimator__degree': 2, 'estimator__gamma': 'auto', 'estimator__kernel': 'polynomial', 'estimator__shrinking': True, 'estimator__tol': 0.01}",,,,,,,,,,,,,1009,,,,,,,,,,,,,1009,,,,,,,,,,,,,1009
218,0.0005034923553466797,0.000503501292294887,0.0,0.0,SVR(),,2,auto,polynomial,10,True,0.001,,,,,,,,,,,"{'estimator': SVR(), 'estimator__C': 10, 'estimator__degree': 2, 'estimator__gamma': 'auto', 'estimator__kernel': 'polynomial', 'estimator__shrinking': True, 'estimator__tol': 0.001}",,,,,,,,,,,,,1009,,,,,,,,,,,,,1009,,,,,,,,,,,,,1009
219,0.0007012128829956054,0.00045913602893005547,0.0,0.0,SVR(),,2,auto,polynomial,10,False,0.1,,,,,,,,,,,"{'estimator': SVR(), 'estimator__C': 10, 'estimator__degree': 2, 'estimator__gamma': 'auto', 'estimator__kernel': 'polynomial', 'estimator__shrinking': False, 'estimator__tol': 0.1}",,,,,,,,,,,,,1009,,,,,,,,,,,,,1009,,,,,,,,,,,,,1009
220,0.0004964590072631836,0.0004966169500483012,0.0,0.0,SVR(),,2,auto,polynomial,10,False,0.01,,,,,,,,,,,"{'estimator': SVR(), 'estimator__C': 10, 'estimator__degree': 2, 'estimator__gamma': 'auto', 'estimator__kernel': 'polynomial', 'estimator__shrinking': False, 'estimator__tol': 0.01}",,,,,,,,,,,,,1009,,,,,,,,,,,,,1009,,,,,,,,,,,,,1009
221,0.0006163358688354492,0.000498135445967767,0.0,0.0,SVR(),,2,auto,polynomial,10,False,0.001,,,,,,,,,,,"{'estimator': SVR(), 'estimator__C': 10, 'estimator__degree': 2, 'estimator__gamma': 'auto', 'estimator__kernel': 'polynomial', 'estimator__shrinking': False, 'estimator__tol': 0.001}",,,,,,,,,,,,,1009,,,,,,,,,,,,,1009,,,,,,,,,,,,,1009
222,0.002195882797241211,0.00039796700101451437,0.0020758867263793944,0.00021128969920848522,SVR(),,2,auto,sigmoid,10,True,0.1,,,,,,,,,,,"{'estimator': SVR(), 'estimator__C': 10, 'estimator__degree': 2, 'estimator__gamma': 'auto', 'estimator__kernel': 'sigmoid', 'estimator__shrinking': True, 'estimator__tol': 0.1}",0.01592740432466824,0.01393811711822969,0.008184332007648515,0.01275626350782643,0.013516562740543338,0.02397221640273541,0.023922903961689165,0.02817275048151384,0.007677733404645398,0.011069699540645139,0.015913798349014515,0.0067084182701284386,242,0.5049497200707717,0.7016970990237676,0.7777446660232405,0.676899226168503,0.7733820212350263,0.598702213682437,0.5758686682821357,0.39185212097398947,0.7769209110401625,0.47689637024670983,0.6254913016746745,0.13069500029109749,287,0.08422649084613104,0.10041129836090251,0.07662373804439705,0.08014712280510601,0.0990479845426842,0.11914265050903904,0.10737661111702317,0.11696160339048417,0.06426812194871023,0.07103550635400398,0.09192411279184814,0.018337192684936027,263
223,0.002200794219970703,0.0003980761544561004,0.0019969701766967773,0.00044705481738892153,SVR(),,2,auto,sigmoid,10,True,0.01,,,,,,,,,,,"{'estimator': SVR(), 'estimator__C': 10, 'estimator__degree': 2, 'estimator__gamma': 'auto', 'estimator__kernel': 'sigmoid', 'estimator__shrinking': True, 'estimator__tol': 0.01}",0.01622928571503922,0.013339960577241152,0.009143705708907147,0.010305085802995967,0.012317796485482722,0.024687885928070703,0.022846196118392212,0.02821402582807477,0.006799288995026929,0.009106965835888162,0.015299019699511899,0.007063379380982187,193,0.4955667431737065,0.7144988160635404,0.7516917246002275,0.7389846019325995,0.7934804731083442,0.5867218197369184,0.5949577191841469,0.3909611353926006,0.802444404533826,0.5696462340914932,0.6438953671817405,0.13050444949772536,202,0.08841925236836432,0.09802430698311179,0.07977080869341399,0.07594988245994588,0.09336279242131718,0.11830851114053648,0.10582295522465501,0.11766022916310508,0.059504292958565956,0.06966410880458278,0.09064871402175985,0.01880530007316666,214
224,0.0021956920623779296,0.0003985608551647644,0.0020045995712280273,5.549009962390686e-06,SVR(),,2,auto,sigmoid,10,True,0.001,,,,,,,,,,,"{'estimator': SVR(), 'estimator__C': 10, 'estimator__degree': 2, 'estimator__gamma': 'auto', 'estimator__kernel': 'sigmoid', 'estimator__shrinking': True, 'estimator__tol': 0.001}",0.016208731883705807,0.01276529804886269,0.008712627880147204,0.010336832989487947,0.012404264336323127,0.02462209787586982,0.022613000287695806,0.027904796618705915,0.006922949719797788,0.011020289276287792,0.015351088891688392,0.006865780838421303,202,0.4962055905180578,0.7267977153943135,0.7633981591279911,0.7381804839778208,0.792030757676859,0.5878231196447294,0.599092069193774,0.397636276605169,0.7988514011866005,0.47923127450833813,0.6379246847833653,0.13797241806715055,233,0.08817578996806924,0.09429537566094046,0.07855351452628362,0.07688420252193112,0.09341913354090009,0.11896811086239294,0.1048706105297489,0.11828425779856339,0.060108262646778286,0.07323905106183425,0.09067983091174422,0.018348362477236334,224
225,0.0020989418029785157,0.0002989056721403068,0.002000737190246582,8.142648966610012e-06,SVR(),,2,auto,sigmoid,10,False,0.1,,,,,,,,,,,"{'estimator': SVR(), 'estimator__C': 10, 'estimator__degree': 2, 'estimator__gamma': 'auto', 'estimator__kernel': 'sigmoid', 'estimator__shrinking': False, 'estimator__tol': 0.1}",0.01592740432466824,0.01393811711822969,0.008184332007648515,0.01275626350782643,0.013516562740543338,0.02397221640273541,0.023922903961689165,0.02817275048151384,0.007677733404645398,0.011069699540645139,0.015913798349014515,0.0067084182701284386,242,0.5049497200707717,0.7016970990237676,0.7777446660232405,0.676899226168503,0.7733820212350263,0.598702213682437,0.5758686682821357,0.39185212097398947,0.7769209110401625,0.47689637024670983,0.6254913016746745,0.13069500029109749,287,0.08422649084613104,0.10041129836090251,0.07662373804439705,0.08014712280510601,0.0990479845426842,0.11914265050903904,0.10737661111702317,0.11696160339048417,0.06426812194871023,0.07103550635400398,0.09192411279184814,0.018337192684936027,263
226,0.0023261547088623048,0.00044185744442878857,0.001970815658569336,5.187352751625772e-05,SVR(),,2,auto,sigmoid,10,False,0.01,,,,,,,,,,,"{'estimator': SVR(), 'estimator__C': 10, 'estimator__degree': 2, 'estimator__gamma': 'auto', 'estimator__kernel': 'sigmoid', 'estimator__shrinking': False, 'estimator__tol': 0.01}",0.01622928571503922,0.013339960577241152,0.009143705708907147,0.010305085802995967,0.012317796485482722,0.024687885928070703,0.022846196118392212,0.02821402582807477,0.006799288995026929,0.009106965835888162,0.015299019699511899,0.007063379380982187,193,0.4955667431737065,0.7144988160635404,0.7516917246002275,0.7389846019325995,0.7934804731083442,0.5867218197369184,0.5949577191841469,0.3909611353926006,0.802444404533826,0.5696462340914932,0.6438953671817405,0.13050444949772536,202,0.08841925236836432,0.09802430698311179,0.07977080869341399,0.07594988245994588,0.09336279242131718,0.11830851114053648,0.10582295522465501,0.11766022916310508,0.059504292958565956,0.06966410880458278,0.09064871402175985,0.01880530007316666,214
227,0.0025950908660888673,0.000487624542619638,0.0021019220352172852,0.0005387844796565016,SVR(),,2,auto,sigmoid,10,False,0.001,,,,,,,,,,,"{'estimator': SVR(), 'estimator__C': 10, 'estimator__degree': 2, 'estimator__gamma': 'auto', 'estimator__kernel': 'sigmoid', 'estimator__shrinking': False, 'estimator__tol': 0.001}",0.016208731883705807,0.01276529804886269,0.008712627880147204,0.010336832989487947,0.012404264336323127,0.02462209787586982,0.022613000287695806,0.02788405433289776,0.0069229497197977885,0.010918099284533796,0.015338795663932175,0.006868501805935558,199,0.4962055905180578,0.7267977153943135,0.7633981591279911,0.7381804839778208,0.792030757676859,0.5878231196447294,0.599092069193774,0.39808402760231276,0.7988514011866005,0.4840603085227392,0.6384523632845198,0.1373451005957406,230,0.08817578996806924,0.09429537566094046,0.07855351452628362,0.07688420252193112,0.09341913354090009,0.11896811086239294,0.1048706105297489,0.118286705282857,0.06010826264677828,0.0731450282031978,0.09067067337430994,0.018357687355445684,221
228,0.002006673812866211,1.896445582844619e-05,0.0020959138870239257,0.00029728099808502964,SVR(),,2,auto,rbf,10,True,0.1,,,,,,,,,,,"{'estimator': SVR(), 'estimator__C': 10, 'estimator__degree': 2, 'estimator__gamma': 'auto', 'estimator__kernel': 'rbf', 'estimator__shrinking': True, 'estimator__tol': 0.1}",0.020831653001300396,0.014946849889027319,0.008245677449970913,0.015104591434353127,0.011022577866057922,0.024905915923338653,0.020500321955002464,0.03313761650464913,0.010385455447654674,0.018437168858938976,0.017751782833029358,0.007142839833840334,400,0.3525174950377785,0.6801082495912164,0.7760787570940115,0.6174189112780673,0.8151960402408363,0.5830719713882327,0.6365479347597467,0.28467860436618575,0.6982471495696863,0.12874329451554167,0.5572608407841304,0.21442955127741709,475,0.09953164396264835,0.10426245228534584,0.07543691662842539,0.09176761369217276,0.0862648167221507,0.12448349617342416,0.10445900754142226,0.13222450993514717,0.07425903084720459,0.0932715073659868,0.0985960995153928,0.017955680102998542,510
229,0.002200007438659668,0.0004021560216269136,0.0021976232528686523,0.00040312282983337943,SVR(),,2,auto,rbf,10,True,0.01,,,,,,,,,,,"{'estimator': SVR(), 'estimator__C': 10, 'estimator__degree': 2, 'estimator__gamma': 'auto', 'estimator__kernel': 'rbf', 'estimator__shrinking': True, 'estimator__tol': 0.01}",0.016727839707424988,0.013369210070957883,0.006482482114351584,0.01451791892543101,0.011750558787610854,0.026582243399739018,0.019626458468863617,0.02773512330342779,0.008511427125333815,0.014517010418790433,0.0159820272321931,0.006628809960022544,261,0.4800708539214852,0.7138728198293449,0.8239604373359805,0.6322786185506635,0.8029907504649862,0.5550100477796167,0.6520407396762913,0.401298910357646,0.7526976636465785,0.3139921444703425,0.6128212986032935,0.1635368829951106,312,0.09073388697402143,0.09921943613864102,0.06357847886318009,0.08881714448616806,0.08497098343936245,0.12501567005600034,0.1033010850454387,0.11248434621208883,0.06915863392066007,0.07664265948833796,0.0913922324623899,0.018199679495717172,244
230,0.0027660131454467773,0.0003927965627225183,0.002137613296508789,0.00047478283145602673,SVR(),,2,auto,rbf,10,True,0.001,,,,,,,,,,,"{'estimator': SVR(), 'estimator__C': 10, 'estimator__degree': 2, 'estimator__gamma': 'auto', 'estimator__kernel': 'rbf', 'estimator__shrinking': True, 'estimator__tol': 0.001}",0.01652606471947459,0.013590844211405502,0.006512490335275742,0.014505713688769559,0.011864940141866547,0.025517752065947908,0.019890866793317332,0.027264048143957553,0.008584042943469723,0.014401171766270307,0.015865793480975478,0.006367126614263943,231,0.48634235693800953,0.7091294167936202,0.8231455281708446,0.632587762478875,0.8010730387059104,0.5728297607601762,0.6473530205370333,0.41146772079316396,0.7505877869811514,0.3194661520869464,0.6153982544245731,0.1592618457488724,302,0.09027202619536799,0.0995647920964084,0.06351896996002189,0.08899213504896782,0.08590403636271371,0.12275544519341276,0.1041495580906144,0.11182177965945943,0.06963195239480925,0.07561042366478495,0.09122211186665606,0.017795779993151788,235
231,0.002239823341369629,0.00039686399634461696,0.002261853218078613,0.0004850576678944385,SVR(),,2,auto,rbf,10,False,0.1,,,,,,,,,,,"{'estimator': SVR(), 'estimator__C': 10, 'estimator__degree': 2, 'estimator__gamma': 'auto', 'estimator__kernel': 'rbf', 'estimator__shrinking': False, 'estimator__tol': 0.1}",0.020831653001300396,0.014946849889027319,0.008245677449970913,0.015104591434353127,0.011022577866057922,0.024905915923338653,0.020500321955002464,0.03313761650464913,0.010385455447654674,0.018437168858938976,0.017751782833029358,0.007142839833840334,400,0.3525174950377785,0.6801082495912164,0.7760787570940115,0.6174189112780673,0.8151960402408363,0.5830719713882327,0.6365479347597467,0.28467860436618575,0.6982471495696863,0.12874329451554167,0.5572608407841304,0.21442955127741709,475,0.09953164396264835,0.10426245228534584,0.07543691662842539,0.09176761369217276,0.0862648167221507,0.12448349617342416,0.10445900754142226,0.13222450993514717,0.07425903084720459,0.0932715073659868,0.0985960995153928,0.017955680102998542,510
232,0.0023275375366210937,0.0004484956422842117,0.002074146270751953,0.0005450923695157044,SVR(),,2,auto,rbf,10,False,0.01,,,,,,,,,,,"{'estimator': SVR(), 'estimator__C': 10, 'estimator__degree': 2, 'estimator__gamma': 'auto', 'estimator__kernel': 'rbf', 'estimator__shrinking': False, 'estimator__tol': 0.01}",0.016727839707424988,0.013369210070957883,0.006482482114351584,0.01451791892543101,0.011750558787610854,0.026582243399739018,0.019626458468863617,0.02773512330342779,0.008511427125333815,0.014517010418790433,0.0159820272321931,0.006628809960022544,261,0.4800708539214852,0.7138728198293449,0.8239604373359805,0.6322786185506635,0.8029907504649862,0.5550100477796167,0.6520407396762913,0.401298910357646,0.7526976636465785,0.3139921444703425,0.6128212986032935,0.1635368829951106,312,0.09073388697402143,0.09921943613864102,0.06357847886318009,0.08881714448616806,0.08497098343936245,0.12501567005600034,0.1033010850454387,0.11248434621208883,0.06915863392066007,0.07664265948833796,0.0913922324623899,0.018199679495717172,244
233,0.0028019189834594727,0.00040411671283070407,0.0023035049438476563,0.0004568730596484942,SVR(),,2,auto,rbf,10,False,0.001,,,,,,,,,,,"{'estimator': SVR(), 'estimator__C': 10, 'estimator__degree': 2, 'estimator__gamma': 'auto', 'estimator__kernel': 'rbf', 'estimator__shrinking': False, 'estimator__tol': 0.001}",0.01652606471947459,0.013581713570050656,0.006512490335275742,0.014527667002548664,0.011864940141866547,0.025517752065947908,0.01988556838777788,0.027279858326658985,0.008584042943469723,0.01440117176627031,0.015868126925934103,0.006369485011626991,235,0.48634235693800953,0.709324830333399,0.8231455281708446,0.6320317115109845,0.8010730387059104,0.5728297607601762,0.6474469564488703,0.4111264360796534,0.7505877869811514,0.3194661520869463,0.6153374558015946,0.15931305883885974,305,0.09027202619536799,0.09949086610985461,0.06351896996002189,0.08911665377633901,0.08590403636271371,0.12275544519341276,0.10420547691927412,0.11187183165464404,0.06963195239480925,0.07561042366478497,0.09123776822312224,0.017800677125540967,238
234,0.0008013963699340821,0.0004007134054695772,0.0,0.0,SVR(),,3,scale,polynomial,10,True,0.1,,,,,,,,,,,"{'estimator': SVR(), 'estimator__C': 10, 'estimator__degree': 3, 'estimator__gamma': 'scale', 'estimator__kernel': 'polynomial', 'estimator__shrinking': True, 'estimator__tol': 0.1}",,,,,,,,,,,,,1009,,,,,,,,,,,,,1009,,,,,,,,,,,,,1009
235,0.0006004095077514649,0.0004902325701612437,0.0,0.0,SVR(),,3,scale,polynomial,10,True,0.01,,,,,,,,,,,"{'estimator': SVR(), 'estimator__C': 10, 'estimator__degree': 3, 'estimator__gamma': 'scale', 'estimator__kernel': 'polynomial', 'estimator__shrinking': True, 'estimator__tol': 0.01}",,,,,,,,,,,,,1009,,,,,,,,,,,,,1009,,,,,,,,,,,,,1009
236,0.0007002353668212891,0.0004584142165159388,0.0,0.0,SVR(),,3,scale,polynomial,10,True,0.001,,,,,,,,,,,"{'estimator': SVR(), 'estimator__C': 10, 'estimator__degree': 3, 'estimator__gamma': 'scale', 'estimator__kernel': 'polynomial', 'estimator__shrinking': True, 'estimator__tol': 0.001}",,,,,,,,,,,,,1009,,,,,,,,,,,,,1009,,,,,,,,,,,,,1009
237,0.0004998445510864258,0.0004998449491139453,0.0,0.0,SVR(),,3,scale,polynomial,10,False,0.1,,,,,,,,,,,"{'estimator': SVR(), 'estimator__C': 10, 'estimator__degree': 3, 'estimator__gamma': 'scale', 'estimator__kernel': 'polynomial', 'estimator__shrinking': False, 'estimator__tol': 0.1}",,,,,,,,,,,,,1009,,,,,,,,,,,,,1009,,,,,,,,,,,,,1009
238,0.0006996870040893554,0.00045805293681645115,0.0,0.0,SVR(),,3,scale,polynomial,10,False,0.01,,,,,,,,,,,"{'estimator': SVR(), 'estimator__C': 10, 'estimator__degree': 3, 'estimator__gamma': 'scale', 'estimator__kernel': 'polynomial', 'estimator__shrinking': False, 'estimator__tol': 0.01}",,,,,,,,,,,,,1009,,,,,,,,,,,,,1009,,,,,,,,,,,,,1009
239,0.0007006645202636719,0.00045869345166552896,0.0,0.0,SVR(),,3,scale,polynomial,10,False,0.001,,,,,,,,,,,"{'estimator': SVR(), 'estimator__C': 10, 'estimator__degree': 3, 'estimator__gamma': 'scale', 'estimator__kernel': 'polynomial', 'estimator__shrinking': False, 'estimator__tol': 0.001}",,,,,,,,,,,,,1009,,,,,,,,,,,,,1009,,,,,,,,,,,,,1009
240,0.003105473518371582,0.00031373558802449275,0.0024958133697509767,0.0005051164600885987,SVR(),,3,scale,sigmoid,10,True,0.1,,,,,,,,,,,"{'estimator': SVR(), 'estimator__C': 10, 'estimator__degree': 3, 'estimator__gamma': 'scale', 'estimator__kernel': 'sigmoid', 'estimator__shrinking': True, 'estimator__tol': 0.1}",686.580305297342,501.59977443891205,442.4526668358287,508.97424392474045,470.53011642819,622.4863089368581,254.39736418037762,366.463370885383,400.1466830850983,305.59972414615385,455.92305581588846,126.71441915893088,985,21339.060527309055,10734.213843801876,12014.33187370766,12890.703904633885,7887.883141359786,10419.495693541607,4509.233917593319,7909.61994074398,11625.394511030472,14440.252390409565,11377.01897441312,4290.433740841269,985,21.38805807590805,20.061508600190482,18.425204284400213,20.43877145235093,18.66424256773474,21.348410896357166,11.395693171539616,15.936423405577925,17.79093345736174,13.893695003286293,17.934294091470715,3.134449357716896,973
241,0.003200531005859375,0.0003998886874349811,0.0027007341384887697,0.0004582611754388623,SVR(),,3,scale,sigmoid,10,True,0.01,,,,,,,,,,,"{'estimator': SVR(), 'estimator__C': 10, 'estimator__degree': 3, 'estimator__gamma': 'scale', 'estimator__kernel': 'sigmoid', 'estimator__shrinking': True, 'estimator__tol': 0.01}",685.8216838290151,501.59977443891205,442.4526668358287,508.8342292391359,471.4477500101773,622.4422308578766,254.33074164479336,366.6603696372147,399.8996488821777,304.6149284831146,455.81040238582466,126.70058015471844,979,21315.4813073307,10734.213843801876,12014.33187370766,12887.157501469757,7903.268137648307,10418.757821197087,4508.052760624039,7913.872431929597,11618.216850381812,14393.71542849749,11370.706795658833,4280.098640116827,979,21.38419055950336,20.061508600190482,18.425204284400213,20.436278507732666,18.690656121259757,21.347715746099706,11.391484831509471,15.944097376580261,17.79306034912143,13.888987533048924,17.936318390944624,3.1353616071402124,985
242,0.0032006025314331053,0.00040056848801044864,0.0024005651473999025,0.0004902814414690795,SVR(),,3,scale,sigmoid,10,True,0.001,,,,,,,,,,,"{'estimator': SVR(), 'estimator__C': 10, 'estimator__degree': 3, 'estimator__gamma': 'scale', 'estimator__kernel': 'sigmoid', 'estimator__shrinking': True, 'estimator__tol': 0.001}",685.8497179621261,501.59977443891205,442.4526668358287,508.8342292391359,471.329778388656,622.4643038960915,254.27100858375843,366.6610874906213,399.8936385718296,304.6149284831146,455.79711338900745,126.71683557272216,973,21316.35265492515,10734.213843801876,12014.33187370766,12887.157501469757,7901.2902316574155,10419.127326512078,4506.99374777322,7913.887927790641,11618.04221882245,14393.71542849749,11370.511275495775,4280.620687623159,973,21.38489191023003,20.061508600190482,18.425204284400213,20.436278507732666,18.68808242519442,21.34810847736223,11.389500021494438,15.944370686618118,17.793113693261134,13.888987533048924,17.936004613953266,3.135816378492308,979
243,0.0030010700225830077,8.409114879869651e-07,0.002000260353088379,1.0557932770483268e-06,SVR(),,3,scale,sigmoid,10,False,0.1,,,,,,,,,,,"{'estimator': SVR(), 'estimator__C': 10, 'estimator__degree': 3, 'estimator__gamma': 'scale', 'estimator__kernel': 'sigmoid', 'estimator__shrinking': False, 'estimator__tol': 0.1}",686.580305297342,501.59977443891205,442.4526668358287,508.97424392474045,470.53011642819,622.4863089368581,254.39736418037762,366.463370885383,400.1466830850983,305.59972414615385,455.92305581588846,126.71441915893088,985,21339.060527309055,10734.213843801876,12014.33187370766,12890.703904633885,7887.883141359786,10419.495693541607,4509.233917593319,7909.61994074398,11625.394511030472,14440.252390409565,11377.01897441312,4290.433740841269,985,21.38805807590805,20.061508600190482,18.425204284400213,20.43877145235093,18.66424256773474,21.348410896357166,11.395693171539616,15.936423405577925,17.79093345736174,13.893695003286293,17.934294091470715,3.134449357716896,973
244,0.003200387954711914,0.0003998415085390322,0.002303004264831543,0.0004568486113992231,SVR(),,3,scale,sigmoid,10,False,0.01,,,,,,,,,,,"{'estimator': SVR(), 'estimator__C': 10, 'estimator__degree': 3, 'estimator__gamma': 'scale', 'estimator__kernel': 'sigmoid', 'estimator__shrinking': False, 'estimator__tol': 0.01}",685.8216838290151,501.59977443891205,442.4526668358287,508.8342292391359,471.4477500101773,622.4422308578766,254.33074164479336,366.6603696372147,399.8996488821777,304.6149284831146,455.81040238582466,126.70058015471844,979,21315.4813073307,10734.213843801876,12014.33187370766,12887.157501469757,7903.268137648307,10418.757821197087,4508.052760624039,7913.872431929597,11618.216850381812,14393.71542849749,11370.706795658833,4280.098640116827,979,21.38419055950336,20.061508600190482,18.425204284400213,20.436278507732666,18.690656121259757,21.347715746099706,11.391484831509471,15.944097376580261,17.79306034912143,13.888987533048924,17.936318390944624,3.1353616071402124,985
245,0.0030005455017089845,1.3266017668956333e-06,0.002503371238708496,0.000497094715177174,SVR(),,3,scale,sigmoid,10,False,0.001,,,,,,,,,,,"{'estimator': SVR(), 'estimator__C': 10, 'estimator__degree': 3, 'estimator__gamma': 'scale', 'estimator__kernel': 'sigmoid', 'estimator__shrinking': False, 'estimator__tol': 0.001}",685.8497179621261,501.59977443891205,442.4526668358287,508.8342292391359,471.329778388656,622.4643038960915,254.27100858375843,366.6610874906213,399.8936385718296,304.6149284831146,455.79711338900745,126.71683557272216,973,21316.35265492515,10734.213843801876,12014.33187370766,12887.157501469757,7901.2902316574155,10419.127326512078,4506.99374777322,7913.887927790641,11618.04221882245,14393.71542849749,11370.511275495775,4280.620687623159,973,21.38489191023003,20.061508600190482,18.425204284400213,20.436278507732666,18.68808242519442,21.34810847736223,11.389500021494438,15.944370686618118,17.793113693261134,13.888987533048924,17.936004613953266,3.135816378492308,979
246,0.0021960973739624024,0.00040201680214480484,0.002605628967285156,0.0004921210799157097,SVR(),,3,scale,rbf,10,True,0.1,,,,,,,,,,,"{'estimator': SVR(), 'estimator__C': 10, 'estimator__degree': 3, 'estimator__gamma': 'scale', 'estimator__kernel': 'rbf', 'estimator__shrinking': True, 'estimator__tol': 0.1}",0.013833240969605386,0.012287647395990144,0.00672735878761822,0.011839333527729921,0.011204647935608637,0.02372739878410792,0.022247876588139138,0.025863792674826372,0.012393743087566618,0.011203817285314407,0.015132885703650675,0.006076985056784227,180,0.5700398084498141,0.7370203713094885,0.8173105181062703,0.7001239569791133,0.8121434630474186,0.6028004900685762,0.6055653803429021,0.44169417646725484,0.6398956865181308,0.4705585759106289,0.6397152427199597,0.1223106721359124,218,0.08931128970902873,0.09626101890910546,0.07059783099469541,0.08454795067936641,0.08497496319407424,0.12854423932603137,0.11881910703475276,0.12335173949435996,0.08484835113032019,0.08943067998756217,0.09706871704592968,0.018511695021937984,480
247,0.002671027183532715,0.000447261745720652,0.002299809455871582,0.00045590674062168053,SVR(),,3,scale,rbf,10,True,0.01,,,,,,,,,,,"{'estimator': SVR(), 'estimator__C': 10, 'estimator__degree': 3, 'estimator__gamma': 'scale', 'estimator__kernel': 'rbf', 'estimator__shrinking': True, 'estimator__tol': 0.01}",0.012925422422512777,0.012562648593126526,0.006767995379413259,0.01152555331769258,0.011004612565563406,0.02479063818556897,0.020860930931838783,0.02275404713543101,0.011171281952797148,0.010161836616781893,0.014452496710072635,0.005757143539189217,130,0.5982563223714886,0.7311348091362142,0.8162069828058154,0.7080716313599282,0.815497245522395,0.5850017345858232,0.6301546655387551,0.5088223454167093,0.6754146999900212,0.5197978409729533,0.6588358277700104,0.10440987110098968,151,0.08977727340544057,0.09541602876608957,0.06925989283911123,0.08160465147870069,0.08458538480538033,0.1315944258671556,0.10954532517009405,0.10944588483880473,0.07968283392315609,0.08254648288384653,0.09334581839777793,0.017605814995086205,327
248,0.0025024652481079102,0.000496863317236925,0.002198648452758789,0.000390988832168998,SVR(),,3,scale,rbf,10,True,0.001,,,,,,,,,,,"{'estimator': SVR(), 'estimator__C': 10, 'estimator__degree': 3, 'estimator__gamma': 'scale', 'estimator__kernel': 'rbf', 'estimator__shrinking': True, 'estimator__tol': 0.001}",0.012801070152142963,0.012580265045634784,0.006732222007641724,0.011458709541190323,0.01086137685310519,0.02486476941830593,0.020699235157859572,0.022535908668701775,0.011137527156088704,0.01011734287518703,0.0143788426875858,0.005746312311791721,118,0.6021213982496132,0.7307577826810949,0.8171784515442692,0.709764703622072,0.8178987279308536,0.583760768832196,0.6330213845650396,0.5135311666573765,0.6763954567968657,0.5219004127405175,0.6606330253619899,0.10382672150437774,136,0.08826067088422267,0.09507037721549574,0.0692575658652341,0.08225683829174205,0.08451938513465602,0.13161689979973243,0.10844277504505624,0.10772461211215166,0.08013856447020558,0.0819964206855158,0.09292841095040123,0.017351627352196558,306
249,0.0021218776702880858,0.0003006219249361931,0.0020963430404663088,0.00023848497062403675,SVR(),,3,scale,rbf,10,False,0.1,,,,,,,,,,,"{'estimator': SVR(), 'estimator__C': 10, 'estimator__degree': 3, 'estimator__gamma': 'scale', 'estimator__kernel': 'rbf', 'estimator__shrinking': False, 'estimator__tol': 0.1}",0.013833240969605386,0.012287647395990144,0.00672735878761822,0.011839333527729921,0.011204647935608637,0.02372739878410792,0.022247876588139138,0.025863792674826372,0.012393743087566618,0.011203817285314407,0.015132885703650675,0.006076985056784227,180,0.5700398084498141,0.7370203713094885,0.8173105181062703,0.7001239569791133,0.8121434630474186,0.6028004900685762,0.6055653803429021,0.44169417646725484,0.6398956865181308,0.4705585759106289,0.6397152427199597,0.1223106721359124,218,0.08931128970902873,0.09626101890910546,0.07059783099469541,0.08454795067936641,0.08497496319407424,0.12854423932603137,0.11881910703475276,0.12335173949435996,0.08484835113032019,0.08943067998756217,0.09706871704592968,0.018511695021937984,480
250,0.002599143981933594,0.0004875470393257392,0.002103304862976074,0.0002952592173010964,SVR(),,3,scale,rbf,10,False,0.01,,,,,,,,,,,"{'estimator': SVR(), 'estimator__C': 10, 'estimator__degree': 3, 'estimator__gamma': 'scale', 'estimator__kernel': 'rbf', 'estimator__shrinking': False, 'estimator__tol': 0.01}",0.012925422422512777,0.012562648593126526,0.006767995379413259,0.01152555331769258,0.011004612565563406,0.02479063818556897,0.020860930931838783,0.02275404713543101,0.011171281952797148,0.010161836616781893,0.014452496710072635,0.005757143539189217,130,0.5982563223714886,0.7311348091362142,0.8162069828058154,0.7080716313599282,0.815497245522395,0.5850017345858232,0.6301546655387551,0.5088223454167093,0.6754146999900212,0.5197978409729533,0.6588358277700104,0.10440987110098968,151,0.08977727340544057,0.09541602876608957,0.06925989283911123,0.08160465147870069,0.08458538480538033,0.1315944258671556,0.10954532517009405,0.10944588483880473,0.07968283392315609,0.08254648288384653,0.09334581839777793,0.017605814995086205,327
251,0.0024967193603515625,0.00047169592369779073,0.0020865440368652345,0.0003074725011905902,SVR(),,3,scale,rbf,10,False,0.001,,,,,,,,,,,"{'estimator': SVR(), 'estimator__C': 10, 'estimator__degree': 3, 'estimator__gamma': 'scale', 'estimator__kernel': 'rbf', 'estimator__shrinking': False, 'estimator__tol': 0.001}",0.012801070152142963,0.012580265045634784,0.006732222007641724,0.011458709541190323,0.01086137685310519,0.02486476941830593,0.020699235157859572,0.022535908668701775,0.011137527156088704,0.01011734287518703,0.0143788426875858,0.005746312311791721,118,0.6021213982496132,0.7307577826810949,0.8171784515442692,0.709764703622072,0.8178987279308536,0.583760768832196,0.6330213845650396,0.5135311666573765,0.6763954567968657,0.5219004127405175,0.6606330253619899,0.10382672150437774,136,0.08826067088422265,0.09507037721549574,0.06925756586523413,0.08225683829174205,0.08451938513465602,0.13161689979973243,0.10844277504505624,0.10772461211215166,0.08013856447020558,0.0819964206855158,0.09292841095040125,0.017351627352196555,312
252,0.0006171703338623047,0.0005067605625648329,0.0,0.0,SVR(),,3,auto,polynomial,10,True,0.1,,,,,,,,,,,"{'estimator': SVR(), 'estimator__C': 10, 'estimator__degree': 3, 'estimator__gamma': 'auto', 'estimator__kernel': 'polynomial', 'estimator__shrinking': True, 'estimator__tol': 0.1}",,,,,,,,,,,,,1009,,,,,,,,,,,,,1009,,,,,,,,,,,,,1009
253,0.0007021188735961914,0.00045965470251920865,0.0,0.0,SVR(),,3,auto,polynomial,10,True,0.01,,,,,,,,,,,"{'estimator': SVR(), 'estimator__C': 10, 'estimator__degree': 3, 'estimator__gamma': 'auto', 'estimator__kernel': 'polynomial', 'estimator__shrinking': True, 'estimator__tol': 0.01}",,,,,,,,,,,,,1009,,,,,,,,,,,,,1009,,,,,,,,,,,,,1009
254,0.0005021810531616211,0.0005021901832322546,0.0,0.0,SVR(),,3,auto,polynomial,10,True,0.001,,,,,,,,,,,"{'estimator': SVR(), 'estimator__C': 10, 'estimator__degree': 3, 'estimator__gamma': 'auto', 'estimator__kernel': 'polynomial', 'estimator__shrinking': True, 'estimator__tol': 0.001}",,,,,,,,,,,,,1009,,,,,,,,,,,,,1009,,,,,,,,,,,,,1009
255,0.0004780292510986328,0.00048214841686373234,0.0,0.0,SVR(),,3,auto,polynomial,10,False,0.1,,,,,,,,,,,"{'estimator': SVR(), 'estimator__C': 10, 'estimator__degree': 3, 'estimator__gamma': 'auto', 'estimator__kernel': 'polynomial', 'estimator__shrinking': False, 'estimator__tol': 0.1}",,,,,,,,,,,,,1009,,,,,,,,,,,,,1009,,,,,,,,,,,,,1009
256,0.0005951642990112305,0.000486088592513868,0.0,0.0,SVR(),,3,auto,polynomial,10,False,0.01,,,,,,,,,,,"{'estimator': SVR(), 'estimator__C': 10, 'estimator__degree': 3, 'estimator__gamma': 'auto', 'estimator__kernel': 'polynomial', 'estimator__shrinking': False, 'estimator__tol': 0.01}",,,,,,,,,,,,,1009,,,,,,,,,,,,,1009,,,,,,,,,,,,,1009
257,0.0007016658782958984,0.00045939102835983956,0.0,0.0,SVR(),,3,auto,polynomial,10,False,0.001,,,,,,,,,,,"{'estimator': SVR(), 'estimator__C': 10, 'estimator__degree': 3, 'estimator__gamma': 'auto', 'estimator__kernel': 'polynomial', 'estimator__shrinking': False, 'estimator__tol': 0.001}",,,,,,,,,,,,,1009,,,,,,,,,,,,,1009,,,,,,,,,,,,,1009
258,0.002001833915710449,8.020969386604784e-06,0.002100086212158203,0.00030269355012566056,SVR(),,3,auto,sigmoid,10,True,0.1,,,,,,,,,,,"{'estimator': SVR(), 'estimator__C': 10, 'estimator__degree': 3, 'estimator__gamma': 'auto', 'estimator__kernel': 'sigmoid', 'estimator__shrinking': True, 'estimator__tol': 0.1}",0.01592740432466824,0.01393811711822969,0.008184332007648515,0.01275626350782643,0.013516562740543338,0.02397221640273541,0.023922903961689165,0.02817275048151384,0.007677733404645398,0.011069699540645139,0.015913798349014515,0.0067084182701284386,242,0.5049497200707717,0.7016970990237676,0.7777446660232405,0.676899226168503,0.7733820212350263,0.598702213682437,0.5758686682821357,0.39185212097398947,0.7769209110401625,0.47689637024670983,0.6254913016746745,0.13069500029109749,287,0.08422649084613104,0.10041129836090251,0.07662373804439705,0.08014712280510601,0.0990479845426842,0.11914265050903904,0.10737661111702317,0.11696160339048417,0.06426812194871023,0.07103550635400398,0.09192411279184814,0.018337192684936027,263
259,0.002501988410949707,0.0005000166195398423,0.002299642562866211,0.000460140089849024,SVR(),,3,auto,sigmoid,10,True,0.01,,,,,,,,,,,"{'estimator': SVR(), 'estimator__C': 10, 'estimator__degree': 3, 'estimator__gamma': 'auto', 'estimator__kernel': 'sigmoid', 'estimator__shrinking': True, 'estimator__tol': 0.01}",0.01622928571503922,0.013339960577241152,0.009143705708907147,0.010305085802995967,0.012317796485482722,0.024687885928070703,0.022846196118392212,0.02821402582807477,0.006799288995026929,0.009106965835888162,0.015299019699511899,0.007063379380982187,193,0.4955667431737065,0.7144988160635404,0.7516917246002275,0.7389846019325995,0.7934804731083442,0.5867218197369184,0.5949577191841469,0.3909611353926006,0.802444404533826,0.5696462340914932,0.6438953671817405,0.13050444949772536,202,0.08841925236836432,0.09802430698311179,0.07977080869341399,0.07594988245994588,0.09336279242131718,0.11830851114053648,0.10582295522465501,0.11766022916310508,0.059504292958565956,0.06966410880458278,0.09064871402175985,0.01880530007316666,214
260,0.002795767784118652,0.0003997598385604526,0.0020011425018310546,6.950382081919604e-06,SVR(),,3,auto,sigmoid,10,True,0.001,,,,,,,,,,,"{'estimator': SVR(), 'estimator__C': 10, 'estimator__degree': 3, 'estimator__gamma': 'auto', 'estimator__kernel': 'sigmoid', 'estimator__shrinking': True, 'estimator__tol': 0.001}",0.016208731883705807,0.01276529804886269,0.008712627880147204,0.010336832989487947,0.012404264336323127,0.02462209787586982,0.022613000287695806,0.027904796618705915,0.006922949719797788,0.011020289276287792,0.015351088891688392,0.006865780838421303,202,0.4962055905180578,0.7267977153943135,0.7633981591279911,0.7381804839778208,0.792030757676859,0.5878231196447294,0.599092069193774,0.397636276605169,0.7988514011866005,0.47923127450833813,0.6379246847833653,0.13797241806715055,233,0.08817578996806924,0.09429537566094046,0.07855351452628362,0.07688420252193112,0.09341913354090009,0.11896811086239294,0.1048706105297489,0.11828425779856339,0.060108262646778286,0.07323905106183425,0.09067983091174422,0.018348362477236334,224
261,0.002201271057128906,0.0005988114008114906,0.0024985790252685545,0.0004967030832873651,SVR(),,3,auto,sigmoid,10,False,0.1,,,,,,,,,,,"{'estimator': SVR(), 'estimator__C': 10, 'estimator__degree': 3, 'estimator__gamma': 'auto', 'estimator__kernel': 'sigmoid', 'estimator__shrinking': False, 'estimator__tol': 0.1}",0.01592740432466824,0.01393811711822969,0.008184332007648515,0.01275626350782643,0.013516562740543338,0.02397221640273541,0.023922903961689165,0.02817275048151384,0.007677733404645398,0.011069699540645139,0.015913798349014515,0.0067084182701284386,242,0.5049497200707717,0.7016970990237676,0.7777446660232405,0.676899226168503,0.7733820212350263,0.598702213682437,0.5758686682821357,0.39185212097398947,0.7769209110401625,0.47689637024670983,0.6254913016746745,0.13069500029109749,287,0.08422649084613104,0.10041129836090251,0.07662373804439705,0.08014712280510601,0.0990479845426842,0.11914265050903904,0.10737661111702317,0.11696160339048417,0.06426812194871023,0.07103550635400398,0.09192411279184814,0.018337192684936027,263
262,0.002696990966796875,0.0004599111200028033,0.0021042108535766603,0.0003022000032205762,SVR(),,3,auto,sigmoid,10,False,0.01,,,,,,,,,,,"{'estimator': SVR(), 'estimator__C': 10, 'estimator__degree': 3, 'estimator__gamma': 'auto', 'estimator__kernel': 'sigmoid', 'estimator__shrinking': False, 'estimator__tol': 0.01}",0.01622928571503922,0.013339960577241152,0.009143705708907147,0.010305085802995967,0.012317796485482722,0.024687885928070703,0.022846196118392212,0.02821402582807477,0.006799288995026929,0.009106965835888162,0.015299019699511899,0.007063379380982187,193,0.4955667431737065,0.7144988160635404,0.7516917246002275,0.7389846019325995,0.7934804731083442,0.5867218197369184,0.5949577191841469,0.3909611353926006,0.802444404533826,0.5696462340914932,0.6438953671817405,0.13050444949772536,202,0.08841925236836432,0.09802430698311179,0.07977080869341399,0.07594988245994588,0.09336279242131718,0.11830851114053648,0.10582295522465501,0.11766022916310508,0.059504292958565956,0.06966410880458278,0.09064871402175985,0.01880530007316666,214
263,0.0027968883514404297,0.000396646493447382,0.0020050287246704103,3.2604122072461495e-06,SVR(),,3,auto,sigmoid,10,False,0.001,,,,,,,,,,,"{'estimator': SVR(), 'estimator__C': 10, 'estimator__degree': 3, 'estimator__gamma': 'auto', 'estimator__kernel': 'sigmoid', 'estimator__shrinking': False, 'estimator__tol': 0.001}",0.016208731883705807,0.01276529804886269,0.008712627880147204,0.010336832989487947,0.012404264336323127,0.02462209787586982,0.022613000287695806,0.02788405433289776,0.0069229497197977885,0.010918099284533796,0.015338795663932175,0.006868501805935558,199,0.4962055905180578,0.7267977153943135,0.7633981591279911,0.7381804839778208,0.792030757676859,0.5878231196447294,0.599092069193774,0.39808402760231276,0.7988514011866005,0.4840603085227392,0.6384523632845198,0.1373451005957406,230,0.08817578996806924,0.09429537566094046,0.07855351452628362,0.07688420252193112,0.09341913354090009,0.11896811086239294,0.1048706105297489,0.118286705282857,0.06010826264677828,0.0731450282031978,0.09067067337430994,0.018357687355445684,221
264,0.0020988941192626952,0.000295788188965522,0.0022034406661987304,0.00039867628000458103,SVR(),,3,auto,rbf,10,True,0.1,,,,,,,,,,,"{'estimator': SVR(), 'estimator__C': 10, 'estimator__degree': 3, 'estimator__gamma': 'auto', 'estimator__kernel': 'rbf', 'estimator__shrinking': True, 'estimator__tol': 0.1}",0.020831653001300396,0.014946849889027319,0.008245677449970913,0.015104591434353127,0.011022577866057922,0.024905915923338653,0.020500321955002464,0.03313761650464913,0.010385455447654674,0.018437168858938976,0.017751782833029358,0.007142839833840334,400,0.3525174950377785,0.6801082495912164,0.7760787570940115,0.6174189112780673,0.8151960402408363,0.5830719713882327,0.6365479347597467,0.28467860436618575,0.6982471495696863,0.12874329451554167,0.5572608407841304,0.21442955127741709,475,0.09953164396264835,0.10426245228534584,0.07543691662842539,0.09176761369217276,0.0862648167221507,0.12448349617342416,0.10445900754142226,0.13222450993514717,0.07425903084720459,0.0932715073659868,0.0985960995153928,0.017955680102998542,510
265,0.0025023698806762697,0.0004981684416093633,0.0021960258483886717,0.00040316391103554415,SVR(),,3,auto,rbf,10,True,0.01,,,,,,,,,,,"{'estimator': SVR(), 'estimator__C': 10, 'estimator__degree': 3, 'estimator__gamma': 'auto', 'estimator__kernel': 'rbf', 'estimator__shrinking': True, 'estimator__tol': 0.01}",0.016727839707424988,0.013369210070957883,0.006482482114351584,0.01451791892543101,0.011750558787610854,0.026582243399739018,0.019626458468863617,0.02773512330342779,0.008511427125333815,0.014517010418790433,0.0159820272321931,0.006628809960022544,261,0.4800708539214852,0.7138728198293449,0.8239604373359805,0.6322786185506635,0.8029907504649862,0.5550100477796167,0.6520407396762913,0.401298910357646,0.7526976636465785,0.3139921444703425,0.6128212986032935,0.1635368829951106,312,0.09073388697402143,0.09921943613864102,0.06357847886318009,0.08881714448616806,0.08497098343936245,0.12501567005600034,0.1033010850454387,0.11248434621208883,0.06915863392066007,0.07664265948833796,0.0913922324623899,0.018199679495717172,244
266,0.0026015758514404295,0.000489598479814408,0.0020991802215576173,0.0002989990318963758,SVR(),,3,auto,rbf,10,True,0.001,,,,,,,,,,,"{'estimator': SVR(), 'estimator__C': 10, 'estimator__degree': 3, 'estimator__gamma': 'auto', 'estimator__kernel': 'rbf', 'estimator__shrinking': True, 'estimator__tol': 0.001}",0.01652606471947459,0.013590844211405502,0.006512490335275742,0.014505713688769559,0.011864940141866547,0.025517752065947908,0.019890866793317332,0.027264048143957553,0.008584042943469723,0.014401171766270307,0.015865793480975478,0.006367126614263943,231,0.48634235693800953,0.7091294167936202,0.8231455281708446,0.632587762478875,0.8010730387059104,0.5728297607601762,0.6473530205370333,0.41146772079316396,0.7505877869811514,0.3194661520869464,0.6153982544245731,0.1592618457488724,302,0.09027202619536799,0.0995647920964084,0.06351896996002189,0.08899213504896782,0.08590403636271371,0.12275544519341276,0.1041495580906144,0.11182177965945943,0.06963195239480925,0.07561042366478495,0.09122211186665606,0.017795779993151788,235
267,0.002103090286254883,0.00029920519093557446,0.0027970790863037108,0.0004000145937766181,SVR(),,3,auto,rbf,10,False,0.1,,,,,,,,,,,"{'estimator': SVR(), 'estimator__C': 10, 'estimator__degree': 3, 'estimator__gamma': 'auto', 'estimator__kernel': 'rbf', 'estimator__shrinking': False, 'estimator__tol': 0.1}",0.020831653001300396,0.014946849889027319,0.008245677449970913,0.015104591434353127,0.011022577866057922,0.024905915923338653,0.020500321955002464,0.03313761650464913,0.010385455447654674,0.018437168858938976,0.017751782833029358,0.007142839833840334,400,0.3525174950377785,0.6801082495912164,0.7760787570940115,0.6174189112780673,0.8151960402408363,0.5830719713882327,0.6365479347597467,0.28467860436618575,0.6982471495696863,0.12874329451554167,0.5572608407841304,0.21442955127741709,475,0.09953164396264835,0.10426245228534584,0.07543691662842539,0.09176761369217276,0.0862648167221507,0.12448349617342416,0.10445900754142226,0.13222450993514717,0.07425903084720459,0.0932715073659868,0.0985960995153928,0.017955680102998542,510
268,0.002300572395324707,0.0004579530146784996,0.0021988630294799806,0.00039749467054121774,SVR(),,3,auto,rbf,10,False,0.01,,,,,,,,,,,"{'estimator': SVR(), 'estimator__C': 10, 'estimator__degree': 3, 'estimator__gamma': 'auto', 'estimator__kernel': 'rbf', 'estimator__shrinking': False, 'estimator__tol': 0.01}",0.016727839707424988,0.013369210070957883,0.006482482114351584,0.01451791892543101,0.011750558787610854,0.026582243399739018,0.019626458468863617,0.02773512330342779,0.008511427125333815,0.014517010418790433,0.0159820272321931,0.006628809960022544,261,0.4800708539214852,0.7138728198293449,0.8239604373359805,0.6322786185506635,0.8029907504649862,0.5550100477796167,0.6520407396762913,0.401298910357646,0.7526976636465785,0.3139921444703425,0.6128212986032935,0.1635368829951106,312,0.09073388697402143,0.09921943613864102,0.06357847886318009,0.08881714448616806,0.08497098343936245,0.12501567005600034,0.1033010850454387,0.11248434621208883,0.06915863392066007,0.07664265948833796,0.0913922324623899,0.018199679495717172,244
269,0.0028105258941650392,0.000587854605379647,0.002091240882873535,0.0005221687491036442,SVR(),,3,auto,rbf,10,False,0.001,,,,,,,,,,,"{'estimator': SVR(), 'estimator__C': 10, 'estimator__degree': 3, 'estimator__gamma': 'auto', 'estimator__kernel': 'rbf', 'estimator__shrinking': False, 'estimator__tol': 0.001}",0.01652606471947459,0.013581713570050656,0.006512490335275742,0.014527667002548664,0.011864940141866547,0.025517752065947908,0.01988556838777788,0.027279858326658985,0.008584042943469723,0.01440117176627031,0.015868126925934103,0.006369485011626991,235,0.48634235693800953,0.709324830333399,0.8231455281708446,0.6320317115109845,0.8010730387059104,0.5728297607601762,0.6474469564488703,0.4111264360796534,0.7505877869811514,0.3194661520869463,0.6153374558015946,0.15931305883885974,305,0.09027202619536799,0.09949086610985461,0.06351896996002189,0.08911665377633901,0.08590403636271371,0.12275544519341276,0.10420547691927412,0.11187183165464404,0.06963195239480925,0.07561042366478497,0.09123776822312224,0.017800677125540967,238
270,0.000599527359008789,0.0004895296078399306,0.0,0.0,SVR(),,4,scale,polynomial,10,True,0.1,,,,,,,,,,,"{'estimator': SVR(), 'estimator__C': 10, 'estimator__degree': 4, 'estimator__gamma': 'scale', 'estimator__kernel': 'polynomial', 'estimator__shrinking': True, 'estimator__tol': 0.1}",,,,,,,,,,,,,1009,,,,,,,,,,,,,1009,,,,,,,,,,,,,1009
271,0.000600743293762207,0.0004905099762678129,0.0,0.0,SVR(),,4,scale,polynomial,10,True,0.01,,,,,,,,,,,"{'estimator': SVR(), 'estimator__C': 10, 'estimator__degree': 4, 'estimator__gamma': 'scale', 'estimator__kernel': 'polynomial', 'estimator__shrinking': True, 'estimator__tol': 0.01}",,,,,,,,,,,,,1009,,,,,,,,,,,,,1009,,,,,,,,,,,,,1009
272,0.0005995512008666992,0.0004895410668549645,0.0,0.0,SVR(),,4,scale,polynomial,10,True,0.001,,,,,,,,,,,"{'estimator': SVR(), 'estimator__C': 10, 'estimator__degree': 4, 'estimator__gamma': 'scale', 'estimator__kernel': 'polynomial', 'estimator__shrinking': True, 'estimator__tol': 0.001}",,,,,,,,,,,,,1009,,,,,,,,,,,,,1009,,,,,,,,,,,,,1009
273,0.0005012989044189453,0.0005013240587281993,0.0,0.0,SVR(),,4,scale,polynomial,10,False,0.1,,,,,,,,,,,"{'estimator': SVR(), 'estimator__C': 10, 'estimator__degree': 4, 'estimator__gamma': 'scale', 'estimator__kernel': 'polynomial', 'estimator__shrinking': False, 'estimator__tol': 0.1}",,,,,,,,,,,,,1009,,,,,,,,,,,,,1009,,,,,,,,,,,,,1009
274,0.0004994869232177734,0.000499496175366203,0.0,0.0,SVR(),,4,scale,polynomial,10,False,0.01,,,,,,,,,,,"{'estimator': SVR(), 'estimator__C': 10, 'estimator__degree': 4, 'estimator__gamma': 'scale', 'estimator__kernel': 'polynomial', 'estimator__shrinking': False, 'estimator__tol': 0.01}",,,,,,,,,,,,,1009,,,,,,,,,,,,,1009,,,,,,,,,,,,,1009
275,0.0005996942520141602,0.0004896493792382539,0.0,0.0,SVR(),,4,scale,polynomial,10,False,0.001,,,,,,,,,,,"{'estimator': SVR(), 'estimator__C': 10, 'estimator__degree': 4, 'estimator__gamma': 'scale', 'estimator__kernel': 'polynomial', 'estimator__shrinking': False, 'estimator__tol': 0.001}",,,,,,,,,,,,,1009,,,,,,,,,,,,,1009,,,,,,,,,,,,,1009
276,0.003099679946899414,0.00030050087035024255,0.0021020650863647463,0.0003000981208955951,SVR(),,4,scale,sigmoid,10,True,0.1,,,,,,,,,,,"{'estimator': SVR(), 'estimator__C': 10, 'estimator__degree': 4, 'estimator__gamma': 'scale', 'estimator__kernel': 'sigmoid', 'estimator__shrinking': True, 'estimator__tol': 0.1}",686.580305297342,501.59977443891205,442.4526668358287,508.97424392474045,470.53011642819,622.4863089368581,254.39736418037762,366.463370885383,400.1466830850983,305.59972414615385,455.92305581588846,126.71441915893088,985,21339.060527309055,10734.213843801876,12014.33187370766,12890.703904633885,7887.883141359786,10419.495693541607,4509.233917593319,7909.61994074398,11625.394511030472,14440.252390409565,11377.01897441312,4290.433740841269,985,21.38805807590805,20.061508600190482,18.425204284400213,20.43877145235093,18.66424256773474,21.348410896357166,11.395693171539616,15.936423405577925,17.79093345736174,13.893695003286293,17.934294091470715,3.134449357716896,973
277,0.003000783920288086,9.702200865447905e-07,0.0020999908447265625,0.00029977383482987226,SVR(),,4,scale,sigmoid,10,True,0.01,,,,,,,,,,,"{'estimator': SVR(), 'estimator__C': 10, 'estimator__degree': 4, 'estimator__gamma': 'scale', 'estimator__kernel': 'sigmoid', 'estimator__shrinking': True, 'estimator__tol': 0.01}",685.8216838290151,501.59977443891205,442.4526668358287,508.8342292391359,471.4477500101773,622.4422308578766,254.33074164479336,366.6603696372147,399.8996488821777,304.6149284831146,455.81040238582466,126.70058015471844,979,21315.4813073307,10734.213843801876,12014.33187370766,12887.157501469757,7903.268137648307,10418.757821197087,4508.052760624039,7913.872431929597,11618.216850381812,14393.71542849749,11370.706795658833,4280.098640116827,979,21.38419055950336,20.061508600190482,18.425204284400213,20.436278507732666,18.690656121259757,21.347715746099706,11.391484831509471,15.944097376580261,17.79306034912143,13.888987533048924,17.936318390944624,3.1353616071402124,985
278,0.003101062774658203,0.00030002808085076064,0.0023156166076660155,0.00045031757734350215,SVR(),,4,scale,sigmoid,10,True,0.001,,,,,,,,,,,"{'estimator': SVR(), 'estimator__C': 10, 'estimator__degree': 4, 'estimator__gamma': 'scale', 'estimator__kernel': 'sigmoid', 'estimator__shrinking': True, 'estimator__tol': 0.001}",685.8497179621261,501.59977443891205,442.4526668358287,508.8342292391359,471.329778388656,622.4643038960915,254.27100858375843,366.6610874906213,399.8936385718296,304.6149284831146,455.79711338900745,126.71683557272216,973,21316.35265492515,10734.213843801876,12014.33187370766,12887.157501469757,7901.2902316574155,10419.127326512078,4506.99374777322,7913.887927790641,11618.04221882245,14393.71542849749,11370.511275495775,4280.620687623159,973,21.38489191023003,20.061508600190482,18.425204284400213,20.436278507732666,18.68808242519442,21.34810847736223,11.389500021494438,15.944370686618118,17.793113693261134,13.888987533048924,17.936004613953266,3.135816378492308,979
279,0.003000783920288086,1.4689370918988574e-06,0.0023999929428100584,0.0004898246090258386,SVR(),,4,scale,sigmoid,10,False,0.1,,,,,,,,,,,"{'estimator': SVR(), 'estimator__C': 10, 'estimator__degree': 4, 'estimator__gamma': 'scale', 'estimator__kernel': 'sigmoid', 'estimator__shrinking': False, 'estimator__tol': 0.1}",686.580305297342,501.59977443891205,442.4526668358287,508.97424392474045,470.53011642819,622.4863089368581,254.39736418037762,366.463370885383,400.1466830850983,305.59972414615385,455.92305581588846,126.71441915893088,985,21339.060527309055,10734.213843801876,12014.33187370766,12890.703904633885,7887.883141359786,10419.495693541607,4509.233917593319,7909.61994074398,11625.394511030472,14440.252390409565,11377.01897441312,4290.433740841269,985,21.38805807590805,20.061508600190482,18.425204284400213,20.43877145235093,18.66424256773474,21.348410896357166,11.395693171539616,15.936423405577925,17.79093345736174,13.893695003286293,17.934294091470715,3.134449357716896,973
280,0.0030008792877197266,1.4153310851722556e-06,0.0022002696990966798,0.0003994015932213432,SVR(),,4,scale,sigmoid,10,False,0.01,,,,,,,,,,,"{'estimator': SVR(), 'estimator__C': 10, 'estimator__degree': 4, 'estimator__gamma': 'scale', 'estimator__kernel': 'sigmoid', 'estimator__shrinking': False, 'estimator__tol': 0.01}",685.8216838290151,501.59977443891205,442.4526668358287,508.8342292391359,471.4477500101773,622.4422308578766,254.33074164479336,366.6603696372147,399.8996488821777,304.6149284831146,455.81040238582466,126.70058015471844,979,21315.4813073307,10734.213843801876,12014.33187370766,12887.157501469757,7903.268137648307,10418.757821197087,4508.052760624039,7913.872431929597,11618.216850381812,14393.71542849749,11370.706795658833,4280.098640116827,979,21.38419055950336,20.061508600190482,18.425204284400213,20.436278507732666,18.690656121259757,21.347715746099706,11.391484831509471,15.944097376580261,17.79306034912143,13.888987533048924,17.936318390944624,3.1353616071402124,985
281,0.0031003952026367188,0.00030022112050575857,0.0022032737731933595,0.0004029436474971687,SVR(),,4,scale,sigmoid,10,False,0.001,,,,,,,,,,,"{'estimator': SVR(), 'estimator__C': 10, 'estimator__degree': 4, 'estimator__gamma': 'scale', 'estimator__kernel': 'sigmoid', 'estimator__shrinking': False, 'estimator__tol': 0.001}",685.8497179621261,501.59977443891205,442.4526668358287,508.8342292391359,471.329778388656,622.4643038960915,254.27100858375843,366.6610874906213,399.8936385718296,304.6149284831146,455.79711338900745,126.71683557272216,973,21316.35265492515,10734.213843801876,12014.33187370766,12887.157501469757,7901.2902316574155,10419.127326512078,4506.99374777322,7913.887927790641,11618.04221882245,14393.71542849749,11370.511275495775,4280.620687623159,973,21.38489191023003,20.061508600190482,18.425204284400213,20.436278507732666,18.68808242519442,21.34810847736223,11.389500021494438,15.944370686618118,17.793113693261134,13.888987533048924,17.936004613953266,3.135816378492308,979
282,0.0020857334136962892,0.0003092119076958046,0.002196860313415527,0.0004002846304647092,SVR(),,4,scale,rbf,10,True,0.1,,,,,,,,,,,"{'estimator': SVR(), 'estimator__C': 10, 'estimator__degree': 4, 'estimator__gamma': 'scale', 'estimator__kernel': 'rbf', 'estimator__shrinking': True, 'estimator__tol': 0.1}",0.013833240969605386,0.012287647395990144,0.00672735878761822,0.011839333527729921,0.011204647935608637,0.02372739878410792,0.022247876588139138,0.025863792674826372,0.012393743087566618,0.011203817285314407,0.015132885703650675,0.006076985056784227,180,0.5700398084498141,0.7370203713094885,0.8173105181062703,0.7001239569791133,0.8121434630474186,0.6028004900685762,0.6055653803429021,0.44169417646725484,0.6398956865181308,0.4705585759106289,0.6397152427199597,0.1223106721359124,218,0.08931128970902873,0.09626101890910546,0.07059783099469541,0.08454795067936641,0.08497496319407424,0.12854423932603137,0.11881910703475276,0.12335173949435996,0.08484835113032019,0.08943067998756217,0.09706871704592968,0.018511695021937984,480
283,0.00240018367767334,0.000491080470617891,0.0022008419036865234,0.00040025117138975044,SVR(),,4,scale,rbf,10,True,0.01,,,,,,,,,,,"{'estimator': SVR(), 'estimator__C': 10, 'estimator__degree': 4, 'estimator__gamma': 'scale', 'estimator__kernel': 'rbf', 'estimator__shrinking': True, 'estimator__tol': 0.01}",0.012925422422512777,0.012562648593126526,0.006767995379413259,0.01152555331769258,0.011004612565563406,0.02479063818556897,0.020860930931838783,0.02275404713543101,0.011171281952797148,0.010161836616781893,0.014452496710072635,0.005757143539189217,130,0.5982563223714886,0.7311348091362142,0.8162069828058154,0.7080716313599282,0.815497245522395,0.5850017345858232,0.6301546655387551,0.5088223454167093,0.6754146999900212,0.5197978409729533,0.6588358277700104,0.10440987110098968,151,0.08977727340544057,0.09541602876608957,0.06925989283911123,0.08160465147870069,0.08458538480538033,0.1315944258671556,0.10954532517009405,0.10944588483880473,0.07968283392315609,0.08254648288384653,0.09334581839777793,0.017605814995086205,327
284,0.0031025171279907226,0.0005380931703704061,0.0022995710372924806,0.00045877850131322603,SVR(),,4,scale,rbf,10,True,0.001,,,,,,,,,,,"{'estimator': SVR(), 'estimator__C': 10, 'estimator__degree': 4, 'estimator__gamma': 'scale', 'estimator__kernel': 'rbf', 'estimator__shrinking': True, 'estimator__tol': 0.001}",0.012801070152142963,0.012580265045634784,0.006732222007641724,0.011458709541190323,0.01086137685310519,0.02486476941830593,0.020699235157859572,0.022535908668701775,0.011137527156088704,0.01011734287518703,0.0143788426875858,0.005746312311791721,118,0.6021213982496132,0.7307577826810949,0.8171784515442692,0.709764703622072,0.8178987279308536,0.583760768832196,0.6330213845650396,0.5135311666573765,0.6763954567968657,0.5219004127405175,0.6606330253619899,0.10382672150437774,136,0.08826067088422267,0.09507037721549574,0.0692575658652341,0.08225683829174205,0.08451938513465602,0.13161689979973243,0.10844277504505624,0.10772461211215166,0.08013856447020558,0.0819964206855158,0.09292841095040123,0.017351627352196558,306
285,0.0020036697387695312,5.863352260185012e-06,0.002500033378601074,0.000499334032539696,SVR(),,4,scale,rbf,10,False,0.1,,,,,,,,,,,"{'estimator': SVR(), 'estimator__C': 10, 'estimator__degree': 4, 'estimator__gamma': 'scale', 'estimator__kernel': 'rbf', 'estimator__shrinking': False, 'estimator__tol': 0.1}",0.013833240969605386,0.012287647395990144,0.00672735878761822,0.011839333527729921,0.011204647935608637,0.02372739878410792,0.022247876588139138,0.025863792674826372,0.012393743087566618,0.011203817285314407,0.015132885703650675,0.006076985056784227,180,0.5700398084498141,0.7370203713094885,0.8173105181062703,0.7001239569791133,0.8121434630474186,0.6028004900685762,0.6055653803429021,0.44169417646725484,0.6398956865181308,0.4705585759106289,0.6397152427199597,0.1223106721359124,218,0.08931128970902873,0.09626101890910546,0.07059783099469541,0.08454795067936641,0.08497496319407424,0.12854423932603137,0.11881910703475276,0.12335173949435996,0.08484835113032019,0.08943067998756217,0.09706871704592968,0.018511695021937984,480
286,0.002599644660949707,0.00048820932389872715,0.002199816703796387,0.00039734630456555477,SVR(),,4,scale,rbf,10,False,0.01,,,,,,,,,,,"{'estimator': SVR(), 'estimator__C': 10, 'estimator__degree': 4, 'estimator__gamma': 'scale', 'estimator__kernel': 'rbf', 'estimator__shrinking': False, 'estimator__tol': 0.01}",0.012925422422512777,0.012562648593126526,0.006767995379413259,0.01152555331769258,0.011004612565563406,0.02479063818556897,0.020860930931838783,0.02275404713543101,0.011171281952797148,0.010161836616781893,0.014452496710072635,0.005757143539189217,130,0.5982563223714886,0.7311348091362142,0.8162069828058154,0.7080716313599282,0.815497245522395,0.5850017345858232,0.6301546655387551,0.5088223454167093,0.6754146999900212,0.5197978409729533,0.6588358277700104,0.10440987110098968,151,0.08977727340544057,0.09541602876608957,0.06925989283911123,0.08160465147870069,0.08458538480538033,0.1315944258671556,0.10954532517009405,0.10944588483880473,0.07968283392315609,0.08254648288384653,0.09334581839777793,0.017605814995086205,327
287,0.002902579307556152,0.000538498201191579,0.002398991584777832,0.0004920876123633645,SVR(),,4,scale,rbf,10,False,0.001,,,,,,,,,,,"{'estimator': SVR(), 'estimator__C': 10, 'estimator__degree': 4, 'estimator__gamma': 'scale', 'estimator__kernel': 'rbf', 'estimator__shrinking': False, 'estimator__tol': 0.001}",0.012801070152142963,0.012580265045634784,0.006732222007641724,0.011458709541190323,0.01086137685310519,0.02486476941830593,0.020699235157859572,0.022535908668701775,0.011137527156088704,0.01011734287518703,0.0143788426875858,0.005746312311791721,118,0.6021213982496132,0.7307577826810949,0.8171784515442692,0.709764703622072,0.8178987279308536,0.583760768832196,0.6330213845650396,0.5135311666573765,0.6763954567968657,0.5219004127405175,0.6606330253619899,0.10382672150437774,136,0.08826067088422265,0.09507037721549574,0.06925756586523413,0.08225683829174205,0.08451938513465602,0.13161689979973243,0.10844277504505624,0.10772461211215166,0.08013856447020558,0.0819964206855158,0.09292841095040125,0.017351627352196555,312
288,0.0006997346878051758,0.0004580849703346151,0.0,0.0,SVR(),,4,auto,polynomial,10,True,0.1,,,,,,,,,,,"{'estimator': SVR(), 'estimator__C': 10, 'estimator__degree': 4, 'estimator__gamma': 'auto', 'estimator__kernel': 'polynomial', 'estimator__shrinking': True, 'estimator__tol': 0.1}",,,,,,,,,,,,,1009,,,,,,,,,,,,,1009,,,,,,,,,,,,,1009
289,0.0007184743881225586,0.0004733695937092958,0.0,0.0,SVR(),,4,auto,polynomial,10,True,0.01,,,,,,,,,,,"{'estimator': SVR(), 'estimator__C': 10, 'estimator__degree': 4, 'estimator__gamma': 'auto', 'estimator__kernel': 'polynomial', 'estimator__shrinking': True, 'estimator__tol': 0.01}",,,,,,,,,,,,,1009,,,,,,,,,,,,,1009,,,,,,,,,,,,,1009
290,0.0005996942520141602,0.0004896501686499289,0.0,0.0,SVR(),,4,auto,polynomial,10,True,0.001,,,,,,,,,,,"{'estimator': SVR(), 'estimator__C': 10, 'estimator__degree': 4, 'estimator__gamma': 'auto', 'estimator__kernel': 'polynomial', 'estimator__shrinking': True, 'estimator__tol': 0.001}",,,,,,,,,,,,,1009,,,,,,,,,,,,,1009,,,,,,,,,,,,,1009
291,0.0006000757217407227,0.0004899603020070308,0.0,0.0,SVR(),,4,auto,polynomial,10,False,0.1,,,,,,,,,,,"{'estimator': SVR(), 'estimator__C': 10, 'estimator__degree': 4, 'estimator__gamma': 'auto', 'estimator__kernel': 'polynomial', 'estimator__shrinking': False, 'estimator__tol': 0.1}",,,,,,,,,,,,,1009,,,,,,,,,,,,,1009,,,,,,,,,,,,,1009
292,0.0005000114440917968,0.0005000118488075121,0.0,0.0,SVR(),,4,auto,polynomial,10,False,0.01,,,,,,,,,,,"{'estimator': SVR(), 'estimator__C': 10, 'estimator__degree': 4, 'estimator__gamma': 'auto', 'estimator__kernel': 'polynomial', 'estimator__shrinking': False, 'estimator__tol': 0.01}",,,,,,,,,,,,,1009,,,,,,,,,,,,,1009,,,,,,,,,,,,,1009
293,0.0006004095077514649,0.0004902328484458271,0.0,0.0,SVR(),,4,auto,polynomial,10,False,0.001,,,,,,,,,,,"{'estimator': SVR(), 'estimator__C': 10, 'estimator__degree': 4, 'estimator__gamma': 'auto', 'estimator__kernel': 'polynomial', 'estimator__shrinking': False, 'estimator__tol': 0.001}",,,,,,,,,,,,,1009,,,,,,,,,,,,,1009,,,,,,,,,,,,,1009
294,0.002301621437072754,0.0004578378494333684,0.0026986360549926757,0.0008990472798579743,SVR(),,4,auto,sigmoid,10,True,0.1,,,,,,,,,,,"{'estimator': SVR(), 'estimator__C': 10, 'estimator__degree': 4, 'estimator__gamma': 'auto', 'estimator__kernel': 'sigmoid', 'estimator__shrinking': True, 'estimator__tol': 0.1}",0.01592740432466824,0.01393811711822969,0.008184332007648515,0.01275626350782643,0.013516562740543338,0.02397221640273541,0.023922903961689165,0.02817275048151384,0.007677733404645398,0.011069699540645139,0.015913798349014515,0.0067084182701284386,242,0.5049497200707717,0.7016970990237676,0.7777446660232405,0.676899226168503,0.7733820212350263,0.598702213682437,0.5758686682821357,0.39185212097398947,0.7769209110401625,0.47689637024670983,0.6254913016746745,0.13069500029109749,287,0.08422649084613104,0.10041129836090251,0.07662373804439705,0.08014712280510601,0.0990479845426842,0.11914265050903904,0.10737661111702317,0.11696160339048417,0.06426812194871023,0.07103550635400398,0.09192411279184814,0.018337192684936027,263
295,0.0030042409896850588,0.00044781653469337163,0.002298569679260254,0.00045959272957004006,SVR(),,4,auto,sigmoid,10,True,0.01,,,,,,,,,,,"{'estimator': SVR(), 'estimator__C': 10, 'estimator__degree': 4, 'estimator__gamma': 'auto', 'estimator__kernel': 'sigmoid', 'estimator__shrinking': True, 'estimator__tol': 0.01}",0.01622928571503922,0.013339960577241152,0.009143705708907147,0.010305085802995967,0.012317796485482722,0.024687885928070703,0.022846196118392212,0.02821402582807477,0.006799288995026929,0.009106965835888162,0.015299019699511899,0.007063379380982187,193,0.4955667431737065,0.7144988160635404,0.7516917246002275,0.7389846019325995,0.7934804731083442,0.5867218197369184,0.5949577191841469,0.3909611353926006,0.802444404533826,0.5696462340914932,0.6438953671817405,0.13050444949772536,202,0.08841925236836432,0.09802430698311179,0.07977080869341399,0.07594988245994588,0.09336279242131718,0.11830851114053648,0.10582295522465501,0.11766022916310508,0.059504292958565956,0.06966410880458278,0.09064871402175985,0.01880530007316666,214
296,0.0025998353958129883,0.0004908133332302223,0.002099895477294922,0.00030248179694685097,SVR(),,4,auto,sigmoid,10,True,0.001,,,,,,,,,,,"{'estimator': SVR(), 'estimator__C': 10, 'estimator__degree': 4, 'estimator__gamma': 'auto', 'estimator__kernel': 'sigmoid', 'estimator__shrinking': True, 'estimator__tol': 0.001}",0.016208731883705807,0.01276529804886269,0.008712627880147204,0.010336832989487947,0.012404264336323127,0.02462209787586982,0.022613000287695806,0.027904796618705915,0.006922949719797788,0.011020289276287792,0.015351088891688392,0.006865780838421303,202,0.4962055905180578,0.7267977153943135,0.7633981591279911,0.7381804839778208,0.792030757676859,0.5878231196447294,0.599092069193774,0.397636276605169,0.7988514011866005,0.47923127450833813,0.6379246847833653,0.13797241806715055,233,0.08817578996806924,0.09429537566094046,0.07855351452628362,0.07688420252193112,0.09341913354090009,0.11896811086239294,0.1048706105297489,0.11828425779856339,0.060108262646778286,0.07323905106183425,0.09067983091174422,0.018348362477236334,224
297,0.0022028684616088867,0.000397768932397412,0.0019959449768066407,5.962562191902384e-06,SVR(),,4,auto,sigmoid,10,False,0.1,,,,,,,,,,,"{'estimator': SVR(), 'estimator__C': 10, 'estimator__degree': 4, 'estimator__gamma': 'auto', 'estimator__kernel': 'sigmoid', 'estimator__shrinking': False, 'estimator__tol': 0.1}",0.01592740432466824,0.01393811711822969,0.008184332007648515,0.01275626350782643,0.013516562740543338,0.02397221640273541,0.023922903961689165,0.02817275048151384,0.007677733404645398,0.011069699540645139,0.015913798349014515,0.0067084182701284386,242,0.5049497200707717,0.7016970990237676,0.7777446660232405,0.676899226168503,0.7733820212350263,0.598702213682437,0.5758686682821357,0.39185212097398947,0.7769209110401625,0.47689637024670983,0.6254913016746745,0.13069500029109749,287,0.08422649084613104,0.10041129836090251,0.07662373804439705,0.08014712280510601,0.0990479845426842,0.11914265050903904,0.10737661111702317,0.11696160339048417,0.06426812194871023,0.07103550635400398,0.09192411279184814,0.018337192684936027,263
298,0.0023978710174560546,0.0004887761159223405,0.0021999120712280274,0.0004033253111467567,SVR(),,4,auto,sigmoid,10,False,0.01,,,,,,,,,,,"{'estimator': SVR(), 'estimator__C': 10, 'estimator__degree': 4, 'estimator__gamma': 'auto', 'estimator__kernel': 'sigmoid', 'estimator__shrinking': False, 'estimator__tol': 0.01}",0.01622928571503922,0.013339960577241152,0.009143705708907147,0.010305085802995967,0.012317796485482722,0.024687885928070703,0.022846196118392212,0.02821402582807477,0.006799288995026929,0.009106965835888162,0.015299019699511899,0.007063379380982187,193,0.4955667431737065,0.7144988160635404,0.7516917246002275,0.7389846019325995,0.7934804731083442,0.5867218197369184,0.5949577191841469,0.3909611353926006,0.802444404533826,0.5696462340914932,0.6438953671817405,0.13050444949772536,202,0.08841925236836432,0.09802430698311179,0.07977080869341399,0.07594988245994588,0.09336279242131718,0.11830851114053648,0.10582295522465501,0.11766022916310508,0.059504292958565956,0.06966410880458278,0.09064871402175985,0.01880530007316666,214
299,0.002700352668762207,0.0004585325401419919,0.0024006843566894533,0.0004898923157541413,SVR(),,4,auto,sigmoid,10,False,0.001,,,,,,,,,,,"{'estimator': SVR(), 'estimator__C': 10, 'estimator__degree': 4, 'estimator__gamma': 'auto', 'estimator__kernel': 'sigmoid', 'estimator__shrinking': False, 'estimator__tol': 0.001}",0.016208731883705807,0.01276529804886269,0.008712627880147204,0.010336832989487947,0.012404264336323127,0.02462209787586982,0.022613000287695806,0.02788405433289776,0.0069229497197977885,0.010918099284533796,0.015338795663932175,0.006868501805935558,199,0.4962055905180578,0.7267977153943135,0.7633981591279911,0.7381804839778208,0.792030757676859,0.5878231196447294,0.599092069193774,0.39808402760231276,0.7988514011866005,0.4840603085227392,0.6384523632845198,0.1373451005957406,230,0.08817578996806924,0.09429537566094046,0.07855351452628362,0.07688420252193112,0.09341913354090009,0.11896811086239294,0.1048706105297489,0.118286705282857,0.06010826264677828,0.0731450282031978,0.09067067337430994,0.018357687355445684,221
300,0.002300715446472168,0.0004587398795394749,0.0023006200790405273,0.0004581260271446391,SVR(),,4,auto,rbf,10,True,0.1,,,,,,,,,,,"{'estimator': SVR(), 'estimator__C': 10, 'estimator__degree': 4, 'estimator__gamma': 'auto', 'estimator__kernel': 'rbf', 'estimator__shrinking': True, 'estimator__tol': 0.1}",0.020831653001300396,0.014946849889027319,0.008245677449970913,0.015104591434353127,0.011022577866057922,0.024905915923338653,0.020500321955002464,0.03313761650464913,0.010385455447654674,0.018437168858938976,0.017751782833029358,0.007142839833840334,400,0.3525174950377785,0.6801082495912164,0.7760787570940115,0.6174189112780673,0.8151960402408363,0.5830719713882327,0.6365479347597467,0.28467860436618575,0.6982471495696863,0.12874329451554167,0.5572608407841304,0.21442955127741709,475,0.09953164396264835,0.10426245228534584,0.07543691662842539,0.09176761369217276,0.0862648167221507,0.12448349617342416,0.10445900754142226,0.13222450993514717,0.07425903084720459,0.0932715073659868,0.0985960995153928,0.017955680102998542,510
301,0.002600264549255371,0.0004900398665387751,0.0023004293441772463,0.0004585120799863073,SVR(),,4,auto,rbf,10,True,0.01,,,,,,,,,,,"{'estimator': SVR(), 'estimator__C': 10, 'estimator__degree': 4, 'estimator__gamma': 'auto', 'estimator__kernel': 'rbf', 'estimator__shrinking': True, 'estimator__tol': 0.01}",0.016727839707424988,0.013369210070957883,0.006482482114351584,0.01451791892543101,0.011750558787610854,0.026582243399739018,0.019626458468863617,0.02773512330342779,0.008511427125333815,0.014517010418790433,0.0159820272321931,0.006628809960022544,261,0.4800708539214852,0.7138728198293449,0.8239604373359805,0.6322786185506635,0.8029907504649862,0.5550100477796167,0.6520407396762913,0.401298910357646,0.7526976636465785,0.3139921444703425,0.6128212986032935,0.1635368829951106,312,0.09073388697402143,0.09921943613864102,0.06357847886318009,0.08881714448616806,0.08497098343936245,0.12501567005600034,0.1033010850454387,0.11248434621208883,0.06915863392066007,0.07664265948833796,0.0913922324623899,0.018199679495717172,244
302,0.002900838851928711,0.00029985342716581226,0.002100682258605957,0.0002994626275112083,SVR(),,4,auto,rbf,10,True,0.001,,,,,,,,,,,"{'estimator': SVR(), 'estimator__C': 10, 'estimator__degree': 4, 'estimator__gamma': 'auto', 'estimator__kernel': 'rbf', 'estimator__shrinking': True, 'estimator__tol': 0.001}",0.01652606471947459,0.013590844211405502,0.006512490335275742,0.014505713688769559,0.011864940141866547,0.025517752065947908,0.019890866793317332,0.027264048143957553,0.008584042943469723,0.014401171766270307,0.015865793480975478,0.006367126614263943,231,0.48634235693800953,0.7091294167936202,0.8231455281708446,0.632587762478875,0.8010730387059104,0.5728297607601762,0.6473530205370333,0.41146772079316396,0.7505877869811514,0.3194661520869464,0.6153982544245731,0.1592618457488724,302,0.09027202619536799,0.0995647920964084,0.06351896996002189,0.08899213504896782,0.08590403636271371,0.12275544519341276,0.1041495580906144,0.11182177965945943,0.06963195239480925,0.07561042366478495,0.09122211186665606,0.017795779993151788,235
303,0.002302122116088867,0.000784501818073531,0.001999688148498535,0.0004461878961566656,SVR(),,4,auto,rbf,10,False,0.1,,,,,,,,,,,"{'estimator': SVR(), 'estimator__C': 10, 'estimator__degree': 4, 'estimator__gamma': 'auto', 'estimator__kernel': 'rbf', 'estimator__shrinking': False, 'estimator__tol': 0.1}",0.020831653001300396,0.014946849889027319,0.008245677449970913,0.015104591434353127,0.011022577866057922,0.024905915923338653,0.020500321955002464,0.03313761650464913,0.010385455447654674,0.018437168858938976,0.017751782833029358,0.007142839833840334,400,0.3525174950377785,0.6801082495912164,0.7760787570940115,0.6174189112780673,0.8151960402408363,0.5830719713882327,0.6365479347597467,0.28467860436618575,0.6982471495696863,0.12874329451554167,0.5572608407841304,0.21442955127741709,475,0.09953164396264835,0.10426245228534584,0.07543691662842539,0.09176761369217276,0.0862648167221507,0.12448349617342416,0.10445900754142226,0.13222450993514717,0.07425903084720459,0.0932715073659868,0.0985960995153928,0.017955680102998542,510
304,0.00279390811920166,0.00039832547486263743,0.0021052837371826174,0.0003028985795680822,SVR(),,4,auto,rbf,10,False,0.01,,,,,,,,,,,"{'estimator': SVR(), 'estimator__C': 10, 'estimator__degree': 4, 'estimator__gamma': 'auto', 'estimator__kernel': 'rbf', 'estimator__shrinking': False, 'estimator__tol': 0.01}",0.016727839707424988,0.013369210070957883,0.006482482114351584,0.01451791892543101,0.011750558787610854,0.026582243399739018,0.019626458468863617,0.02773512330342779,0.008511427125333815,0.014517010418790433,0.0159820272321931,0.006628809960022544,261,0.4800708539214852,0.7138728198293449,0.8239604373359805,0.6322786185506635,0.8029907504649862,0.5550100477796167,0.6520407396762913,0.401298910357646,0.7526976636465785,0.3139921444703425,0.6128212986032935,0.1635368829951106,312,0.09073388697402143,0.09921943613864102,0.06357847886318009,0.08881714448616806,0.08497098343936245,0.12501567005600034,0.1033010850454387,0.11248434621208883,0.06915863392066007,0.07664265948833796,0.0913922324623899,0.018199679495717172,244
305,0.0028985977172851563,0.0002976104013344312,0.0024010419845581056,0.0004889155814493849,SVR(),,4,auto,rbf,10,False,0.001,,,,,,,,,,,"{'estimator': SVR(), 'estimator__C': 10, 'estimator__degree': 4, 'estimator__gamma': 'auto', 'estimator__kernel': 'rbf', 'estimator__shrinking': False, 'estimator__tol': 0.001}",0.01652606471947459,0.013581713570050656,0.006512490335275742,0.014527667002548664,0.011864940141866547,0.025517752065947908,0.01988556838777788,0.027279858326658985,0.008584042943469723,0.01440117176627031,0.015868126925934103,0.006369485011626991,235,0.48634235693800953,0.709324830333399,0.8231455281708446,0.6320317115109845,0.8010730387059104,0.5728297607601762,0.6474469564488703,0.4111264360796534,0.7505877869811514,0.3194661520869463,0.6153374558015946,0.15931305883885974,305,0.09027202619536799,0.09949086610985461,0.06351896996002189,0.08911665377633901,0.08590403636271371,0.12275544519341276,0.10420547691927412,0.11187183165464404,0.06963195239480925,0.07561042366478497,0.09123776822312224,0.017800677125540967,238
306,0.0006020307540893554,0.0004915649189251416,0.0,0.0,SVR(),,2,scale,polynomial,50,True,0.1,,,,,,,,,,,"{'estimator': SVR(), 'estimator__C': 50, 'estimator__degree': 2, 'estimator__gamma': 'scale', 'estimator__kernel': 'polynomial', 'estimator__shrinking': True, 'estimator__tol': 0.1}",,,,,,,,,,,,,1009,,,,,,,,,,,,,1009,,,,,,,,,,,,,1009
307,0.0005964517593383789,0.0006587671019127113,0.0,0.0,SVR(),,2,scale,polynomial,50,True,0.01,,,,,,,,,,,"{'estimator': SVR(), 'estimator__C': 50, 'estimator__degree': 2, 'estimator__gamma': 'scale', 'estimator__kernel': 'polynomial', 'estimator__shrinking': True, 'estimator__tol': 0.01}",,,,,,,,,,,,,1009,,,,,,,,,,,,,1009,,,,,,,,,,,,,1009
308,0.0007016181945800782,0.00045932714868396606,0.0,0.0,SVR(),,2,scale,polynomial,50,True,0.001,,,,,,,,,,,"{'estimator': SVR(), 'estimator__C': 50, 'estimator__degree': 2, 'estimator__gamma': 'scale', 'estimator__kernel': 'polynomial', 'estimator__shrinking': True, 'estimator__tol': 0.001}",,,,,,,,,,,,,1009,,,,,,,,,,,,,1009,,,,,,,,,,,,,1009
309,0.000400090217590332,0.0004900250464690077,0.0,0.0,SVR(),,2,scale,polynomial,50,False,0.1,,,,,,,,,,,"{'estimator': SVR(), 'estimator__C': 50, 'estimator__degree': 2, 'estimator__gamma': 'scale', 'estimator__kernel': 'polynomial', 'estimator__shrinking': False, 'estimator__tol': 0.1}",,,,,,,,,,,,,1009,,,,,,,,,,,,,1009,,,,,,,,,,,,,1009
310,0.0006003141403198242,0.00049018684122034,0.0,0.0,SVR(),,2,scale,polynomial,50,False,0.01,,,,,,,,,,,"{'estimator': SVR(), 'estimator__C': 50, 'estimator__degree': 2, 'estimator__gamma': 'scale', 'estimator__kernel': 'polynomial', 'estimator__shrinking': False, 'estimator__tol': 0.01}",,,,,,,,,,,,,1009,,,,,,,,,,,,,1009,,,,,,,,,,,,,1009
311,0.000696563720703125,0.0004560151232567057,0.0,0.0,SVR(),,2,scale,polynomial,50,False,0.001,,,,,,,,,,,"{'estimator': SVR(), 'estimator__C': 50, 'estimator__degree': 2, 'estimator__gamma': 'scale', 'estimator__kernel': 'polynomial', 'estimator__shrinking': False, 'estimator__tol': 0.001}",,,,,,,,,,,,,1009,,,,,,,,,,,,,1009,,,,,,,,,,,,,1009
312,0.003298449516296387,0.00045770755376654034,0.002102160453796387,0.00029993806706057414,SVR(),,2,scale,sigmoid,50,True,0.1,,,,,,,,,,,"{'estimator': SVR(), 'estimator__C': 50, 'estimator__degree': 2, 'estimator__gamma': 'scale', 'estimator__kernel': 'sigmoid', 'estimator__shrinking': True, 'estimator__tol': 0.1}",17054.57222721994,12385.895225900465,10923.170849675496,12624.657591465748,11664.633681063906,15392.31967567628,6292.711277978935,9089.92150129956,9869.096067039914,7509.7884498886415,11280.676654720888,3153.3770629550127,991,530083.5375088659,265081.32394183334,296630.78167882713,319766.35465347115,195567.63372575722,257668.28298863219,111563.04835798117,196217.55825385542,286748.8574722994,354877.430294517,281420.480887604,106429.47042895033,991,106.4450092937441,99.62044340509485,91.64757606984276,102.01617433964856,92.97189092920651,106.14070595795411,56.6646970630966,79.44287816942901,88.51551181143031,68.87817386910562,89.23430609085524,15.635268961761758,1003
313,0.0032010316848754884,0.0004001155831250341,0.0027002334594726563,0.00045809050157938954,SVR(),,2,scale,sigmoid,50,True,0.01,,,,,,,,,,,"{'estimator': SVR(), 'estimator__C': 50, 'estimator__degree': 2, 'estimator__gamma': 'scale', 'estimator__kernel': 'sigmoid', 'estimator__shrinking': True, 'estimator__tol': 0.01}",17053.693802224952,12391.110141490339,10925.10499290406,12622.53768146906,11670.214229867623,15391.89361914167,6292.385713504063,9087.820002113069,9869.23029934725,7509.7884498886415,11281.377893195075,3153.4916640114798,1003,530056.2345955474,265192.93331027316,296683.3056537614,319712.6598893294,195661.19691297968,257661.15075099037,111557.27639591048,196172.19448030845,286752.7576364821,354877.430294517,281432.7139920099,106417.39065669214,1003,106.44679142898164,99.63647720888949,91.66350303280161,101.96763297011708,92.99722814145409,106.14126560330668,56.660613317763236,79.42649612318615,88.51525314161832,68.87817386910562,89.2333434837224,15.635363868935896,997
314,0.0035013198852539063,0.000499774322129562,0.0030005216598510743,0.0006322971066314636,SVR(),,2,scale,sigmoid,50,True,0.001,,,,,,,,,,,"{'estimator': SVR(), 'estimator__C': 50, 'estimator__degree': 2, 'estimator__gamma': 'scale', 'estimator__kernel': 'sigmoid', 'estimator__shrinking': True, 'estimator__tol': 0.001}",17053.483143918478,12391.370532774896,10925.052471938001,12622.35509067374,11670.08572449361,15391.838005680711,6292.098200898825,9087.79775229061,9869.23029934725,7509.7884498886415,11281.309967190477,3153.4932985793957,997,530049.6869841813,265198.5061918118,296681.8793840498,319708.0350846422,195659.04239864953,257660.2197749639,111552.179058884,196171.71418704255,286752.7576364821,354877.430294517,281431.14509952243,106416.63575866388,997,106.44687627157388,99.63698622017407,91.66310097452252,101.96244010192699,92.99682880784849,106.1413386679171,56.65868727162442,79.42599931483029,88.51525314161832,68.87817386910562,89.23256846411417,15.635408671012325,991
315,0.0033010244369506836,0.00045823062547173084,0.0025002241134643556,0.0004997972381401897,SVR(),,2,scale,sigmoid,50,False,0.1,,,,,,,,,,,"{'estimator': SVR(), 'estimator__C': 50, 'estimator__degree': 2, 'estimator__gamma': 'scale', 'estimator__kernel': 'sigmoid', 'estimator__shrinking': False, 'estimator__tol': 0.1}",17054.57222721994,12385.895225900465,10923.170849675496,12624.657591465748,11664.633681063906,15392.31967567628,6292.711277978935,9089.92150129956,9869.096067039914,7509.7884498886415,11280.676654720888,3153.3770629550127,991,530083.5375088659,265081.32394183334,296630.78167882713,319766.35465347115,195567.63372575722,257668.28298863219,111563.04835798117,196217.55825385542,286748.8574722994,354877.430294517,281420.480887604,106429.47042895033,991,106.4450092937441,99.62044340509485,91.64757606984276,102.01617433964856,92.97189092920651,106.14070595795411,56.6646970630966,79.44287816942901,88.51551181143031,68.87817386910562,89.23430609085524,15.635268961761758,1003
316,0.0032006263732910155,0.0003996100824442006,0.002602243423461914,0.0006632728956735613,SVR(),,2,scale,sigmoid,50,False,0.01,,,,,,,,,,,"{'estimator': SVR(), 'estimator__C': 50, 'estimator__degree': 2, 'estimator__gamma': 'scale', 'estimator__kernel': 'sigmoid', 'estimator__shrinking': False, 'estimator__tol': 0.01}",17053.693802224952,12391.110141490339,10925.10499290406,12622.53768146906,11670.214229867623,15391.89361914167,6292.385713504063,9087.820002113069,9869.23029934725,7509.7884498886415,11281.377893195075,3153.4916640114798,1003,530056.2345955474,265192.93331027316,296683.3056537614,319712.6598893294,195661.19691297968,257661.15075099037,111557.27639591048,196172.19448030845,286752.7576364821,354877.430294517,281432.7139920099,106417.39065669214,1003,106.44679142898164,99.63647720888949,91.66350303280161,101.96763297011708,92.99722814145409,106.14126560330668,56.660613317763236,79.42649612318615,88.51525314161832,68.87817386910562,89.2333434837224,15.635363868935896,997
317,0.0032979726791381838,0.00045429601459282063,0.0021027088165283202,0.00030204907559964247,SVR(),,2,scale,sigmoid,50,False,0.001,,,,,,,,,,,"{'estimator': SVR(), 'estimator__C': 50, 'estimator__degree': 2, 'estimator__gamma': 'scale', 'estimator__kernel': 'sigmoid', 'estimator__shrinking': False, 'estimator__tol': 0.001}",17053.483143918478,12391.370532774896,10925.052471938001,12622.35509067374,11670.08572449361,15391.838005680711,6292.098200898825,9087.79775229061,9869.23029934725,7509.7884498886415,11281.309967190477,3153.4932985793957,997,530049.6869841813,265198.5061918118,296681.8793840498,319708.0350846422,195659.04239864953,257660.2197749639,111552.179058884,196171.71418704255,286752.7576364821,354877.430294517,281431.14509952243,106416.63575866388,997,106.44687627157388,99.63698622017407,91.66310097452252,101.96244010192699,92.99682880784849,106.1413386679171,56.65868727162442,79.42599931483029,88.51525314161832,68.87817386910562,89.23256846411417,15.635408671012325,991
318,0.0021006107330322266,0.00029795997329903353,0.002097821235656738,0.00029572524940275305,SVR(),,2,scale,rbf,50,True,0.1,,,,,,,,,,,"{'estimator': SVR(), 'estimator__C': 50, 'estimator__degree': 2, 'estimator__gamma': 'scale', 'estimator__kernel': 'rbf', 'estimator__shrinking': True, 'estimator__tol': 0.1}",0.013833240969605386,0.012287647395990144,0.00672735878761822,0.011839333527729921,0.011204647935608637,0.02372739878410792,0.022247876588139138,0.025863792674826372,0.012393743087566618,0.011203817285314407,0.015132885703650675,0.006076985056784227,180,0.5700398084498141,0.7370203713094885,0.8173105181062703,0.7001239569791133,0.8121434630474186,0.6028004900685762,0.6055653803429021,0.44169417646725484,0.6398956865181308,0.4705585759106289,0.6397152427199597,0.1223106721359124,218,0.08931128970902873,0.09626101890910546,0.07059783099469541,0.08454795067936641,0.08497496319407424,0.12854423932603137,0.11881910703475276,0.12335173949435996,0.08484835113032019,0.08943067998756217,0.09706871704592968,0.018511695021937984,480
319,0.002297711372375488,0.00045886106938492583,0.0023011207580566407,0.0006391088935566024,SVR(),,2,scale,rbf,50,True,0.01,,,,,,,,,,,"{'estimator': SVR(), 'estimator__C': 50, 'estimator__degree': 2, 'estimator__gamma': 'scale', 'estimator__kernel': 'rbf', 'estimator__shrinking': True, 'estimator__tol': 0.01}",0.012925422422512777,0.012562648593126526,0.006767995379413259,0.01152555331769258,0.011004612565563406,0.02479063818556897,0.020860930931838783,0.02275404713543101,0.011171281952797148,0.010161836616781893,0.014452496710072635,0.005757143539189217,130,0.5982563223714886,0.7311348091362142,0.8162069828058154,0.7080716313599282,0.815497245522395,0.5850017345858232,0.6301546655387551,0.5088223454167093,0.6754146999900212,0.5197978409729533,0.6588358277700104,0.10440987110098968,151,0.08977727340544057,0.09541602876608957,0.06925989283911123,0.08160465147870069,0.08458538480538033,0.1315944258671556,0.10954532517009405,0.10944588483880473,0.07968283392315609,0.08254648288384653,0.09334581839777793,0.017605814995086205,327
320,0.0026053667068481447,0.0004922465766843316,0.002196860313415527,0.00040366645403152,SVR(),,2,scale,rbf,50,True,0.001,,,,,,,,,,,"{'estimator': SVR(), 'estimator__C': 50, 'estimator__degree': 2, 'estimator__gamma': 'scale', 'estimator__kernel': 'rbf', 'estimator__shrinking': True, 'estimator__tol': 0.001}",0.012801070152142963,0.012580265045634784,0.006732222007641724,0.011458709541190323,0.01086137685310519,0.02486476941830593,0.020699235157859572,0.022535908668701775,0.011137527156088704,0.01011734287518703,0.0143788426875858,0.005746312311791721,118,0.6021213982496132,0.7307577826810949,0.8171784515442692,0.709764703622072,0.8178987279308536,0.583760768832196,0.6330213845650396,0.5135311666573765,0.6763954567968657,0.5219004127405175,0.6606330253619899,0.10382672150437774,136,0.08826067088422267,0.09507037721549574,0.0692575658652341,0.08225683829174205,0.08451938513465602,0.13161689979973243,0.10844277504505624,0.10772461211215166,0.08013856447020558,0.0819964206855158,0.09292841095040123,0.017351627352196558,306
321,0.0023961305618286134,0.0004931845546057226,0.002402067184448242,0.0004946594432771324,SVR(),,2,scale,rbf,50,False,0.1,,,,,,,,,,,"{'estimator': SVR(), 'estimator__C': 50, 'estimator__degree': 2, 'estimator__gamma': 'scale', 'estimator__kernel': 'rbf', 'estimator__shrinking': False, 'estimator__tol': 0.1}",0.013833240969605386,0.012287647395990144,0.00672735878761822,0.011839333527729921,0.011204647935608637,0.02372739878410792,0.022247876588139138,0.025863792674826372,0.012393743087566618,0.011203817285314407,0.015132885703650675,0.006076985056784227,180,0.5700398084498141,0.7370203713094885,0.8173105181062703,0.7001239569791133,0.8121434630474186,0.6028004900685762,0.6055653803429021,0.44169417646725484,0.6398956865181308,0.4705585759106289,0.6397152427199597,0.1223106721359124,218,0.08931128970902873,0.09626101890910546,0.07059783099469541,0.08454795067936641,0.08497496319407424,0.12854423932603137,0.11881910703475276,0.12335173949435996,0.08484835113032019,0.08943067998756217,0.09706871704592968,0.018511695021937984,480
322,0.0026974916458129884,0.0004536331535953509,0.0022022247314453123,0.00040092724884130203,SVR(),,2,scale,rbf,50,False,0.01,,,,,,,,,,,"{'estimator': SVR(), 'estimator__C': 50, 'estimator__degree': 2, 'estimator__gamma': 'scale', 'estimator__kernel': 'rbf', 'estimator__shrinking': False, 'estimator__tol': 0.01}",0.012925422422512777,0.012562648593126526,0.006767995379413259,0.01152555331769258,0.011004612565563406,0.02479063818556897,0.020860930931838783,0.02275404713543101,0.011171281952797148,0.010161836616781893,0.014452496710072635,0.005757143539189217,130,0.5982563223714886,0.7311348091362142,0.8162069828058154,0.7080716313599282,0.815497245522395,0.5850017345858232,0.6301546655387551,0.5088223454167093,0.6754146999900212,0.5197978409729533,0.6588358277700104,0.10440987110098968,151,0.08977727340544057,0.09541602876608957,0.06925989283911123,0.08160465147870069,0.08458538480538033,0.1315944258671556,0.10954532517009405,0.10944588483880473,0.07968283392315609,0.08254648288384653,0.09334581839777793,0.017605814995086205,327
323,0.0026984453201293946,0.0004607413527503195,0.0023030757904052733,0.0004607038375636593,SVR(),,2,scale,rbf,50,False,0.001,,,,,,,,,,,"{'estimator': SVR(), 'estimator__C': 50, 'estimator__degree': 2, 'estimator__gamma': 'scale', 'estimator__kernel': 'rbf', 'estimator__shrinking': False, 'estimator__tol': 0.001}",0.012801070152142963,0.012580265045634784,0.006732222007641724,0.011458709541190323,0.01086137685310519,0.02486476941830593,0.020699235157859572,0.022535908668701775,0.011137527156088704,0.01011734287518703,0.0143788426875858,0.005746312311791721,118,0.6021213982496132,0.7307577826810949,0.8171784515442692,0.709764703622072,0.8178987279308536,0.583760768832196,0.6330213845650396,0.5135311666573765,0.6763954567968657,0.5219004127405175,0.6606330253619899,0.10382672150437774,136,0.08826067088422265,0.09507037721549574,0.06925756586523413,0.08225683829174205,0.08451938513465602,0.13161689979973243,0.10844277504505624,0.10772461211215166,0.08013856447020558,0.0819964206855158,0.09292841095040125,0.017351627352196555,312
324,0.0005017995834350586,0.0005018209655475613,0.0,0.0,SVR(),,2,auto,polynomial,50,True,0.1,,,,,,,,,,,"{'estimator': SVR(), 'estimator__C': 50, 'estimator__degree': 2, 'estimator__gamma': 'auto', 'estimator__kernel': 'polynomial', 'estimator__shrinking': True, 'estimator__tol': 0.1}",,,,,,,,,,,,,1009,,,,,,,,,,,,,1009,,,,,,,,,,,,,1009
325,0.0005020856857299805,0.0005020893244333214,0.0,0.0,SVR(),,2,auto,polynomial,50,True,0.01,,,,,,,,,,,"{'estimator': SVR(), 'estimator__C': 50, 'estimator__degree': 2, 'estimator__gamma': 'auto', 'estimator__kernel': 'polynomial', 'estimator__shrinking': True, 'estimator__tol': 0.01}",,,,,,,,,,,,,1009,,,,,,,,,,,,,1009,,,,,,,,,,,,,1009
326,0.0005996465682983398,0.0004896288006843069,0.0,0.0,SVR(),,2,auto,polynomial,50,True,0.001,,,,,,,,,,,"{'estimator': SVR(), 'estimator__C': 50, 'estimator__degree': 2, 'estimator__gamma': 'auto', 'estimator__kernel': 'polynomial', 'estimator__shrinking': True, 'estimator__tol': 0.001}",,,,,,,,,,,,,1009,,,,,,,,,,,,,1009,,,,,,,,,,,,,1009
327,0.0005034685134887695,0.0005034765363562435,0.0,0.0,SVR(),,2,auto,polynomial,50,False,0.1,,,,,,,,,,,"{'estimator': SVR(), 'estimator__C': 50, 'estimator__degree': 2, 'estimator__gamma': 'auto', 'estimator__kernel': 'polynomial', 'estimator__shrinking': False, 'estimator__tol': 0.1}",,,,,,,,,,,,,1009,,,,,,,,,,,,,1009,,,,,,,,,,,,,1009
328,0.0006029605865478516,0.0004923210881176949,0.0,0.0,SVR(),,2,auto,polynomial,50,False,0.01,,,,,,,,,,,"{'estimator': SVR(), 'estimator__C': 50, 'estimator__degree': 2, 'estimator__gamma': 'auto', 'estimator__kernel': 'polynomial', 'estimator__shrinking': False, 'estimator__tol': 0.01}",,,,,,,,,,,,,1009,,,,,,,,,,,,,1009,,,,,,,,,,,,,1009
329,0.0005166530609130859,0.0005187446990245191,0.0,0.0,SVR(),,2,auto,polynomial,50,False,0.001,,,,,,,,,,,"{'estimator': SVR(), 'estimator__C': 50, 'estimator__degree': 2, 'estimator__gamma': 'auto', 'estimator__kernel': 'polynomial', 'estimator__shrinking': False, 'estimator__tol': 0.001}",,,,,,,,,,,,,1009,,,,,,,,,,,,,1009,,,,,,,,,,,,,1009
330,0.002500104904174805,0.0004976094108559713,0.002199721336364746,0.00039769006639566113,SVR(),,2,auto,sigmoid,50,True,0.1,,,,,,,,,,,"{'estimator': SVR(), 'estimator__C': 50, 'estimator__degree': 2, 'estimator__gamma': 'auto', 'estimator__kernel': 'sigmoid', 'estimator__shrinking': True, 'estimator__tol': 0.1}",0.0177310262514547,0.012038786236132575,0.011199936753224823,0.013505184614689041,0.013436907311157511,0.0266036844243562,0.0236578650632203,0.02880077364113001,0.006137702477202581,0.012459396596813858,0.01655712633693816,0.007043859278269997,319,0.4488901436613726,0.7423464856831961,0.6958523088652454,0.6579299575407744,0.774717519967328,0.5546511224482789,0.5805675669252375,0.3782953703560332,0.8216670201009504,0.4112256109212086,0.6066143106469625,0.14902620481753548,328,0.08955491091137277,0.09101191560968042,0.09135107584675589,0.08660890394929706,0.0924877546070871,0.1254802734408825,0.10940289775005888,0.11996150209320527,0.05592777299276696,0.08076553424017797,0.09425525414412847,0.019023327584475037,391
331,0.0029001235961914062,0.00030104448492087633,0.002101016044616699,0.0003003055545536766,SVR(),,2,auto,sigmoid,50,True,0.01,,,,,,,,,,,"{'estimator': SVR(), 'estimator__C': 50, 'estimator__degree': 2, 'estimator__gamma': 'auto', 'estimator__kernel': 'sigmoid', 'estimator__shrinking': True, 'estimator__tol': 0.01}",0.014467224743731452,0.01253137474348804,0.010364482826690839,0.014456619612030002,0.013991734232299068,0.024648998215900237,0.019447666189233666,0.02923935382723532,0.006015678681363271,0.016491903022530136,0.016165503609450203,0.006435695438461976,283,0.5503345357980987,0.7318041305368539,0.7185400604484508,0.6338312562476704,0.7654153210394636,0.587372804716646,0.655210564200177,0.3688280089729906,0.8252124619354877,0.22066770638636568,0.6057216850282205,0.1770118421222131,334,0.0804375780881876,0.09866880949749757,0.08298030136629375,0.08923637411926476,0.10042396666375966,0.10992520322735803,0.0937225563413787,0.12407521271638514,0.05735926082568919,0.08367671963152365,0.09205059824773382,0.017205958308345346,274
332,0.003600025177001953,0.000489956830204664,0.002201747894287109,0.0004001625386494747,SVR(),,2,auto,sigmoid,50,True,0.001,,,,,,,,,,,"{'estimator': SVR(), 'estimator__C': 50, 'estimator__degree': 2, 'estimator__gamma': 'auto', 'estimator__kernel': 'sigmoid', 'estimator__shrinking': True, 'estimator__tol': 0.001}",0.014763053865922426,0.01725039625681532,0.011336136207088055,0.013543530856377908,0.01399620040438248,0.023544271232241183,0.020573070114060874,0.029634113616452417,0.005865923114917034,0.02094174896365829,0.017144844463191602,0.006423599979552934,349,0.5411396734861627,0.6308078628735806,0.6921536496371574,0.6569586934746472,0.765340441433621,0.6058660673161389,0.6352581760569204,0.3603065716112158,0.8295636595570771,0.010388235376312949,0.5727783030822834,0.222519549749654,427,0.08033612527573036,0.11100238120682279,0.08685285506351452,0.08695144775354463,0.1009029759228115,0.11152967679862351,0.09636290031161572,0.12320413563417437,0.056721460229312196,0.08724196591871657,0.09411059241148662,0.017958813811712496,382
333,0.00269620418548584,0.0006358339224132923,0.0021045684814453127,0.0002988156617022696,SVR(),,2,auto,sigmoid,50,False,0.1,,,,,,,,,,,"{'estimator': SVR(), 'estimator__C': 50, 'estimator__degree': 2, 'estimator__gamma': 'auto', 'estimator__kernel': 'sigmoid', 'estimator__shrinking': False, 'estimator__tol': 0.1}",0.0177310262514547,0.012038786236132575,0.011199936753224823,0.013505184614689041,0.013436907311157511,0.0266036844243562,0.0236578650632203,0.02880077364113001,0.006137702477202581,0.012459396596813858,0.01655712633693816,0.007043859278269997,319,0.4488901436613726,0.7423464856831961,0.6958523088652454,0.6579299575407744,0.774717519967328,0.5546511224482789,0.5805675669252375,0.3782953703560332,0.8216670201009504,0.4112256109212086,0.6066143106469625,0.14902620481753548,328,0.08955491091137277,0.09101191560968042,0.09135107584675589,0.08660890394929706,0.0924877546070871,0.1254802734408825,0.10940289775005888,0.11996150209320527,0.05592777299276696,0.08076553424017797,0.09425525414412847,0.019023327584475037,391
334,0.003499746322631836,0.0004974551746793267,0.002296257019042969,0.0004563811131497388,SVR(),,2,auto,sigmoid,50,False,0.01,,,,,,,,,,,"{'estimator': SVR(), 'estimator__C': 50, 'estimator__degree': 2, 'estimator__gamma': 'auto', 'estimator__kernel': 'sigmoid', 'estimator__shrinking': False, 'estimator__tol': 0.01}",0.01479768067133845,0.012432743104552234,0.010340124513018979,0.014456619612030002,0.01403255062279088,0.02462327229223735,0.01976702397526553,0.02923935382723532,0.006043116303799229,0.016621940433971513,0.01623544253562395,0.006444080690947807,291,0.5400634146454356,0.7339150400501704,0.7192015396180629,0.6338312562476704,0.7647309955869586,0.5878034597734607,0.6495486410782568,0.3688280089729906,0.8244152527210424,0.2145227300318635,0.6036860338725912,0.1785717978264529,345,0.07946011557118987,0.09792593570471833,0.08293810283525424,0.08923637411926476,0.10116570369692188,0.10961833505023896,0.09501282816243224,0.12407521271638514,0.0578828548929634,0.08325740321970848,0.09205728659690773,0.01718956966713511,277
335,0.005187773704528808,0.0008718695859953708,0.002097630500793457,0.0002989451159158868,SVR(),,2,auto,sigmoid,50,False,0.001,,,,,,,,,,,"{'estimator': SVR(), 'estimator__C': 50, 'estimator__degree': 2, 'estimator__gamma': 'auto', 'estimator__kernel': 'sigmoid', 'estimator__shrinking': False, 'estimator__tol': 0.001}",0.014791076776410263,0.012222927047025291,0.011358248614705356,0.01356520139803629,0.014144746757048413,0.023476109642578253,0.020579957382443875,0.029650985439648236,0.005900728800850356,0.020958624771794335,0.016664860663054067,0.006572855620338241,338,0.5402686747095478,0.7384055130531433,0.691553160735263,0.6564098047836229,0.7628499211112398,0.6070071005265891,0.6351360710517815,0.35994236991573103,0.8285523688154723,0.009590761473920906,0.5829715746176312,0.22751680193190976,405,0.07998473677685483,0.09850592050475751,0.08697093909894425,0.0869696195473248,0.10148692623861436,0.11115637859815909,0.096422293475106,0.12353832820883731,0.056999789873319925,0.08731113471868276,0.09293460670406009,0.017166089941647922,318
336,0.0025016307830810548,0.000497333820522996,0.002199125289916992,0.00039766887944402195,SVR(),,2,auto,rbf,50,True,0.1,,,,,,,,,,,"{'estimator': SVR(), 'estimator__C': 50, 'estimator__degree': 2, 'estimator__gamma': 'auto', 'estimator__kernel': 'rbf', 'estimator__shrinking': True, 'estimator__tol': 0.1}",0.016495826165941703,0.01148138731732902,0.005778703158698985,0.013390266885428312,0.014763600256528004,0.02190482012202159,0.01710653330167232,0.0382536662149264,0.010725080876098598,0.03613426315455131,0.018603414745319628,0.01015002769622434,465,0.48728222159429424,0.754275910086055,0.8430723974431957,0.6608406850612838,0.7524742559443087,0.6333106761188495,0.6967167212670623,0.17424157826401965,0.6883792201728378,0.7075408546729862,0.498305281127892,0.4391275789349478,532,0.08874966323544133,0.09423065007398393,0.06056771467589307,0.0769479639172512,0.0949187377724508,0.11883529835646109,0.09450113717079975,0.1442593833832688,0.07871060288788669,0.10174277861924023,0.0953463930092677,0.022035404002834852,447
337,0.0030025482177734376,7.256859993785672e-06,0.002102303504943848,0.0002993534166489264,SVR(),,2,auto,rbf,50,True,0.01,,,,,,,,,,,"{'estimator': SVR(), 'estimator__C': 50, 'estimator__degree': 2, 'estimator__gamma': 'auto', 'estimator__kernel': 'rbf', 'estimator__shrinking': True, 'estimator__tol': 0.01}",0.017829167982389343,0.011691012991898262,0.006449903887553354,0.013357439162592043,0.013646153907184093,0.02234210369690483,0.0164331966297432,0.03163544498774862,0.012211456857058179,0.03499770385247959,0.018059358395555152,0.008621917413748905,445,0.4458397350460349,0.749789511649833,0.8248451380874462,0.6616721716988103,0.7712093025628572,0.6259904964723129,0.7086543681270385,0.31710505923205956,0.6451920733667731,0.6538322337514708,0.5096465622491695,0.4141116618915919,518,0.09529127619886536,0.092536811895652,0.0672076568285926,0.08343877317585144,0.09104497773183448,0.11627178896199783,0.09091108449147102,0.12921659985580344,0.08363055532475958,0.09951187967551971,0.09490614041403475,0.01648450126276975,422
338,0.003198575973510742,0.0004003949373410256,0.0025001287460327147,0.0004960655356795257,SVR(),,2,auto,rbf,50,True,0.001,,,,,,,,,,,"{'estimator': SVR(), 'estimator__C': 50, 'estimator__degree': 2, 'estimator__gamma': 'auto', 'estimator__kernel': 'rbf', 'estimator__shrinking': True, 'estimator__tol': 0.001}",0.017881783066851287,0.011308904621873637,0.006402380770999436,0.013524745061080595,0.013547482448940221,0.02260200608963358,0.016282112776665008,0.0312717880339596,0.012373980761405732,0.03494698909959792,0.0180142172731007,0.008592221997714115,435,0.444204370503236,0.7579673762996116,0.8261356852122985,0.6574345150186187,0.7728636230331013,0.621639699153097,0.7113329474462441,0.3249550987688441,0.6404698874552238,0.6514356852980068,0.5105567517592268,0.41349546709539053,515,0.0961816635342419,0.09105852371564314,0.0671093524196729,0.08389995097011133,0.0904364115598649,0.11647534860486655,0.09106558047079982,0.12801279742675248,0.08376974478498951,0.10009806061112206,0.09481074340980647,0.01630068384046171,416
339,0.0022005319595336916,0.0004001028764064565,0.00250089168548584,0.0005000357383911868,SVR(),,2,auto,rbf,50,False,0.1,,,,,,,,,,,"{'estimator': SVR(), 'estimator__C': 50, 'estimator__degree': 2, 'estimator__gamma': 'auto', 'estimator__kernel': 'rbf', 'estimator__shrinking': False, 'estimator__tol': 0.1}",0.016495826165941703,0.01148138731732902,0.005778703158698985,0.013390266885428312,0.014763600256528004,0.02190482012202159,0.01710653330167232,0.0382536662149264,0.010725080876098598,0.03613426315455131,0.018603414745319628,0.01015002769622434,465,0.48728222159429424,0.754275910086055,0.8430723974431957,0.6608406850612838,0.7524742559443087,0.6333106761188495,0.6967167212670623,0.17424157826401965,0.6883792201728378,0.7075408546729862,0.498305281127892,0.4391275789349478,532,0.08874966323544133,0.09423065007398393,0.06056771467589307,0.0769479639172512,0.0949187377724508,0.11883529835646109,0.09450113717079975,0.1442593833832688,0.07871060288788669,0.10174277861924023,0.0953463930092677,0.022035404002834852,447
340,0.003100299835205078,0.0003003637380494014,0.0025012731552124024,0.0005000372866928517,SVR(),,2,auto,rbf,50,False,0.01,,,,,,,,,,,"{'estimator': SVR(), 'estimator__C': 50, 'estimator__degree': 2, 'estimator__gamma': 'auto', 'estimator__kernel': 'rbf', 'estimator__shrinking': False, 'estimator__tol': 0.01}",0.017829167982389343,0.011436258645718216,0.006519812927887277,0.013422128730287334,0.013550163110805542,0.022428456396450205,0.016460354394764915,0.03187162041399874,0.012211456857058179,0.03598593430144208,0.018171535376080183,0.008870033490204066,456,0.4458397350460349,0.7552417517090314,0.8229466744018465,0.6600336629483169,0.7728186791975025,0.6245449418941325,0.7081728856505136,0.31200688521293707,0.6451920733667731,0.7005315080169467,0.5046265781410142,0.4276386836283839,524,0.09529127619886536,0.09131781927152335,0.06778760887445369,0.08348479656492844,0.09118878604375855,0.11634729873117103,0.09112266208352866,0.12980466188179812,0.08363055532475958,0.10045177216094969,0.09504272371357365,0.01656006047508925,427
341,0.004401779174804688,0.0004913827182555845,0.0021004676818847656,0.00030013726970503024,SVR(),,2,auto,rbf,50,False,0.001,,,,,,,,,,,"{'estimator': SVR(), 'estimator__C': 50, 'estimator__degree': 2, 'estimator__gamma': 'auto', 'estimator__kernel': 'rbf', 'estimator__shrinking': False, 'estimator__tol': 0.001}",0.017881783066851287,0.011310043964630579,0.006388338129739957,0.013543946734828128,0.013532859474098666,0.022646078274514245,0.016291154391227428,0.031270925062745654,0.012388519011007503,0.03491814946156143,0.018017179757120493,0.00858920910730122,439,0.444204370503236,0.7579429921416426,0.8265170299475957,0.6569481597749471,0.7731087910588587,0.6209019254765349,0.7111726478425096,0.3249737271989567,0.6400474737941463,0.6500728552336255,0.5105744262504801,0.41309687583296356,512,0.0961816635342419,0.09108721141428391,0.0670193067563483,0.08394901173303185,0.09036770594586574,0.11657256976620568,0.09104459838632908,0.128030799059886,0.08380808518383451,0.10008557057787819,0.09481465223579051,0.016328015892007077,419
342,0.0008011579513549805,0.0004005953217000794,0.0,0.0,SVR(),,3,scale,polynomial,50,True,0.1,,,,,,,,,,,"{'estimator': SVR(), 'estimator__C': 50, 'estimator__degree': 3, 'estimator__gamma': 'scale', 'estimator__kernel': 'polynomial', 'estimator__shrinking': True, 'estimator__tol': 0.1}",,,,,,,,,,,,,1009,,,,,,,,,,,,,1009,,,,,,,,,,,,,1009
343,0.0006038427352905273,0.0004930813026810328,0.0,0.0,SVR(),,3,scale,polynomial,50,True,0.01,,,,,,,,,,,"{'estimator': SVR(), 'estimator__C': 50, 'estimator__degree': 3, 'estimator__gamma': 'scale', 'estimator__kernel': 'polynomial', 'estimator__shrinking': True, 'estimator__tol': 0.01}",,,,,,,,,,,,,1009,,,,,,,,,,,,,1009,,,,,,,,,,,,,1009
344,0.0007971763610839844,0.00039861429192612074,0.0,0.0,SVR(),,3,scale,polynomial,50,True,0.001,,,,,,,,,,,"{'estimator': SVR(), 'estimator__C': 50, 'estimator__degree': 3, 'estimator__gamma': 'scale', 'estimator__kernel': 'polynomial', 'estimator__shrinking': True, 'estimator__tol': 0.001}",,,,,,,,,,,,,1009,,,,,,,,,,,,,1009,,,,,,,,,,,,,1009
345,0.000500631332397461,0.0005006428978017638,0.0,0.0,SVR(),,3,scale,polynomial,50,False,0.1,,,,,,,,,,,"{'estimator': SVR(), 'estimator__C': 50, 'estimator__degree': 3, 'estimator__gamma': 'scale', 'estimator__kernel': 'polynomial', 'estimator__shrinking': False, 'estimator__tol': 0.1}",,,,,,,,,,,,,1009,,,,,,,,,,,,,1009,,,,,,,,,,,,,1009
346,0.0006982326507568359,0.00045713513406831456,0.0,0.0,SVR(),,3,scale,polynomial,50,False,0.01,,,,,,,,,,,"{'estimator': SVR(), 'estimator__C': 50, 'estimator__degree': 3, 'estimator__gamma': 'scale', 'estimator__kernel': 'polynomial', 'estimator__shrinking': False, 'estimator__tol': 0.01}",,,,,,,,,,,,,1009,,,,,,,,,,,,,1009,,,,,,,,,,,,,1009
347,0.0006973743438720703,0.00045655306537034385,0.0,0.0,SVR(),,3,scale,polynomial,50,False,0.001,,,,,,,,,,,"{'estimator': SVR(), 'estimator__C': 50, 'estimator__degree': 3, 'estimator__gamma': 'scale', 'estimator__kernel': 'polynomial', 'estimator__shrinking': False, 'estimator__tol': 0.001}",,,,,,,,,,,,,1009,,,,,,,,,,,,,1009,,,,,,,,,,,,,1009
348,0.003099203109741211,0.0003005617744208329,0.0022020339965820312,0.0004010515875327732,SVR(),,3,scale,sigmoid,50,True,0.1,,,,,,,,,,,"{'estimator': SVR(), 'estimator__C': 50, 'estimator__degree': 3, 'estimator__gamma': 'scale', 'estimator__kernel': 'sigmoid', 'estimator__shrinking': True, 'estimator__tol': 0.1}",17054.57222721994,12385.895225900465,10923.170849675496,12624.657591465748,11664.633681063906,15392.31967567628,6292.711277978935,9089.92150129956,9869.096067039914,7509.7884498886415,11280.676654720888,3153.3770629550127,991,530083.5375088659,265081.32394183334,296630.78167882713,319766.35465347115,195567.63372575722,257668.28298863219,111563.04835798117,196217.55825385542,286748.8574722994,354877.430294517,281420.480887604,106429.47042895033,991,106.4450092937441,99.62044340509485,91.64757606984276,102.01617433964856,92.97189092920651,106.14070595795411,56.6646970630966,79.44287816942901,88.51551181143031,68.87817386910562,89.23430609085524,15.635268961761758,1003
349,0.0030992746353149412,0.00030028870769183776,0.002201271057128906,0.00039671356833249953,SVR(),,3,scale,sigmoid,50,True,0.01,,,,,,,,,,,"{'estimator': SVR(), 'estimator__C': 50, 'estimator__degree': 3, 'estimator__gamma': 'scale', 'estimator__kernel': 'sigmoid', 'estimator__shrinking': True, 'estimator__tol': 0.01}",17053.693802224952,12391.110141490339,10925.10499290406,12622.53768146906,11670.214229867623,15391.89361914167,6292.385713504063,9087.820002113069,9869.23029934725,7509.7884498886415,11281.377893195075,3153.4916640114798,1003,530056.2345955474,265192.93331027316,296683.3056537614,319712.6598893294,195661.19691297968,257661.15075099037,111557.27639591048,196172.19448030845,286752.7576364821,354877.430294517,281432.7139920099,106417.39065669214,1003,106.44679142898164,99.63647720888949,91.66350303280161,101.96763297011708,92.99722814145409,106.14126560330668,56.660613317763236,79.42649612318615,88.51525314161832,68.87817386910562,89.2333434837224,15.635363868935896,997
350,0.003100681304931641,0.0002999950939941239,0.0020001411437988283,7.893059424041199e-07,SVR(),,3,scale,sigmoid,50,True,0.001,,,,,,,,,,,"{'estimator': SVR(), 'estimator__C': 50, 'estimator__degree': 3, 'estimator__gamma': 'scale', 'estimator__kernel': 'sigmoid', 'estimator__shrinking': True, 'estimator__tol': 0.001}",17053.483143918478,12391.370532774896,10925.052471938001,12622.35509067374,11670.08572449361,15391.838005680711,6292.098200898825,9087.79775229061,9869.23029934725,7509.7884498886415,11281.309967190477,3153.4932985793957,997,530049.6869841813,265198.5061918118,296681.8793840498,319708.0350846422,195659.04239864953,257660.2197749639,111552.179058884,196171.71418704255,286752.7576364821,354877.430294517,281431.14509952243,106416.63575866388,997,106.44687627157388,99.63698622017407,91.66310097452252,101.96244010192699,92.99682880784849,106.1413386679171,56.65868727162442,79.42599931483029,88.51525314161832,68.87817386910562,89.23256846411417,15.635408671012325,991
351,0.0029009342193603515,0.00030036474106534094,0.0025003671646118162,0.0004997510263024933,SVR(),,3,scale,sigmoid,50,False,0.1,,,,,,,,,,,"{'estimator': SVR(), 'estimator__C': 50, 'estimator__degree': 3, 'estimator__gamma': 'scale', 'estimator__kernel': 'sigmoid', 'estimator__shrinking': False, 'estimator__tol': 0.1}",17054.57222721994,12385.895225900465,10923.170849675496,12624.657591465748,11664.633681063906,15392.31967567628,6292.711277978935,9089.92150129956,9869.096067039914,7509.7884498886415,11280.676654720888,3153.3770629550127,991,530083.5375088659,265081.32394183334,296630.78167882713,319766.35465347115,195567.63372575722,257668.28298863219,111563.04835798117,196217.55825385542,286748.8574722994,354877.430294517,281420.480887604,106429.47042895033,991,106.4450092937441,99.62044340509485,91.64757606984276,102.01617433964856,92.97189092920651,106.14070595795411,56.6646970630966,79.44287816942901,88.51551181143031,68.87817386910562,89.23430609085524,15.635268961761758,1003
352,0.002901124954223633,0.00029813552266546504,0.002199697494506836,0.0003996680667345421,SVR(),,3,scale,sigmoid,50,False,0.01,,,,,,,,,,,"{'estimator': SVR(), 'estimator__C': 50, 'estimator__degree': 3, 'estimator__gamma': 'scale', 'estimator__kernel': 'sigmoid', 'estimator__shrinking': False, 'estimator__tol': 0.01}",17053.693802224952,12391.110141490339,10925.10499290406,12622.53768146906,11670.214229867623,15391.89361914167,6292.385713504063,9087.820002113069,9869.23029934725,7509.7884498886415,11281.377893195075,3153.4916640114798,1003,530056.2345955474,265192.93331027316,296683.3056537614,319712.6598893294,195661.19691297968,257661.15075099037,111557.27639591048,196172.19448030845,286752.7576364821,354877.430294517,281432.7139920099,106417.39065669214,1003,106.44679142898164,99.63647720888949,91.66350303280161,101.96763297011708,92.99722814145409,106.14126560330668,56.660613317763236,79.42649612318615,88.51525314161832,68.87817386910562,89.2333434837224,15.635363868935896,997
353,0.002998971939086914,0.0004470783365065338,0.0021004438400268554,0.00030026887639932694,SVR(),,3,scale,sigmoid,50,False,0.001,,,,,,,,,,,"{'estimator': SVR(), 'estimator__C': 50, 'estimator__degree': 3, 'estimator__gamma': 'scale', 'estimator__kernel': 'sigmoid', 'estimator__shrinking': False, 'estimator__tol': 0.001}",17053.483143918478,12391.370532774896,10925.052471938001,12622.35509067374,11670.08572449361,15391.838005680711,6292.098200898825,9087.79775229061,9869.23029934725,7509.7884498886415,11281.309967190477,3153.4932985793957,997,530049.6869841813,265198.5061918118,296681.8793840498,319708.0350846422,195659.04239864953,257660.2197749639,111552.179058884,196171.71418704255,286752.7576364821,354877.430294517,281431.14509952243,106416.63575866388,997,106.44687627157388,99.63698622017407,91.66310097452252,101.96244010192699,92.99682880784849,106.1413386679171,56.65868727162442,79.42599931483029,88.51525314161832,68.87817386910562,89.23256846411417,15.635408671012325,991
354,0.002200198173522949,0.0004000912121246145,0.0022005558013916014,0.0004002695170314176,SVR(),,3,scale,rbf,50,True,0.1,,,,,,,,,,,"{'estimator': SVR(), 'estimator__C': 50, 'estimator__degree': 3, 'estimator__gamma': 'scale', 'estimator__kernel': 'rbf', 'estimator__shrinking': True, 'estimator__tol': 0.1}",0.013833240969605386,0.012287647395990144,0.00672735878761822,0.011839333527729921,0.011204647935608637,0.02372739878410792,0.022247876588139138,0.025863792674826372,0.012393743087566618,0.011203817285314407,0.015132885703650675,0.006076985056784227,180,0.5700398084498141,0.7370203713094885,0.8173105181062703,0.7001239569791133,0.8121434630474186,0.6028004900685762,0.6055653803429021,0.44169417646725484,0.6398956865181308,0.4705585759106289,0.6397152427199597,0.1223106721359124,218,0.08931128970902873,0.09626101890910546,0.07059783099469541,0.08454795067936641,0.08497496319407424,0.12854423932603137,0.11881910703475276,0.12335173949435996,0.08484835113032019,0.08943067998756217,0.09706871704592968,0.018511695021937984,480
355,0.0023012161254882812,0.0004585686202648634,0.002100062370300293,0.00030006642990697307,SVR(),,3,scale,rbf,50,True,0.01,,,,,,,,,,,"{'estimator': SVR(), 'estimator__C': 50, 'estimator__degree': 3, 'estimator__gamma': 'scale', 'estimator__kernel': 'rbf', 'estimator__shrinking': True, 'estimator__tol': 0.01}",0.012925422422512777,0.012562648593126526,0.006767995379413259,0.01152555331769258,0.011004612565563406,0.02479063818556897,0.020860930931838783,0.02275404713543101,0.011171281952797148,0.010161836616781893,0.014452496710072635,0.005757143539189217,130,0.5982563223714886,0.7311348091362142,0.8162069828058154,0.7080716313599282,0.815497245522395,0.5850017345858232,0.6301546655387551,0.5088223454167093,0.6754146999900212,0.5197978409729533,0.6588358277700104,0.10440987110098968,151,0.08977727340544057,0.09541602876608957,0.06925989283911123,0.08160465147870069,0.08458538480538033,0.1315944258671556,0.10954532517009405,0.10944588483880473,0.07968283392315609,0.08254648288384653,0.09334581839777793,0.017605814995086205,327
356,0.002600407600402832,0.0004900577228747031,0.0020174503326416014,4.9139312708045213e-05,SVR(),,3,scale,rbf,50,True,0.001,,,,,,,,,,,"{'estimator': SVR(), 'estimator__C': 50, 'estimator__degree': 3, 'estimator__gamma': 'scale', 'estimator__kernel': 'rbf', 'estimator__shrinking': True, 'estimator__tol': 0.001}",0.012801070152142963,0.012580265045634784,0.006732222007641724,0.011458709541190323,0.01086137685310519,0.02486476941830593,0.020699235157859572,0.022535908668701775,0.011137527156088704,0.01011734287518703,0.0143788426875858,0.005746312311791721,118,0.6021213982496132,0.7307577826810949,0.8171784515442692,0.709764703622072,0.8178987279308536,0.583760768832196,0.6330213845650396,0.5135311666573765,0.6763954567968657,0.5219004127405175,0.6606330253619899,0.10382672150437774,136,0.08826067088422267,0.09507037721549574,0.0692575658652341,0.08225683829174205,0.08451938513465602,0.13161689979973243,0.10844277504505624,0.10772461211215166,0.08013856447020558,0.0819964206855158,0.09292841095040123,0.017351627352196558,306
357,0.0021004676818847656,0.0003000120937622742,0.0021008014678955077,0.000300217848718522,SVR(),,3,scale,rbf,50,False,0.1,,,,,,,,,,,"{'estimator': SVR(), 'estimator__C': 50, 'estimator__degree': 3, 'estimator__gamma': 'scale', 'estimator__kernel': 'rbf', 'estimator__shrinking': False, 'estimator__tol': 0.1}",0.013833240969605386,0.012287647395990144,0.00672735878761822,0.011839333527729921,0.011204647935608637,0.02372739878410792,0.022247876588139138,0.025863792674826372,0.012393743087566618,0.011203817285314407,0.015132885703650675,0.006076985056784227,180,0.5700398084498141,0.7370203713094885,0.8173105181062703,0.7001239569791133,0.8121434630474186,0.6028004900685762,0.6055653803429021,0.44169417646725484,0.6398956865181308,0.4705585759106289,0.6397152427199597,0.1223106721359124,218,0.08931128970902873,0.09626101890910546,0.07059783099469541,0.08454795067936641,0.08497496319407424,0.12854423932603137,0.11881910703475276,0.12335173949435996,0.08484835113032019,0.08943067998756217,0.09706871704592968,0.018511695021937984,480
358,0.002600216865539551,0.0004905845596984087,0.0022011995315551758,0.00039983133011511527,SVR(),,3,scale,rbf,50,False,0.01,,,,,,,,,,,"{'estimator': SVR(), 'estimator__C': 50, 'estimator__degree': 3, 'estimator__gamma': 'scale', 'estimator__kernel': 'rbf', 'estimator__shrinking': False, 'estimator__tol': 0.01}",0.012925422422512777,0.012562648593126526,0.006767995379413259,0.01152555331769258,0.011004612565563406,0.02479063818556897,0.020860930931838783,0.02275404713543101,0.011171281952797148,0.010161836616781893,0.014452496710072635,0.005757143539189217,130,0.5982563223714886,0.7311348091362142,0.8162069828058154,0.7080716313599282,0.815497245522395,0.5850017345858232,0.6301546655387551,0.5088223454167093,0.6754146999900212,0.5197978409729533,0.6588358277700104,0.10440987110098968,151,0.08977727340544057,0.09541602876608957,0.06925989283911123,0.08160465147870069,0.08458538480538033,0.1315944258671556,0.10954532517009405,0.10944588483880473,0.07968283392315609,0.08254648288384653,0.09334581839777793,0.017605814995086205,327
359,0.002800130844116211,0.00039966345003336737,0.002101445198059082,0.00030016269347725406,SVR(),,3,scale,rbf,50,False,0.001,,,,,,,,,,,"{'estimator': SVR(), 'estimator__C': 50, 'estimator__degree': 3, 'estimator__gamma': 'scale', 'estimator__kernel': 'rbf', 'estimator__shrinking': False, 'estimator__tol': 0.001}",0.012801070152142963,0.012580265045634784,0.006732222007641724,0.011458709541190323,0.01086137685310519,0.02486476941830593,0.020699235157859572,0.022535908668701775,0.011137527156088704,0.01011734287518703,0.0143788426875858,0.005746312311791721,118,0.6021213982496132,0.7307577826810949,0.8171784515442692,0.709764703622072,0.8178987279308536,0.583760768832196,0.6330213845650396,0.5135311666573765,0.6763954567968657,0.5219004127405175,0.6606330253619899,0.10382672150437774,136,0.08826067088422265,0.09507037721549574,0.06925756586523413,0.08225683829174205,0.08451938513465602,0.13161689979973243,0.10844277504505624,0.10772461211215166,0.08013856447020558,0.0819964206855158,0.09292841095040125,0.017351627352196555,312
360,0.0007998466491699219,0.0003999239215548458,0.0,0.0,SVR(),,3,auto,polynomial,50,True,0.1,,,,,,,,,,,"{'estimator': SVR(), 'estimator__C': 50, 'estimator__degree': 3, 'estimator__gamma': 'auto', 'estimator__kernel': 'polynomial', 'estimator__shrinking': True, 'estimator__tol': 0.1}",,,,,,,,,,,,,1009,,,,,,,,,,,,,1009,,,,,,,,,,,,,1009
361,0.0007003545761108398,0.00045848990304240964,0.0,0.0,SVR(),,3,auto,polynomial,50,True,0.01,,,,,,,,,,,"{'estimator': SVR(), 'estimator__C': 50, 'estimator__degree': 3, 'estimator__gamma': 'auto', 'estimator__kernel': 'polynomial', 'estimator__shrinking': True, 'estimator__tol': 0.01}",,,,,,,,,,,,,1009,,,,,,,,,,,,,1009,,,,,,,,,,,,,1009
362,0.0005000114440917968,0.0005000115304918085,0.0,0.0,SVR(),,3,auto,polynomial,50,True,0.001,,,,,,,,,,,"{'estimator': SVR(), 'estimator__C': 50, 'estimator__degree': 3, 'estimator__gamma': 'auto', 'estimator__kernel': 'polynomial', 'estimator__shrinking': True, 'estimator__tol': 0.001}",,,,,,,,,,,,,1009,,,,,,,,,,,,,1009,,,,,,,,,,,,,1009
363,0.0007005453109741211,0.0004586155987006451,0.0,0.0,SVR(),,3,auto,polynomial,50,False,0.1,,,,,,,,,,,"{'estimator': SVR(), 'estimator__C': 50, 'estimator__degree': 3, 'estimator__gamma': 'auto', 'estimator__kernel': 'polynomial', 'estimator__shrinking': False, 'estimator__tol': 0.1}",,,,,,,,,,,,,1009,,,,,,,,,,,,,1009,,,,,,,,,,,,,1009
364,0.0005999565124511719,0.0004898626151810036,0.0,0.0,SVR(),,3,auto,polynomial,50,False,0.01,,,,,,,,,,,"{'estimator': SVR(), 'estimator__C': 50, 'estimator__degree': 3, 'estimator__gamma': 'auto', 'estimator__kernel': 'polynomial', 'estimator__shrinking': False, 'estimator__tol': 0.01}",,,,,,,,,,,,,1009,,,,,,,,,,,,,1009,,,,,,,,,,,,,1009
365,0.0004997968673706055,0.000499797067540722,0.0,0.0,SVR(),,3,auto,polynomial,50,False,0.001,,,,,,,,,,,"{'estimator': SVR(), 'estimator__C': 50, 'estimator__degree': 3, 'estimator__gamma': 'auto', 'estimator__kernel': 'polynomial', 'estimator__shrinking': False, 'estimator__tol': 0.001}",,,,,,,,,,,,,1009,,,,,,,,,,,,,1009,,,,,,,,,,,,,1009
366,0.002000093460083008,9.655216565759937e-07,0.002300405502319336,0.000458526611328125,SVR(),,3,auto,sigmoid,50,True,0.1,,,,,,,,,,,"{'estimator': SVR(), 'estimator__C': 50, 'estimator__degree': 3, 'estimator__gamma': 'auto', 'estimator__kernel': 'sigmoid', 'estimator__shrinking': True, 'estimator__tol': 0.1}",0.0177310262514547,0.012038786236132575,0.011199936753224823,0.013505184614689041,0.013436907311157511,0.0266036844243562,0.0236578650632203,0.02880077364113001,0.006137702477202581,0.012459396596813858,0.01655712633693816,0.007043859278269997,319,0.4488901436613726,0.7423464856831961,0.6958523088652454,0.6579299575407744,0.774717519967328,0.5546511224482789,0.5805675669252375,0.3782953703560332,0.8216670201009504,0.4112256109212086,0.6066143106469625,0.14902620481753548,328,0.08955491091137277,0.09101191560968042,0.09135107584675589,0.08660890394929706,0.0924877546070871,0.1254802734408825,0.10940289775005888,0.11996150209320527,0.05592777299276696,0.08076553424017797,0.09425525414412847,0.019023327584475037,391
367,0.0029987096786499023,0.00044671949390563144,0.0023023128509521485,0.00045979789411503035,SVR(),,3,auto,sigmoid,50,True,0.01,,,,,,,,,,,"{'estimator': SVR(), 'estimator__C': 50, 'estimator__degree': 3, 'estimator__gamma': 'auto', 'estimator__kernel': 'sigmoid', 'estimator__shrinking': True, 'estimator__tol': 0.01}",0.014467224743731452,0.01253137474348804,0.010364482826690839,0.014456619612030002,0.013991734232299068,0.024648998215900237,0.019447666189233666,0.02923935382723532,0.006015678681363271,0.016491903022530136,0.016165503609450203,0.006435695438461976,283,0.5503345357980987,0.7318041305368539,0.7185400604484508,0.6338312562476704,0.7654153210394636,0.587372804716646,0.655210564200177,0.3688280089729906,0.8252124619354877,0.22066770638636568,0.6057216850282205,0.1770118421222131,334,0.0804375780881876,0.09866880949749757,0.08298030136629375,0.08923637411926476,0.10042396666375966,0.10992520322735803,0.0937225563413787,0.12407521271638514,0.05735926082568919,0.08367671963152365,0.09205059824773382,0.017205958308345346,274
368,0.003498697280883789,0.0005016498259058075,0.002502632141113281,0.0005015594574917856,SVR(),,3,auto,sigmoid,50,True,0.001,,,,,,,,,,,"{'estimator': SVR(), 'estimator__C': 50, 'estimator__degree': 3, 'estimator__gamma': 'auto', 'estimator__kernel': 'sigmoid', 'estimator__shrinking': True, 'estimator__tol': 0.001}",0.014763053865922426,0.01725039625681532,0.011336136207088055,0.013543530856377908,0.01399620040438248,0.023544271232241183,0.020573070114060874,0.029634113616452417,0.005865923114917034,0.02094174896365829,0.017144844463191602,0.006423599979552934,349,0.5411396734861627,0.6308078628735806,0.6921536496371574,0.6569586934746472,0.765340441433621,0.6058660673161389,0.6352581760569204,0.3603065716112158,0.8295636595570771,0.010388235376312949,0.5727783030822834,0.222519549749654,427,0.08033612527573036,0.11100238120682279,0.08685285506351452,0.08695144775354463,0.1009029759228115,0.11152967679862351,0.09636290031161572,0.12320413563417437,0.056721460229312196,0.08724196591871657,0.09411059241148662,0.017958813811712496,382
369,0.002500152587890625,0.0004999640241484885,0.0025010108947753906,0.0005003457663338792,SVR(),,3,auto,sigmoid,50,False,0.1,,,,,,,,,,,"{'estimator': SVR(), 'estimator__C': 50, 'estimator__degree': 3, 'estimator__gamma': 'auto', 'estimator__kernel': 'sigmoid', 'estimator__shrinking': False, 'estimator__tol': 0.1}",0.0177310262514547,0.012038786236132575,0.011199936753224823,0.013505184614689041,0.013436907311157511,0.0266036844243562,0.0236578650632203,0.02880077364113001,0.006137702477202581,0.012459396596813858,0.01655712633693816,0.007043859278269997,319,0.4488901436613726,0.7423464856831961,0.6958523088652454,0.6579299575407744,0.774717519967328,0.5546511224482789,0.5805675669252375,0.3782953703560332,0.8216670201009504,0.4112256109212086,0.6066143106469625,0.14902620481753548,328,0.08955491091137277,0.09101191560968042,0.09135107584675589,0.08660890394929706,0.0924877546070871,0.1254802734408825,0.10940289775005888,0.11996150209320527,0.05592777299276696,0.08076553424017797,0.09425525414412847,0.019023327584475037,391
370,0.003600311279296875,0.0004898431387221105,0.0023012876510620115,0.00045836513526007405,SVR(),,3,auto,sigmoid,50,False,0.01,,,,,,,,,,,"{'estimator': SVR(), 'estimator__C': 50, 'estimator__degree': 3, 'estimator__gamma': 'auto', 'estimator__kernel': 'sigmoid', 'estimator__shrinking': False, 'estimator__tol': 0.01}",0.01479768067133845,0.012432743104552234,0.010340124513018979,0.014456619612030002,0.01403255062279088,0.02462327229223735,0.01976702397526553,0.02923935382723532,0.006043116303799229,0.016621940433971513,0.01623544253562395,0.006444080690947807,291,0.5400634146454356,0.7339150400501704,0.7192015396180629,0.6338312562476704,0.7647309955869586,0.5878034597734607,0.6495486410782568,0.3688280089729906,0.8244152527210424,0.2145227300318635,0.6036860338725912,0.1785717978264529,345,0.07946011557118987,0.09792593570471833,0.08293810283525424,0.08923637411926476,0.10116570369692188,0.10961833505023896,0.09501282816243224,0.12407521271638514,0.0578828548929634,0.08325740321970848,0.09205728659690773,0.01718956966713511,277
371,0.004903173446655274,0.0009421768154034226,0.00229947566986084,0.0006366753061200688,SVR(),,3,auto,sigmoid,50,False,0.001,,,,,,,,,,,"{'estimator': SVR(), 'estimator__C': 50, 'estimator__degree': 3, 'estimator__gamma': 'auto', 'estimator__kernel': 'sigmoid', 'estimator__shrinking': False, 'estimator__tol': 0.001}",0.014791076776410263,0.012222927047025291,0.011358248614705356,0.01356520139803629,0.014144746757048413,0.023476109642578253,0.020579957382443875,0.029650985439648236,0.005900728800850356,0.020958624771794335,0.016664860663054067,0.006572855620338241,338,0.5402686747095478,0.7384055130531433,0.691553160735263,0.6564098047836229,0.7628499211112398,0.6070071005265891,0.6351360710517815,0.35994236991573103,0.8285523688154723,0.009590761473920906,0.5829715746176312,0.22751680193190976,405,0.07998473677685483,0.09850592050475751,0.08697093909894425,0.0869696195473248,0.10148692623861436,0.11115637859815909,0.096422293475106,0.12353832820883731,0.056999789873319925,0.08731113471868276,0.09293460670406009,0.017166089941647922,318
372,0.00250091552734375,0.0005032370840825202,0.002300715446472168,0.00045942035853231255,SVR(),,3,auto,rbf,50,True,0.1,,,,,,,,,,,"{'estimator': SVR(), 'estimator__C': 50, 'estimator__degree': 3, 'estimator__gamma': 'auto', 'estimator__kernel': 'rbf', 'estimator__shrinking': True, 'estimator__tol': 0.1}",0.016495826165941703,0.01148138731732902,0.005778703158698985,0.013390266885428312,0.014763600256528004,0.02190482012202159,0.01710653330167232,0.0382536662149264,0.010725080876098598,0.03613426315455131,0.018603414745319628,0.01015002769622434,465,0.48728222159429424,0.754275910086055,0.8430723974431957,0.6608406850612838,0.7524742559443087,0.6333106761188495,0.6967167212670623,0.17424157826401965,0.6883792201728378,0.7075408546729862,0.498305281127892,0.4391275789349478,532,0.08874966323544133,0.09423065007398393,0.06056771467589307,0.0769479639172512,0.0949187377724508,0.11883529835646109,0.09450113717079975,0.1442593833832688,0.07871060288788669,0.10174277861924023,0.0953463930092677,0.022035404002834852,447
373,0.002998638153076172,0.00044732168277068123,0.002302122116088867,0.00045907822498586,SVR(),,3,auto,rbf,50,True,0.01,,,,,,,,,,,"{'estimator': SVR(), 'estimator__C': 50, 'estimator__degree': 3, 'estimator__gamma': 'auto', 'estimator__kernel': 'rbf', 'estimator__shrinking': True, 'estimator__tol': 0.01}",0.017829167982389343,0.011691012991898262,0.006449903887553354,0.013357439162592043,0.013646153907184093,0.02234210369690483,0.0164331966297432,0.03163544498774862,0.012211456857058179,0.03499770385247959,0.018059358395555152,0.008621917413748905,445,0.4458397350460349,0.749789511649833,0.8248451380874462,0.6616721716988103,0.7712093025628572,0.6259904964723129,0.7086543681270385,0.31710505923205956,0.6451920733667731,0.6538322337514708,0.5096465622491695,0.4141116618915919,518,0.09529127619886536,0.092536811895652,0.0672076568285926,0.08343877317585144,0.09104497773183448,0.11627178896199783,0.09091108449147102,0.12921659985580344,0.08363055532475958,0.09951187967551971,0.09490614041403475,0.01648450126276975,422
374,0.0030005455017089845,2.9544670247382486e-06,0.0023012399673461915,0.00045756977228979994,SVR(),,3,auto,rbf,50,True,0.001,,,,,,,,,,,"{'estimator': SVR(), 'estimator__C': 50, 'estimator__degree': 3, 'estimator__gamma': 'auto', 'estimator__kernel': 'rbf', 'estimator__shrinking': True, 'estimator__tol': 0.001}",0.017881783066851287,0.011308904621873637,0.006402380770999436,0.013524745061080595,0.013547482448940221,0.02260200608963358,0.016282112776665008,0.0312717880339596,0.012373980761405732,0.03494698909959792,0.0180142172731007,0.008592221997714115,435,0.444204370503236,0.7579673762996116,0.8261356852122985,0.6574345150186187,0.7728636230331013,0.621639699153097,0.7113329474462441,0.3249550987688441,0.6404698874552238,0.6514356852980068,0.5105567517592268,0.41349546709539053,515,0.0961816635342419,0.09105852371564314,0.0671093524196729,0.08389995097011133,0.0904364115598649,0.11647534860486655,0.09106558047079982,0.12801279742675248,0.08376974478498951,0.10009806061112206,0.09481074340980647,0.01630068384046171,416
375,0.0024785995483398438,0.0005239130204338262,0.002101612091064453,0.0005389417338328497,SVR(),,3,auto,rbf,50,False,0.1,,,,,,,,,,,"{'estimator': SVR(), 'estimator__C': 50, 'estimator__degree': 3, 'estimator__gamma': 'auto', 'estimator__kernel': 'rbf', 'estimator__shrinking': False, 'estimator__tol': 0.1}",0.016495826165941703,0.01148138731732902,0.005778703158698985,0.013390266885428312,0.014763600256528004,0.02190482012202159,0.01710653330167232,0.0382536662149264,0.010725080876098598,0.03613426315455131,0.018603414745319628,0.01015002769622434,465,0.48728222159429424,0.754275910086055,0.8430723974431957,0.6608406850612838,0.7524742559443087,0.6333106761188495,0.6967167212670623,0.17424157826401965,0.6883792201728378,0.7075408546729862,0.498305281127892,0.4391275789349478,532,0.08874966323544133,0.09423065007398393,0.06056771467589307,0.0769479639172512,0.0949187377724508,0.11883529835646109,0.09450113717079975,0.1442593833832688,0.07871060288788669,0.10174277861924023,0.0953463930092677,0.022035404002834852,447
376,0.003299045562744141,0.0006360728677381098,0.0023020267486572265,0.00045478645126225537,SVR(),,3,auto,rbf,50,False,0.01,,,,,,,,,,,"{'estimator': SVR(), 'estimator__C': 50, 'estimator__degree': 3, 'estimator__gamma': 'auto', 'estimator__kernel': 'rbf', 'estimator__shrinking': False, 'estimator__tol': 0.01}",0.017829167982389343,0.011436258645718216,0.006519812927887277,0.013422128730287334,0.013550163110805542,0.022428456396450205,0.016460354394764915,0.03187162041399874,0.012211456857058179,0.03598593430144208,0.018171535376080183,0.008870033490204066,456,0.4458397350460349,0.7552417517090314,0.8229466744018465,0.6600336629483169,0.7728186791975025,0.6245449418941325,0.7081728856505136,0.31200688521293707,0.6451920733667731,0.7005315080169467,0.5046265781410142,0.4276386836283839,524,0.09529127619886536,0.09131781927152335,0.06778760887445369,0.08348479656492844,0.09118878604375855,0.11634729873117103,0.09112266208352866,0.12980466188179812,0.08363055532475958,0.10045177216094969,0.09504272371357365,0.01656006047508925,427
377,0.004299545288085937,0.0007816646922829833,0.002701997756958008,0.0010049055984576519,SVR(),,3,auto,rbf,50,False,0.001,,,,,,,,,,,"{'estimator': SVR(), 'estimator__C': 50, 'estimator__degree': 3, 'estimator__gamma': 'auto', 'estimator__kernel': 'rbf', 'estimator__shrinking': False, 'estimator__tol': 0.001}",0.017881783066851287,0.011310043964630579,0.006388338129739957,0.013543946734828128,0.013532859474098666,0.022646078274514245,0.016291154391227428,0.031270925062745654,0.012388519011007503,0.03491814946156143,0.018017179757120493,0.00858920910730122,439,0.444204370503236,0.7579429921416426,0.8265170299475957,0.6569481597749471,0.7731087910588587,0.6209019254765349,0.7111726478425096,0.3249737271989567,0.6400474737941463,0.6500728552336255,0.5105744262504801,0.41309687583296356,512,0.0961816635342419,0.09108721141428391,0.0670193067563483,0.08394901173303185,0.09036770594586574,0.11657256976620568,0.09104459838632908,0.128030799059886,0.08380808518383451,0.10008557057787819,0.09481465223579051,0.016328015892007077,419
378,0.0010009527206420899,1.5780716651318466e-06,0.0,0.0,SVR(),,4,scale,polynomial,50,True,0.1,,,,,,,,,,,"{'estimator': SVR(), 'estimator__C': 50, 'estimator__degree': 4, 'estimator__gamma': 'scale', 'estimator__kernel': 'polynomial', 'estimator__shrinking': True, 'estimator__tol': 0.1}",,,,,,,,,,,,,1009,,,,,,,,,,,,,1009,,,,,,,,,,,,,1009
379,0.0011005640029907227,0.0005391571247998575,0.0,0.0,SVR(),,4,scale,polynomial,50,True,0.01,,,,,,,,,,,"{'estimator': SVR(), 'estimator__C': 50, 'estimator__degree': 4, 'estimator__gamma': 'scale', 'estimator__kernel': 'polynomial', 'estimator__shrinking': True, 'estimator__tol': 0.01}",,,,,,,,,,,,,1009,,,,,,,,,,,,,1009,,,,,,,,,,,,,1009
380,0.0008004426956176758,0.0004002221138821589,0.0,0.0,SVR(),,4,scale,polynomial,50,True,0.001,,,,,,,,,,,"{'estimator': SVR(), 'estimator__C': 50, 'estimator__degree': 4, 'estimator__gamma': 'scale', 'estimator__kernel': 'polynomial', 'estimator__shrinking': True, 'estimator__tol': 0.001}",,,,,,,,,,,,,1009,,,,,,,,,,,,,1009,,,,,,,,,,,,,1009
381,0.0008001565933227539,0.00040007918377698903,0.0,0.0,SVR(),,4,scale,polynomial,50,False,0.1,,,,,,,,,,,"{'estimator': SVR(), 'estimator__C': 50, 'estimator__degree': 4, 'estimator__gamma': 'scale', 'estimator__kernel': 'polynomial', 'estimator__shrinking': False, 'estimator__tol': 0.1}",,,,,,,,,,,,,1009,,,,,,,,,,,,,1009,,,,,,,,,,,,,1009
382,0.0006997585296630859,0.0004581003019249168,0.0,0.0,SVR(),,4,scale,polynomial,50,False,0.01,,,,,,,,,,,"{'estimator': SVR(), 'estimator__C': 50, 'estimator__degree': 4, 'estimator__gamma': 'scale', 'estimator__kernel': 'polynomial', 'estimator__shrinking': False, 'estimator__tol': 0.01}",,,,,,,,,,,,,1009,,,,,,,,,,,,,1009,,,,,,,,,,,,,1009
383,0.0009003639221191406,0.00030012259530032623,0.0,0.0,SVR(),,4,scale,polynomial,50,False,0.001,,,,,,,,,,,"{'estimator': SVR(), 'estimator__C': 50, 'estimator__degree': 4, 'estimator__gamma': 'scale', 'estimator__kernel': 'polynomial', 'estimator__shrinking': False, 'estimator__tol': 0.001}",,,,,,,,,,,,,1009,,,,,,,,,,,,,1009,,,,,,,,,,,,,1009
384,0.0032997608184814455,0.0004577056008499648,0.00220186710357666,0.0004011058835999829,SVR(),,4,scale,sigmoid,50,True,0.1,,,,,,,,,,,"{'estimator': SVR(), 'estimator__C': 50, 'estimator__degree': 4, 'estimator__gamma': 'scale', 'estimator__kernel': 'sigmoid', 'estimator__shrinking': True, 'estimator__tol': 0.1}",17054.57222721994,12385.895225900465,10923.170849675496,12624.657591465748,11664.633681063906,15392.31967567628,6292.711277978935,9089.92150129956,9869.096067039914,7509.7884498886415,11280.676654720888,3153.3770629550127,991,530083.5375088659,265081.32394183334,296630.78167882713,319766.35465347115,195567.63372575722,257668.28298863219,111563.04835798117,196217.55825385542,286748.8574722994,354877.430294517,281420.480887604,106429.47042895033,991,106.4450092937441,99.62044340509485,91.64757606984276,102.01617433964856,92.97189092920651,106.14070595795411,56.6646970630966,79.44287816942901,88.51551181143031,68.87817386910562,89.23430609085524,15.635268961761758,1003
385,0.00350034236907959,0.0006709322763818266,0.003000760078430176,1.4753082756428702e-06,SVR(),,4,scale,sigmoid,50,True,0.01,,,,,,,,,,,"{'estimator': SVR(), 'estimator__C': 50, 'estimator__degree': 4, 'estimator__gamma': 'scale', 'estimator__kernel': 'sigmoid', 'estimator__shrinking': True, 'estimator__tol': 0.01}",17053.693802224952,12391.110141490339,10925.10499290406,12622.53768146906,11670.214229867623,15391.89361914167,6292.385713504063,9087.820002113069,9869.23029934725,7509.7884498886415,11281.377893195075,3153.4916640114798,1003,530056.2345955474,265192.93331027316,296683.3056537614,319712.6598893294,195661.19691297968,257661.15075099037,111557.27639591048,196172.19448030845,286752.7576364821,354877.430294517,281432.7139920099,106417.39065669214,1003,106.44679142898164,99.63647720888949,91.66350303280161,101.96763297011708,92.99722814145409,106.14126560330668,56.660613317763236,79.42649612318615,88.51525314161832,68.87817386910562,89.2333434837224,15.635363868935896,997
386,0.003702378273010254,0.000643462049757347,0.0027976274490356446,0.0003989210439122342,SVR(),,4,scale,sigmoid,50,True,0.001,,,,,,,,,,,"{'estimator': SVR(), 'estimator__C': 50, 'estimator__degree': 4, 'estimator__gamma': 'scale', 'estimator__kernel': 'sigmoid', 'estimator__shrinking': True, 'estimator__tol': 0.001}",17053.483143918478,12391.370532774896,10925.052471938001,12622.35509067374,11670.08572449361,15391.838005680711,6292.098200898825,9087.79775229061,9869.23029934725,7509.7884498886415,11281.309967190477,3153.4932985793957,997,530049.6869841813,265198.5061918118,296681.8793840498,319708.0350846422,195659.04239864953,257660.2197749639,111552.179058884,196171.71418704255,286752.7576364821,354877.430294517,281431.14509952243,106416.63575866388,997,106.44687627157388,99.63698622017407,91.66310097452252,101.96244010192699,92.99682880784849,106.1413386679171,56.65868727162442,79.42599931483029,88.51525314161832,68.87817386910562,89.23256846411417,15.635408671012325,991
387,0.003298020362854004,0.0004567932538217183,0.0026010990142822264,0.0004886310551871761,SVR(),,4,scale,sigmoid,50,False,0.1,,,,,,,,,,,"{'estimator': SVR(), 'estimator__C': 50, 'estimator__degree': 4, 'estimator__gamma': 'scale', 'estimator__kernel': 'sigmoid', 'estimator__shrinking': False, 'estimator__tol': 0.1}",17054.57222721994,12385.895225900465,10923.170849675496,12624.657591465748,11664.633681063906,15392.31967567628,6292.711277978935,9089.92150129956,9869.096067039914,7509.7884498886415,11280.676654720888,3153.3770629550127,991,530083.5375088659,265081.32394183334,296630.78167882713,319766.35465347115,195567.63372575722,257668.28298863219,111563.04835798117,196217.55825385542,286748.8574722994,354877.430294517,281420.480887604,106429.47042895033,991,106.4450092937441,99.62044340509485,91.64757606984276,102.01617433964856,92.97189092920651,106.14070595795411,56.6646970630966,79.44287816942901,88.51551181143031,68.87817386910562,89.23430609085524,15.635268961761758,1003
388,0.0032001495361328124,0.00039942722449430135,0.0022005558013916014,0.0004013439643835986,SVR(),,4,scale,sigmoid,50,False,0.01,,,,,,,,,,,"{'estimator': SVR(), 'estimator__C': 50, 'estimator__degree': 4, 'estimator__gamma': 'scale', 'estimator__kernel': 'sigmoid', 'estimator__shrinking': False, 'estimator__tol': 0.01}",17053.693802224952,12391.110141490339,10925.10499290406,12622.53768146906,11670.214229867623,15391.89361914167,6292.385713504063,9087.820002113069,9869.23029934725,7509.7884498886415,11281.377893195075,3153.4916640114798,1003,530056.2345955474,265192.93331027316,296683.3056537614,319712.6598893294,195661.19691297968,257661.15075099037,111557.27639591048,196172.19448030845,286752.7576364821,354877.430294517,281432.7139920099,106417.39065669214,1003,106.44679142898164,99.63647720888949,91.66350303280161,101.96763297011708,92.99722814145409,106.14126560330668,56.660613317763236,79.42649612318615,88.51525314161832,68.87817386910562,89.2333434837224,15.635363868935896,997
389,0.003099870681762695,0.00030026687634947973,0.0023009061813354494,0.0004588245111273656,SVR(),,4,scale,sigmoid,50,False,0.001,,,,,,,,,,,"{'estimator': SVR(), 'estimator__C': 50, 'estimator__degree': 4, 'estimator__gamma': 'scale', 'estimator__kernel': 'sigmoid', 'estimator__shrinking': False, 'estimator__tol': 0.001}",17053.483143918478,12391.370532774896,10925.052471938001,12622.35509067374,11670.08572449361,15391.838005680711,6292.098200898825,9087.79775229061,9869.23029934725,7509.7884498886415,11281.309967190477,3153.4932985793957,997,530049.6869841813,265198.5061918118,296681.8793840498,319708.0350846422,195659.04239864953,257660.2197749639,111552.179058884,196171.71418704255,286752.7576364821,354877.430294517,281431.14509952243,106416.63575866388,997,106.44687627157388,99.63698622017407,91.66310097452252,101.96244010192699,92.99682880784849,106.1413386679171,56.65868727162442,79.42599931483029,88.51525314161832,68.87817386910562,89.23256846411417,15.635408671012325,991
390,0.002501106262207031,0.0004992862152496703,0.0023993492126464845,0.0004892902524235892,SVR(),,4,scale,rbf,50,True,0.1,,,,,,,,,,,"{'estimator': SVR(), 'estimator__C': 50, 'estimator__degree': 4, 'estimator__gamma': 'scale', 'estimator__kernel': 'rbf', 'estimator__shrinking': True, 'estimator__tol': 0.1}",0.013833240969605386,0.012287647395990144,0.00672735878761822,0.011839333527729921,0.011204647935608637,0.02372739878410792,0.022247876588139138,0.025863792674826372,0.012393743087566618,0.011203817285314407,0.015132885703650675,0.006076985056784227,180,0.5700398084498141,0.7370203713094885,0.8173105181062703,0.7001239569791133,0.8121434630474186,0.6028004900685762,0.6055653803429021,0.44169417646725484,0.6398956865181308,0.4705585759106289,0.6397152427199597,0.1223106721359124,218,0.08931128970902873,0.09626101890910546,0.07059783099469541,0.08454795067936641,0.08497496319407424,0.12854423932603137,0.11881910703475276,0.12335173949435996,0.08484835113032019,0.08943067998756217,0.09706871704592968,0.018511695021937984,480
391,0.0024008989334106446,0.0004870809699307337,0.0025000572204589844,0.0006696219815407129,SVR(),,4,scale,rbf,50,True,0.01,,,,,,,,,,,"{'estimator': SVR(), 'estimator__C': 50, 'estimator__degree': 4, 'estimator__gamma': 'scale', 'estimator__kernel': 'rbf', 'estimator__shrinking': True, 'estimator__tol': 0.01}",0.012925422422512777,0.012562648593126526,0.006767995379413259,0.01152555331769258,0.011004612565563406,0.02479063818556897,0.020860930931838783,0.02275404713543101,0.011171281952797148,0.010161836616781893,0.014452496710072635,0.005757143539189217,130,0.5982563223714886,0.7311348091362142,0.8162069828058154,0.7080716313599282,0.815497245522395,0.5850017345858232,0.6301546655387551,0.5088223454167093,0.6754146999900212,0.5197978409729533,0.6588358277700104,0.10440987110098968,151,0.08977727340544057,0.09541602876608957,0.06925989283911123,0.08160465147870069,0.08458538480538033,0.1315944258671556,0.10954532517009405,0.10944588483880473,0.07968283392315609,0.08254648288384653,0.09334581839777793,0.017605814995086205,327
392,0.0025032997131347657,0.000499896200469707,0.002099275588989258,0.00030037264774165,SVR(),,4,scale,rbf,50,True,0.001,,,,,,,,,,,"{'estimator': SVR(), 'estimator__C': 50, 'estimator__degree': 4, 'estimator__gamma': 'scale', 'estimator__kernel': 'rbf', 'estimator__shrinking': True, 'estimator__tol': 0.001}",0.012801070152142963,0.012580265045634784,0.006732222007641724,0.011458709541190323,0.01086137685310519,0.02486476941830593,0.020699235157859572,0.022535908668701775,0.011137527156088704,0.01011734287518703,0.0143788426875858,0.005746312311791721,118,0.6021213982496132,0.7307577826810949,0.8171784515442692,0.709764703622072,0.8178987279308536,0.583760768832196,0.6330213845650396,0.5135311666573765,0.6763954567968657,0.5219004127405175,0.6606330253619899,0.10382672150437774,136,0.08826067088422267,0.09507037721549574,0.0692575658652341,0.08225683829174205,0.08451938513465602,0.13161689979973243,0.10844277504505624,0.10772461211215166,0.08013856447020558,0.0819964206855158,0.09292841095040123,0.017351627352196558,306
393,0.002200794219970703,0.0004026848271654363,0.002300548553466797,0.0004589844954774577,SVR(),,4,scale,rbf,50,False,0.1,,,,,,,,,,,"{'estimator': SVR(), 'estimator__C': 50, 'estimator__degree': 4, 'estimator__gamma': 'scale', 'estimator__kernel': 'rbf', 'estimator__shrinking': False, 'estimator__tol': 0.1}",0.013833240969605386,0.012287647395990144,0.00672735878761822,0.011839333527729921,0.011204647935608637,0.02372739878410792,0.022247876588139138,0.025863792674826372,0.012393743087566618,0.011203817285314407,0.015132885703650675,0.006076985056784227,180,0.5700398084498141,0.7370203713094885,0.8173105181062703,0.7001239569791133,0.8121434630474186,0.6028004900685762,0.6055653803429021,0.44169417646725484,0.6398956865181308,0.4705585759106289,0.6397152427199597,0.1223106721359124,218,0.08931128970902873,0.09626101890910546,0.07059783099469541,0.08454795067936641,0.08497496319407424,0.12854423932603137,0.11881910703475276,0.12335173949435996,0.08484835113032019,0.08943067998756217,0.09706871704592968,0.018511695021937984,480
394,0.002503037452697754,0.0006701921513347887,0.0025959014892578125,0.0006609096756252042,SVR(),,4,scale,rbf,50,False,0.01,,,,,,,,,,,"{'estimator': SVR(), 'estimator__C': 50, 'estimator__degree': 4, 'estimator__gamma': 'scale', 'estimator__kernel': 'rbf', 'estimator__shrinking': False, 'estimator__tol': 0.01}",0.012925422422512777,0.012562648593126526,0.006767995379413259,0.01152555331769258,0.011004612565563406,0.02479063818556897,0.020860930931838783,0.02275404713543101,0.011171281952797148,0.010161836616781893,0.014452496710072635,0.005757143539189217,130,0.5982563223714886,0.7311348091362142,0.8162069828058154,0.7080716313599282,0.815497245522395,0.5850017345858232,0.6301546655387551,0.5088223454167093,0.6754146999900212,0.5197978409729533,0.6588358277700104,0.10440987110098968,151,0.08977727340544057,0.09541602876608957,0.06925989283911123,0.08160465147870069,0.08458538480538033,0.1315944258671556,0.10954532517009405,0.10944588483880473,0.07968283392315609,0.08254648288384653,0.09334581839777793,0.017605814995086205,327
395,0.0026003360748291016,0.0004897561721759245,0.002400803565979004,0.0004900872956375067,SVR(),,4,scale,rbf,50,False,0.001,,,,,,,,,,,"{'estimator': SVR(), 'estimator__C': 50, 'estimator__degree': 4, 'estimator__gamma': 'scale', 'estimator__kernel': 'rbf', 'estimator__shrinking': False, 'estimator__tol': 0.001}",0.012801070152142963,0.012580265045634784,0.006732222007641724,0.011458709541190323,0.01086137685310519,0.02486476941830593,0.020699235157859572,0.022535908668701775,0.011137527156088704,0.01011734287518703,0.0143788426875858,0.005746312311791721,118,0.6021213982496132,0.7307577826810949,0.8171784515442692,0.709764703622072,0.8178987279308536,0.583760768832196,0.6330213845650396,0.5135311666573765,0.6763954567968657,0.5219004127405175,0.6606330253619899,0.10382672150437774,136,0.08826067088422265,0.09507037721549574,0.06925756586523413,0.08225683829174205,0.08451938513465602,0.13161689979973243,0.10844277504505624,0.10772461211215166,0.08013856447020558,0.0819964206855158,0.09292841095040125,0.017351627352196555,312
396,0.000700831413269043,0.0004588024112329329,0.0,0.0,SVR(),,4,auto,polynomial,50,True,0.1,,,,,,,,,,,"{'estimator': SVR(), 'estimator__C': 50, 'estimator__degree': 4, 'estimator__gamma': 'auto', 'estimator__kernel': 'polynomial', 'estimator__shrinking': True, 'estimator__tol': 0.1}",,,,,,,,,,,,,1009,,,,,,,,,,,,,1009,,,,,,,,,,,,,1009
397,0.0006006002426147461,0.0004903882387571924,0.0,0.0,SVR(),,4,auto,polynomial,50,True,0.01,,,,,,,,,,,"{'estimator': SVR(), 'estimator__C': 50, 'estimator__degree': 4, 'estimator__gamma': 'auto', 'estimator__kernel': 'polynomial', 'estimator__shrinking': True, 'estimator__tol': 0.01}",,,,,,,,,,,,,1009,,,,,,,,,,,,,1009,,,,,,,,,,,,,1009
398,0.0006998062133789062,0.00045813148096619886,0.0,0.0,SVR(),,4,auto,polynomial,50,True,0.001,,,,,,,,,,,"{'estimator': SVR(), 'estimator__C': 50, 'estimator__degree': 4, 'estimator__gamma': 'auto', 'estimator__kernel': 'polynomial', 'estimator__shrinking': True, 'estimator__tol': 0.001}",,,,,,,,,,,,,1009,,,,,,,,,,,,,1009,,,,,,,,,,,,,1009
399,0.0006006002426147461,0.0004903900933958441,0.0,0.0,SVR(),,4,auto,polynomial,50,False,0.1,,,,,,,,,,,"{'estimator': SVR(), 'estimator__C': 50, 'estimator__degree': 4, 'estimator__gamma': 'auto', 'estimator__kernel': 'polynomial', 'estimator__shrinking': False, 'estimator__tol': 0.1}",,,,,,,,,,,,,1009,,,,,,,,,,,,,1009,,,,,,,,,,,,,1009
400,0.0008007764816284179,0.000400390071345383,0.0,0.0,SVR(),,4,auto,polynomial,50,False,0.01,,,,,,,,,,,"{'estimator': SVR(), 'estimator__C': 50, 'estimator__degree': 4, 'estimator__gamma': 'auto', 'estimator__kernel': 'polynomial', 'estimator__shrinking': False, 'estimator__tol': 0.01}",,,,,,,,,,,,,1009,,,,,,,,,,,,,1009,,,,,,,,,,,,,1009
401,0.0006999015808105469,0.0004582003929171457,0.0,0.0,SVR(),,4,auto,polynomial,50,False,0.001,,,,,,,,,,,"{'estimator': SVR(), 'estimator__C': 50, 'estimator__degree': 4, 'estimator__gamma': 'auto', 'estimator__kernel': 'polynomial', 'estimator__shrinking': False, 'estimator__tol': 0.001}",,,,,,,,,,,,,1009,,,,,,,,,,,,,1009,,,,,,,,,,,,,1009
402,0.0026003122329711914,0.0004894953987301184,0.0024997949600219726,0.0004996102079636216,SVR(),,4,auto,sigmoid,50,True,0.1,,,,,,,,,,,"{'estimator': SVR(), 'estimator__C': 50, 'estimator__degree': 4, 'estimator__gamma': 'auto', 'estimator__kernel': 'sigmoid', 'estimator__shrinking': True, 'estimator__tol': 0.1}",0.0177310262514547,0.012038786236132575,0.011199936753224823,0.013505184614689041,0.013436907311157511,0.0266036844243562,0.0236578650632203,0.02880077364113001,0.006137702477202581,0.012459396596813858,0.01655712633693816,0.007043859278269997,319,0.4488901436613726,0.7423464856831961,0.6958523088652454,0.6579299575407744,0.774717519967328,0.5546511224482789,0.5805675669252375,0.3782953703560332,0.8216670201009504,0.4112256109212086,0.6066143106469625,0.14902620481753548,328,0.08955491091137277,0.09101191560968042,0.09135107584675589,0.08660890394929706,0.0924877546070871,0.1254802734408825,0.10940289775005888,0.11996150209320527,0.05592777299276696,0.08076553424017797,0.09425525414412847,0.019023327584475037,391
403,0.003101944923400879,0.0005400816798917653,0.002400708198547363,0.0004922419344657331,SVR(),,4,auto,sigmoid,50,True,0.01,,,,,,,,,,,"{'estimator': SVR(), 'estimator__C': 50, 'estimator__degree': 4, 'estimator__gamma': 'auto', 'estimator__kernel': 'sigmoid', 'estimator__shrinking': True, 'estimator__tol': 0.01}",0.014467224743731452,0.01253137474348804,0.010364482826690839,0.014456619612030002,0.013991734232299068,0.024648998215900237,0.019447666189233666,0.02923935382723532,0.006015678681363271,0.016491903022530136,0.016165503609450203,0.006435695438461976,283,0.5503345357980987,0.7318041305368539,0.7185400604484508,0.6338312562476704,0.7654153210394636,0.587372804716646,0.655210564200177,0.3688280089729906,0.8252124619354877,0.22066770638636568,0.6057216850282205,0.1770118421222131,334,0.0804375780881876,0.09866880949749757,0.08298030136629375,0.08923637411926476,0.10042396666375966,0.10992520322735803,0.0937225563413787,0.12407521271638514,0.05735926082568919,0.08367671963152365,0.09205059824773382,0.017205958308345346,274
404,0.0033006668090820312,0.00045825633717331437,0.0023992776870727537,0.0004882799234456058,SVR(),,4,auto,sigmoid,50,True,0.001,,,,,,,,,,,"{'estimator': SVR(), 'estimator__C': 50, 'estimator__degree': 4, 'estimator__gamma': 'auto', 'estimator__kernel': 'sigmoid', 'estimator__shrinking': True, 'estimator__tol': 0.001}",0.014763053865922426,0.01725039625681532,0.011336136207088055,0.013543530856377908,0.01399620040438248,0.023544271232241183,0.020573070114060874,0.029634113616452417,0.005865923114917034,0.02094174896365829,0.017144844463191602,0.006423599979552934,349,0.5411396734861627,0.6308078628735806,0.6921536496371574,0.6569586934746472,0.765340441433621,0.6058660673161389,0.6352581760569204,0.3603065716112158,0.8295636595570771,0.010388235376312949,0.5727783030822834,0.222519549749654,427,0.08033612527573036,0.11100238120682279,0.08685285506351452,0.08695144775354463,0.1009029759228115,0.11152967679862351,0.09636290031161572,0.12320413563417437,0.056721460229312196,0.08724196591871657,0.09411059241148662,0.017958813811712496,382
405,0.0025013208389282225,0.0004993698744318475,0.0023002862930297852,0.00045891682905534176,SVR(),,4,auto,sigmoid,50,False,0.1,,,,,,,,,,,"{'estimator': SVR(), 'estimator__C': 50, 'estimator__degree': 4, 'estimator__gamma': 'auto', 'estimator__kernel': 'sigmoid', 'estimator__shrinking': False, 'estimator__tol': 0.1}",0.0177310262514547,0.012038786236132575,0.011199936753224823,0.013505184614689041,0.013436907311157511,0.0266036844243562,0.0236578650632203,0.02880077364113001,0.006137702477202581,0.012459396596813858,0.01655712633693816,0.007043859278269997,319,0.4488901436613726,0.7423464856831961,0.6958523088652454,0.6579299575407744,0.774717519967328,0.5546511224482789,0.5805675669252375,0.3782953703560332,0.8216670201009504,0.4112256109212086,0.6066143106469625,0.14902620481753548,328,0.08955491091137277,0.09101191560968042,0.09135107584675589,0.08660890394929706,0.0924877546070871,0.1254802734408825,0.10940289775005888,0.11996150209320527,0.05592777299276696,0.08076553424017797,0.09425525414412847,0.019023327584475037,391
406,0.003803586959838867,0.0006050345439852347,0.0027989625930786135,0.0003979089809807953,SVR(),,4,auto,sigmoid,50,False,0.01,,,,,,,,,,,"{'estimator': SVR(), 'estimator__C': 50, 'estimator__degree': 4, 'estimator__gamma': 'auto', 'estimator__kernel': 'sigmoid', 'estimator__shrinking': False, 'estimator__tol': 0.01}",0.01479768067133845,0.012432743104552234,0.010340124513018979,0.014456619612030002,0.01403255062279088,0.02462327229223735,0.01976702397526553,0.02923935382723532,0.006043116303799229,0.016621940433971513,0.01623544253562395,0.006444080690947807,291,0.5400634146454356,0.7339150400501704,0.7192015396180629,0.6338312562476704,0.7647309955869586,0.5878034597734607,0.6495486410782568,0.3688280089729906,0.8244152527210424,0.2145227300318635,0.6036860338725912,0.1785717978264529,345,0.07946011557118987,0.09792593570471833,0.08293810283525424,0.08923637411926476,0.10116570369692188,0.10961833505023896,0.09501282816243224,0.12407521271638514,0.0578828548929634,0.08325740321970848,0.09205728659690773,0.01718956966713511,277
407,0.005701231956481934,0.0011836041435300507,0.0022993564605712892,0.00045744509588662666,SVR(),,4,auto,sigmoid,50,False,0.001,,,,,,,,,,,"{'estimator': SVR(), 'estimator__C': 50, 'estimator__degree': 4, 'estimator__gamma': 'auto', 'estimator__kernel': 'sigmoid', 'estimator__shrinking': False, 'estimator__tol': 0.001}",0.014791076776410263,0.012222927047025291,0.011358248614705356,0.01356520139803629,0.014144746757048413,0.023476109642578253,0.020579957382443875,0.029650985439648236,0.005900728800850356,0.020958624771794335,0.016664860663054067,0.006572855620338241,338,0.5402686747095478,0.7384055130531433,0.691553160735263,0.6564098047836229,0.7628499211112398,0.6070071005265891,0.6351360710517815,0.35994236991573103,0.8285523688154723,0.009590761473920906,0.5829715746176312,0.22751680193190976,405,0.07998473677685483,0.09850592050475751,0.08697093909894425,0.0869696195473248,0.10148692623861436,0.11115637859815909,0.096422293475106,0.12353832820883731,0.056999789873319925,0.08731113471868276,0.09293460670406009,0.017166089941647922,318
408,0.0025997400283813477,0.0004894248723094752,0.002400493621826172,0.0004898536104321012,SVR(),,4,auto,rbf,50,True,0.1,,,,,,,,,,,"{'estimator': SVR(), 'estimator__C': 50, 'estimator__degree': 4, 'estimator__gamma': 'auto', 'estimator__kernel': 'rbf', 'estimator__shrinking': True, 'estimator__tol': 0.1}",0.016495826165941703,0.01148138731732902,0.005778703158698985,0.013390266885428312,0.014763600256528004,0.02190482012202159,0.01710653330167232,0.0382536662149264,0.010725080876098598,0.03613426315455131,0.018603414745319628,0.01015002769622434,465,0.48728222159429424,0.754275910086055,0.8430723974431957,0.6608406850612838,0.7524742559443087,0.6333106761188495,0.6967167212670623,0.17424157826401965,0.6883792201728378,0.7075408546729862,0.498305281127892,0.4391275789349478,532,0.08874966323544133,0.09423065007398393,0.06056771467589307,0.0769479639172512,0.0949187377724508,0.11883529835646109,0.09450113717079975,0.1442593833832688,0.07871060288788669,0.10174277861924023,0.0953463930092677,0.022035404002834852,447
409,0.003099822998046875,0.0002999655410565223,0.002501106262207031,0.0004997260265673249,SVR(),,4,auto,rbf,50,True,0.01,,,,,,,,,,,"{'estimator': SVR(), 'estimator__C': 50, 'estimator__degree': 4, 'estimator__gamma': 'auto', 'estimator__kernel': 'rbf', 'estimator__shrinking': True, 'estimator__tol': 0.01}",0.017829167982389343,0.011691012991898262,0.006449903887553354,0.013357439162592043,0.013646153907184093,0.02234210369690483,0.0164331966297432,0.03163544498774862,0.012211456857058179,0.03499770385247959,0.018059358395555152,0.008621917413748905,445,0.4458397350460349,0.749789511649833,0.8248451380874462,0.6616721716988103,0.7712093025628572,0.6259904964723129,0.7086543681270385,0.31710505923205956,0.6451920733667731,0.6538322337514708,0.5096465622491695,0.4141116618915919,518,0.09529127619886536,0.092536811895652,0.0672076568285926,0.08343877317585144,0.09104497773183448,0.11627178896199783,0.09091108449147102,0.12921659985580344,0.08363055532475958,0.09951187967551971,0.09490614041403475,0.01648450126276975,422
410,0.003599095344543457,0.0004897758430119896,0.002402186393737793,0.0004899810429758162,SVR(),,4,auto,rbf,50,True,0.001,,,,,,,,,,,"{'estimator': SVR(), 'estimator__C': 50, 'estimator__degree': 4, 'estimator__gamma': 'auto', 'estimator__kernel': 'rbf', 'estimator__shrinking': True, 'estimator__tol': 0.001}",0.017881783066851287,0.011308904621873637,0.006402380770999436,0.013524745061080595,0.013547482448940221,0.02260200608963358,0.016282112776665008,0.0312717880339596,0.012373980761405732,0.03494698909959792,0.0180142172731007,0.008592221997714115,435,0.444204370503236,0.7579673762996116,0.8261356852122985,0.6574345150186187,0.7728636230331013,0.621639699153097,0.7113329474462441,0.3249550987688441,0.6404698874552238,0.6514356852980068,0.5105567517592268,0.41349546709539053,515,0.0961816635342419,0.09105852371564314,0.0671093524196729,0.08389995097011133,0.0904364115598649,0.11647534860486655,0.09106558047079982,0.12801279742675248,0.08376974478498951,0.10009806061112206,0.09481074340980647,0.01630068384046171,416
411,0.002602028846740723,0.0004914130932917134,0.0023992300033569337,0.0004920803464266626,SVR(),,4,auto,rbf,50,False,0.1,,,,,,,,,,,"{'estimator': SVR(), 'estimator__C': 50, 'estimator__degree': 4, 'estimator__gamma': 'auto', 'estimator__kernel': 'rbf', 'estimator__shrinking': False, 'estimator__tol': 0.1}",0.016495826165941703,0.01148138731732902,0.005778703158698985,0.013390266885428312,0.014763600256528004,0.02190482012202159,0.01710653330167232,0.0382536662149264,0.010725080876098598,0.03613426315455131,0.018603414745319628,0.01015002769622434,465,0.48728222159429424,0.754275910086055,0.8430723974431957,0.6608406850612838,0.7524742559443087,0.6333106761188495,0.6967167212670623,0.17424157826401965,0.6883792201728378,0.7075408546729862,0.498305281127892,0.4391275789349478,532,0.08874966323544133,0.09423065007398393,0.06056771467589307,0.0769479639172512,0.0949187377724508,0.11883529835646109,0.09450113717079975,0.1442593833832688,0.07871060288788669,0.10174277861924023,0.0953463930092677,0.022035404002834852,447
412,0.0034969806671142577,0.0005013142506933671,0.002101707458496094,0.0002995198967913428,SVR(),,4,auto,rbf,50,False,0.01,,,,,,,,,,,"{'estimator': SVR(), 'estimator__C': 50, 'estimator__degree': 4, 'estimator__gamma': 'auto', 'estimator__kernel': 'rbf', 'estimator__shrinking': False, 'estimator__tol': 0.01}",0.017829167982389343,0.011436258645718216,0.006519812927887277,0.013422128730287334,0.013550163110805542,0.022428456396450205,0.016460354394764915,0.03187162041399874,0.012211456857058179,0.03598593430144208,0.018171535376080183,0.008870033490204066,456,0.4458397350460349,0.7552417517090314,0.8229466744018465,0.6600336629483169,0.7728186791975025,0.6245449418941325,0.7081728856505136,0.31200688521293707,0.6451920733667731,0.7005315080169467,0.5046265781410142,0.4276386836283839,524,0.09529127619886536,0.09131781927152335,0.06778760887445369,0.08348479656492844,0.09118878604375855,0.11634729873117103,0.09112266208352866,0.12980466188179812,0.08363055532475958,0.10045177216094969,0.09504272371357365,0.01656006047508925,427
413,0.004298877716064453,0.0006406838853198004,0.0024033308029174803,0.0004893063639232878,SVR(),,4,auto,rbf,50,False,0.001,,,,,,,,,,,"{'estimator': SVR(), 'estimator__C': 50, 'estimator__degree': 4, 'estimator__gamma': 'auto', 'estimator__kernel': 'rbf', 'estimator__shrinking': False, 'estimator__tol': 0.001}",0.017881783066851287,0.011310043964630579,0.006388338129739957,0.013543946734828128,0.013532859474098666,0.022646078274514245,0.016291154391227428,0.031270925062745654,0.012388519011007503,0.03491814946156143,0.018017179757120493,0.00858920910730122,439,0.444204370503236,0.7579429921416426,0.8265170299475957,0.6569481597749471,0.7731087910588587,0.6209019254765349,0.7111726478425096,0.3249737271989567,0.6400474737941463,0.6500728552336255,0.5105744262504801,0.41309687583296356,512,0.0961816635342419,0.09108721141428391,0.0670193067563483,0.08394901173303185,0.09036770594586574,0.11657256976620568,0.09104459838632908,0.128030799059886,0.08380808518383451,0.10008557057787819,0.09481465223579051,0.016328015892007077,419
414,0.05361218452453613,0.01254218526130741,0.005201077461242676,0.0006001870952910566,"XGBRegressor(base_score=None, booster=None, callbacks=None,
             colsample_bylevel=None, colsample_bynode=None,
             colsample_bytree=None, device=None, early_stopping_rounds=None,
             enable_categorical=False, eval_metric=None, feature_types=None,
             gamma=None, grow_policy=None, importance_type=None,
             interaction_constraints=None, learning_rate=None, max_bin=None,
             max_cat_threshold=None, max_cat_to_onehot=None,
             max_delta_step=None, max_depth=None, max_leaves=None,
             min_child_weight=None, missing=nan, monotone_constraints=None,
             multi_strategy=None, n_estimators=None, n_jobs=None,
             num_parallel_tree=None, random_state=None, ...)",,,0,,,,,0.1,0,3,0,42,,,,,,"{'estimator': XGBRegressor(base_score=None, booster=None, callbacks=None,
             colsample_bylevel=None, colsample_bynode=None,
             colsample_bytree=None, device=None, early_stopping_rounds=None,
             enable_categorical=False, eval_metric=None, feature_types=None,
             gamma=None, grow_policy=None, importance_type=None,
             interaction_constraints=None, learning_rate=None, max_bin=None,
             max_cat_threshold=None, max_cat_to_onehot=None,
             max_delta_step=None, max_depth=None, max_leaves=None,
             min_child_weight=None, missing=nan, monotone_constraints=None,
             multi_strategy=None, n_estimators=None, n_jobs=None,
             num_parallel_tree=None, random_state=None, ...), 'estimator__eta': 0.1, 'estimator__gamma': 0, 'estimator__max_delta_step': 0, 'estimator__max_depth': 3, 'estimator__min_child_weight': 0, 'estimator__random_state': 42}",0.009927366870932028,0.01498253395872524,0.00796281326121904,0.007745608724977812,0.014922735164914595,0.021028451895650967,0.019298220658286,0.018803938905429904,0.008853199448271924,0.006289685432444017,0.012981455432085153,0.005196926699412873,3,0.691440887150492,0.6793445408765288,0.7837602727855011,0.8038130702379358,0.749806208454591,0.6479811856509363,0.6578600975579008,0.594090908156959,0.7427673555185845,0.7027780864659214,0.7053642612855351,0.061661152506681416,3,0.06354261636976143,0.09962082293456745,0.07269317860933461,0.06511037059264037,0.09946671580134848,0.10164852193606795,0.08782503412065831,0.08814020466015801,0.06629136596081286,0.0627934963634449,0.08071323273487943,0.015443192330557194,3
415,0.04891138076782227,0.0021660519033794945,0.005201101303100586,0.000399947404506061,"XGBRegressor(base_score=None, booster=None, callbacks=None,
             colsample_bylevel=None, colsample_bynode=None,
             colsample_bytree=None, device=None, early_stopping_rounds=None,
             enable_categorical=False, eval_metric=None, feature_types=None,
             gamma=None, grow_policy=None, importance_type=None,
             interaction_constraints=None, learning_rate=None, max_bin=None,
             max_cat_threshold=None, max_cat_to_onehot=None,
             max_delta_step=None, max_depth=None, max_leaves=None,
             min_child_weight=None, missing=nan, monotone_constraints=None,
             multi_strategy=None, n_estimators=None, n_jobs=None,
             num_parallel_tree=None, random_state=None, ...)",,,0,,,,,0.1,0,3,1,42,,,,,,"{'estimator': XGBRegressor(base_score=None, booster=None, callbacks=None,
             colsample_bylevel=None, colsample_bynode=None,
             colsample_bytree=None, device=None, early_stopping_rounds=None,
             enable_categorical=False, eval_metric=None, feature_types=None,
             gamma=None, grow_policy=None, importance_type=None,
             interaction_constraints=None, learning_rate=None, max_bin=None,
             max_cat_threshold=None, max_cat_to_onehot=None,
             max_delta_step=None, max_depth=None, max_leaves=None,
             min_child_weight=None, missing=nan, monotone_constraints=None,
             multi_strategy=None, n_estimators=None, n_jobs=None,
             num_parallel_tree=None, random_state=None, ...), 'estimator__eta': 0.1, 'estimator__gamma': 0, 'estimator__max_delta_step': 0, 'estimator__max_depth': 3, 'estimator__min_child_weight': 1, 'estimator__random_state': 42}",0.009927366870932028,0.01498253395872524,0.00796281326121904,0.007745608724977812,0.014922735164914595,0.021028451895650967,0.019298220658286,0.018803938905429904,0.008853199448271924,0.006289685432444017,0.012981455432085153,0.005196926699412873,3,0.691440887150492,0.6793445408765288,0.7837602727855011,0.8038130702379358,0.749806208454591,0.6479811856509363,0.6578600975579008,0.594090908156959,0.7427673555185845,0.7027780864659214,0.7053642612855351,0.061661152506681416,3,0.06354261636976143,0.09962082293456745,0.07269317860933461,0.06511037059264037,0.09946671580134848,0.10164852193606795,0.08782503412065831,0.08814020466015801,0.06629136596081286,0.0627934963634449,0.08071323273487943,0.015443192330557194,3
416,0.045810389518737796,0.0019395954438350092,0.005501270294189453,0.0006710208039950384,"XGBRegressor(base_score=None, booster=None, callbacks=None,
             colsample_bylevel=None, colsample_bynode=None,
             colsample_bytree=None, device=None, early_stopping_rounds=None,
             enable_categorical=False, eval_metric=None, feature_types=None,
             gamma=None, grow_policy=None, importance_type=None,
             interaction_constraints=None, learning_rate=None, max_bin=None,
             max_cat_threshold=None, max_cat_to_onehot=None,
             max_delta_step=None, max_depth=None, max_leaves=None,
             min_child_weight=None, missing=nan, monotone_constraints=None,
             multi_strategy=None, n_estimators=None, n_jobs=None,
             num_parallel_tree=None, random_state=None, ...)",,,0,,,,,0.1,0,3,10,42,,,,,,"{'estimator': XGBRegressor(base_score=None, booster=None, callbacks=None,
             colsample_bylevel=None, colsample_bynode=None,
             colsample_bytree=None, device=None, early_stopping_rounds=None,
             enable_categorical=False, eval_metric=None, feature_types=None,
             gamma=None, grow_policy=None, importance_type=None,
             interaction_constraints=None, learning_rate=None, max_bin=None,
             max_cat_threshold=None, max_cat_to_onehot=None,
             max_delta_step=None, max_depth=None, max_leaves=None,
             min_child_weight=None, missing=nan, monotone_constraints=None,
             multi_strategy=None, n_estimators=None, n_jobs=None,
             num_parallel_tree=None, random_state=None, ...), 'estimator__eta': 0.1, 'estimator__gamma': 0, 'estimator__max_delta_step': 0, 'estimator__max_depth': 3, 'estimator__min_child_weight': 10, 'estimator__random_state': 42}",0.015656701367892784,0.01881512308272787,0.007897835911479868,0.007624792171310324,0.014482649987333649,0.022409038967001797,0.01964204204448184,0.020663825172823534,0.009865030590311569,0.0052054159714659855,0.014226245526682921,0.005873028628752434,115,0.5133636192722757,0.5973196558621352,0.785524810508764,0.8068732078681808,0.7571846533552811,0.6248699919989169,0.651764457052306,0.5539426844509625,0.7133682663015996,0.7540157274322089,0.6758227074102631,0.09692150006614109,115,0.07686975953724282,0.10829540796218765,0.07202104777752362,0.06476480440656561,0.08829694902694742,0.10051652031072242,0.09444266694353223,0.09605679686683902,0.07728703962526874,0.05538663147900705,0.08339376239358365,0.01600119850331499,61
417,0.1088249921798706,0.013654357029033918,0.005500912666320801,0.0005002264662638315,"XGBRegressor(base_score=None, booster=None, callbacks=None,
             colsample_bylevel=None, colsample_bynode=None,
             colsample_bytree=None, device=None, early_stopping_rounds=None,
             enable_categorical=False, eval_metric=None, feature_types=None,
             gamma=None, grow_policy=None, importance_type=None,
             interaction_constraints=None, learning_rate=None, max_bin=None,
             max_cat_threshold=None, max_cat_to_onehot=None,
             max_delta_step=None, max_depth=None, max_leaves=None,
             min_child_weight=None, missing=nan, monotone_constraints=None,
             multi_strategy=None, n_estimators=None, n_jobs=None,
             num_parallel_tree=None, random_state=None, ...)",,,0,,,,,0.1,0,6,0,42,,,,,,"{'estimator': XGBRegressor(base_score=None, booster=None, callbacks=None,
             colsample_bylevel=None, colsample_bynode=None,
             colsample_bytree=None, device=None, early_stopping_rounds=None,
             enable_categorical=False, eval_metric=None, feature_types=None,
             gamma=None, grow_policy=None, importance_type=None,
             interaction_constraints=None, learning_rate=None, max_bin=None,
             max_cat_threshold=None, max_cat_to_onehot=None,
             max_delta_step=None, max_depth=None, max_leaves=None,
             min_child_weight=None, missing=nan, monotone_constraints=None,
             multi_strategy=None, n_estimators=None, n_jobs=None,
             num_parallel_tree=None, random_state=None, ...), 'estimator__eta': 0.1, 'estimator__gamma': 0, 'estimator__max_delta_step': 0, 'estimator__max_depth': 6, 'estimator__min_child_weight': 0, 'estimator__random_state': 42}",0.012088668693445243,0.014672632346720485,0.009954248969262985,0.013233169607353955,0.0176132039747237,0.03370472042983013,0.020231103738414337,0.016428657606944445,0.00993766523123146,0.006106396362347577,0.015397046696027431,0.007255426804093156,206,0.6242640232725792,0.6859770400221503,0.7296804519802208,0.6648197696953935,0.7046979501412327,0.43577892549811137,0.6413209289124251,0.645364648174354,0.7112578427339448,0.7114394938970364,0.6554601074327449,0.08045734407456118,167,0.0716543570531915,0.09973491088128042,0.08342018904382803,0.08561411887953452,0.10758779274753069,0.1285872245988538,0.07906549739234521,0.09332686222454763,0.07374209983726024,0.06536936129441405,0.08881024139527861,0.01810974630220457,162
418,0.10692398548126221,0.02290232077245766,0.005501008033752442,0.0005000830515064632,"XGBRegressor(base_score=None, booster=None, callbacks=None,
             colsample_bylevel=None, colsample_bynode=None,
             colsample_bytree=None, device=None, early_stopping_rounds=None,
             enable_categorical=False, eval_metric=None, feature_types=None,
             gamma=None, grow_policy=None, importance_type=None,
             interaction_constraints=None, learning_rate=None, max_bin=None,
             max_cat_threshold=None, max_cat_to_onehot=None,
             max_delta_step=None, max_depth=None, max_leaves=None,
             min_child_weight=None, missing=nan, monotone_constraints=None,
             multi_strategy=None, n_estimators=None, n_jobs=None,
             num_parallel_tree=None, random_state=None, ...)",,,0,,,,,0.1,0,6,1,42,,,,,,"{'estimator': XGBRegressor(base_score=None, booster=None, callbacks=None,
             colsample_bylevel=None, colsample_bynode=None,
             colsample_bytree=None, device=None, early_stopping_rounds=None,
             enable_categorical=False, eval_metric=None, feature_types=None,
             gamma=None, grow_policy=None, importance_type=None,
             interaction_constraints=None, learning_rate=None, max_bin=None,
             max_cat_threshold=None, max_cat_to_onehot=None,
             max_delta_step=None, max_depth=None, max_leaves=None,
             min_child_weight=None, missing=nan, monotone_constraints=None,
             multi_strategy=None, n_estimators=None, n_jobs=None,
             num_parallel_tree=None, random_state=None, ...), 'estimator__eta': 0.1, 'estimator__gamma': 0, 'estimator__max_delta_step': 0, 'estimator__max_depth': 6, 'estimator__min_child_weight': 1, 'estimator__random_state': 42}",0.012088668693445243,0.014672632346720485,0.009954248969262985,0.013233169607353955,0.0176132039747237,0.03370472042983013,0.020231103738414337,0.016428657606944445,0.00993766523123146,0.006106396362347577,0.015397046696027431,0.007255426804093156,206,0.6242640232725792,0.6859770400221503,0.7296804519802208,0.6648197696953935,0.7046979501412327,0.43577892549811137,0.6413209289124251,0.645364648174354,0.7112578427339448,0.7114394938970364,0.6554601074327449,0.08045734407456118,167,0.0716543570531915,0.09973491088128042,0.08342018904382803,0.08561411887953452,0.10758779274753069,0.1285872245988538,0.07906549739234521,0.09332686222454763,0.07374209983726024,0.06536936129441405,0.08881024139527861,0.01810974630220457,162
419,0.06736814975738525,0.0039766708713121785,0.0050013065338134766,0.00044728807270254077,"XGBRegressor(base_score=None, booster=None, callbacks=None,
             colsample_bylevel=None, colsample_bynode=None,
             colsample_bytree=None, device=None, early_stopping_rounds=None,
             enable_categorical=False, eval_metric=None, feature_types=None,
             gamma=None, grow_policy=None, importance_type=None,
             interaction_constraints=None, learning_rate=None, max_bin=None,
             max_cat_threshold=None, max_cat_to_onehot=None,
             max_delta_step=None, max_depth=None, max_leaves=None,
             min_child_weight=None, missing=nan, monotone_constraints=None,
             multi_strategy=None, n_estimators=None, n_jobs=None,
             num_parallel_tree=None, random_state=None, ...)",,,0,,,,,0.1,0,6,10,42,,,,,,"{'estimator': XGBRegressor(base_score=None, booster=None, callbacks=None,
             colsample_bylevel=None, colsample_bynode=None,
             colsample_bytree=None, device=None, early_stopping_rounds=None,
             enable_categorical=False, eval_metric=None, feature_types=None,
             gamma=None, grow_policy=None, importance_type=None,
             interaction_constraints=None, learning_rate=None, max_bin=None,
             max_cat_threshold=None, max_cat_to_onehot=None,
             max_delta_step=None, max_depth=None, max_leaves=None,
             min_child_weight=None, missing=nan, monotone_constraints=None,
             multi_strategy=None, n_estimators=None, n_jobs=None,
             num_parallel_tree=None, random_state=None, ...), 'estimator__eta': 0.1, 'estimator__gamma': 0, 'estimator__max_delta_step': 0, 'estimator__max_depth': 6, 'estimator__min_child_weight': 10, 'estimator__random_state': 42}",0.018009019701078613,0.016297907028370383,0.0056416708369066305,0.00846416534362056,0.015532603519465595,0.023085239377705766,0.02021879234940178,0.02153405240819513,0.007399775662258339,0.005613660073327024,0.014179688630032983,0.006447916703286087,112,0.44024964378772624,0.651192990763066,0.8467936741970112,0.785612897484937,0.739581187754135,0.6135503157802604,0.641539198643623,0.5351576230559394,0.7849970653780457,0.7347239688144827,0.6773398565659227,0.1190195990957706,112,0.0847694524749934,0.10100580519171756,0.06493234850134884,0.06708143306286271,0.09739323860019997,0.1028173551032754,0.10074522837116427,0.10163073521714266,0.07089623644639508,0.05678127137440403,0.08480531043435038,0.01723485554711819,75
420,0.15133564472198485,0.006230996568304051,0.005301141738891601,0.000458266684710448,"XGBRegressor(base_score=None, booster=None, callbacks=None,
             colsample_bylevel=None, colsample_bynode=None,
             colsample_bytree=None, device=None, early_stopping_rounds=None,
             enable_categorical=False, eval_metric=None, feature_types=None,
             gamma=None, grow_policy=None, importance_type=None,
             interaction_constraints=None, learning_rate=None, max_bin=None,
             max_cat_threshold=None, max_cat_to_onehot=None,
             max_delta_step=None, max_depth=None, max_leaves=None,
             min_child_weight=None, missing=nan, monotone_constraints=None,
             multi_strategy=None, n_estimators=None, n_jobs=None,
             num_parallel_tree=None, random_state=None, ...)",,,0,,,,,0.1,0,9,0,42,,,,,,"{'estimator': XGBRegressor(base_score=None, booster=None, callbacks=None,
             colsample_bylevel=None, colsample_bynode=None,
             colsample_bytree=None, device=None, early_stopping_rounds=None,
             enable_categorical=False, eval_metric=None, feature_types=None,
             gamma=None, grow_policy=None, importance_type=None,
             interaction_constraints=None, learning_rate=None, max_bin=None,
             max_cat_threshold=None, max_cat_to_onehot=None,
             max_delta_step=None, max_depth=None, max_leaves=None,
             min_child_weight=None, missing=nan, monotone_constraints=None,
             multi_strategy=None, n_estimators=None, n_jobs=None,
             num_parallel_tree=None, random_state=None, ...), 'estimator__eta': 0.1, 'estimator__gamma': 0, 'estimator__max_delta_step': 0, 'estimator__max_depth': 9, 'estimator__min_child_weight': 0, 'estimator__random_state': 42}",0.012720148727520718,0.014935370112455909,0.011762789296556327,0.01529497275233496,0.01952024745571382,0.028750142229822005,0.020215659592026824,0.015892408893509957,0.010543011013135825,0.006518011867021262,0.015615276194009759,0.005842004908353876,215,0.6046365710357695,0.680353939208025,0.6805673742021715,0.6125967820452202,0.6727245596147645,0.5187191605768187,0.641594739582947,0.6569403201315382,0.6936693203907229,0.6919884181233042,0.6453791184911282,0.05161294371382738,195,0.06663030121926321,0.09652093675792542,0.08459768982018538,0.09771777215959898,0.11502426072661878,0.11539407400143811,0.08366253358812512,0.09807521086793002,0.07223017383274152,0.06351499289819468,0.08933679458720212,0.017511948603963948,178
421,0.1351308822631836,0.006760480198907996,0.005300569534301758,0.0006407506281826754,"XGBRegressor(base_score=None, booster=None, callbacks=None,
             colsample_bylevel=None, colsample_bynode=None,
             colsample_bytree=None, device=None, early_stopping_rounds=None,
             enable_categorical=False, eval_metric=None, feature_types=None,
             gamma=None, grow_policy=None, importance_type=None,
             interaction_constraints=None, learning_rate=None, max_bin=None,
             max_cat_threshold=None, max_cat_to_onehot=None,
             max_delta_step=None, max_depth=None, max_leaves=None,
             min_child_weight=None, missing=nan, monotone_constraints=None,
             multi_strategy=None, n_estimators=None, n_jobs=None,
             num_parallel_tree=None, random_state=None, ...)",,,0,,,,,0.1,0,9,1,42,,,,,,"{'estimator': XGBRegressor(base_score=None, booster=None, callbacks=None,
             colsample_bylevel=None, colsample_bynode=None,
             colsample_bytree=None, device=None, early_stopping_rounds=None,
             enable_categorical=False, eval_metric=None, feature_types=None,
             gamma=None, grow_policy=None, importance_type=None,
             interaction_constraints=None, learning_rate=None, max_bin=None,
             max_cat_threshold=None, max_cat_to_onehot=None,
             max_delta_step=None, max_depth=None, max_leaves=None,
             min_child_weight=None, missing=nan, monotone_constraints=None,
             multi_strategy=None, n_estimators=None, n_jobs=None,
             num_parallel_tree=None, random_state=None, ...), 'estimator__eta': 0.1, 'estimator__gamma': 0, 'estimator__max_delta_step': 0, 'estimator__max_depth': 9, 'estimator__min_child_weight': 1, 'estimator__random_state': 42}",0.012720148727520718,0.014935370112455909,0.011762789296556327,0.01529497275233496,0.01952024745571382,0.028750142229822005,0.020215659592026824,0.015892408893509957,0.010543011013135825,0.006518011867021262,0.015615276194009759,0.005842004908353876,215,0.6046365710357695,0.680353939208025,0.6805673742021715,0.6125967820452202,0.6727245596147645,0.5187191605768187,0.641594739582947,0.6569403201315382,0.6936693203907229,0.6919884181233042,0.6453791184911282,0.05161294371382738,195,0.06663030121926321,0.09652093675792542,0.08459768982018538,0.09771777215959898,0.11502426072661878,0.11539407400143811,0.08366253358812512,0.09807521086793002,0.07223017383274152,0.06351499289819468,0.08933679458720212,0.017511948603963948,178
422,0.074717116355896,0.005293277948803295,0.0053009033203125,0.00045857852691081295,"XGBRegressor(base_score=None, booster=None, callbacks=None,
             colsample_bylevel=None, colsample_bynode=None,
             colsample_bytree=None, device=None, early_stopping_rounds=None,
             enable_categorical=False, eval_metric=None, feature_types=None,
             gamma=None, grow_policy=None, importance_type=None,
             interaction_constraints=None, learning_rate=None, max_bin=None,
             max_cat_threshold=None, max_cat_to_onehot=None,
             max_delta_step=None, max_depth=None, max_leaves=None,
             min_child_weight=None, missing=nan, monotone_constraints=None,
             multi_strategy=None, n_estimators=None, n_jobs=None,
             num_parallel_tree=None, random_state=None, ...)",,,0,,,,,0.1,0,9,10,42,,,,,,"{'estimator': XGBRegressor(base_score=None, booster=None, callbacks=None,
             colsample_bylevel=None, colsample_bynode=None,
             colsample_bytree=None, device=None, early_stopping_rounds=None,
             enable_categorical=False, eval_metric=None, feature_types=None,
             gamma=None, grow_policy=None, importance_type=None,
             interaction_constraints=None, learning_rate=None, max_bin=None,
             max_cat_threshold=None, max_cat_to_onehot=None,
             max_delta_step=None, max_depth=None, max_leaves=None,
             min_child_weight=None, missing=nan, monotone_constraints=None,
             multi_strategy=None, n_estimators=None, n_jobs=None,
             num_parallel_tree=None, random_state=None, ...), 'estimator__eta': 0.1, 'estimator__gamma': 0, 'estimator__max_delta_step': 0, 'estimator__max_depth': 9, 'estimator__min_child_weight': 10, 'estimator__random_state': 42}",0.018171815579177686,0.015989566560482053,0.00568321343988471,0.00774515752056153,0.01549918650877172,0.023733014414882146,0.020450621085079834,0.02047327830686254,0.007700529963756166,0.005474175519995421,0.014092055889945382,0.006499504985741327,109,0.43518967648976237,0.6577920783786492,0.8456655350782013,0.8038244987017621,0.7401414555947967,0.6027064837338838,0.637429085985433,0.558055902734895,0.7762585494589733,0.7413153741073155,0.6798378640263673,0.11937412230136867,105,0.08209022182969444,0.09792330744782787,0.06616933347325955,0.061574602192171375,0.09759561522849455,0.10405380378860357,0.10199490312795984,0.0974593883440977,0.07177662734875535,0.05668775157214091,0.08373255543530052,0.017334817099678587,64
423,0.049811363220214844,0.002088293649195239,0.005300998687744141,0.0004585679137016081,"XGBRegressor(base_score=None, booster=None, callbacks=None,
             colsample_bylevel=None, colsample_bynode=None,
             colsample_bytree=None, device=None, early_stopping_rounds=None,
             enable_categorical=False, eval_metric=None, feature_types=None,
             gamma=None, grow_policy=None, importance_type=None,
             interaction_constraints=None, learning_rate=None, max_bin=None,
             max_cat_threshold=None, max_cat_to_onehot=None,
             max_delta_step=None, max_depth=None, max_leaves=None,
             min_child_weight=None, missing=nan, monotone_constraints=None,
             multi_strategy=None, n_estimators=None, n_jobs=None,
             num_parallel_tree=None, random_state=None, ...)",,,0,,,,,0.1,3,3,0,42,,,,,,"{'estimator': XGBRegressor(base_score=None, booster=None, callbacks=None,
             colsample_bylevel=None, colsample_bynode=None,
             colsample_bytree=None, device=None, early_stopping_rounds=None,
             enable_categorical=False, eval_metric=None, feature_types=None,
             gamma=None, grow_policy=None, importance_type=None,
             interaction_constraints=None, learning_rate=None, max_bin=None,
             max_cat_threshold=None, max_cat_to_onehot=None,
             max_delta_step=None, max_depth=None, max_leaves=None,
             min_child_weight=None, missing=nan, monotone_constraints=None,
             multi_strategy=None, n_estimators=None, n_jobs=None,
             num_parallel_tree=None, random_state=None, ...), 'estimator__eta': 0.1, 'estimator__gamma': 0, 'estimator__max_delta_step': 3, 'estimator__max_depth': 3, 'estimator__min_child_weight': 0, 'estimator__random_state': 42}",0.009927366870932028,0.01498253395872524,0.00796281326121904,0.007745608724977812,0.014922735164914595,0.021028451895650967,0.019298220658286,0.018803938905429904,0.008853199448271924,0.006289685432444017,0.012981455432085153,0.005196926699412873,3,0.691440887150492,0.6793445408765288,0.7837602727855011,0.8038130702379358,0.749806208454591,0.6479811856509363,0.6578600975579008,0.594090908156959,0.7427673555185845,0.7027780864659214,0.7053642612855351,0.061661152506681416,3,0.06354261636976143,0.09962082293456745,0.07269317860933461,0.06511037059264037,0.09946671580134848,0.10164852193606795,0.08782503412065831,0.08814020466015801,0.06629136596081286,0.0627934963634449,0.08071323273487943,0.015443192330557194,3
424,0.049017333984375,0.0016763546920888347,0.005501341819763183,0.0005002739613204259,"XGBRegressor(base_score=None, booster=None, callbacks=None,
             colsample_bylevel=None, colsample_bynode=None,
             colsample_bytree=None, device=None, early_stopping_rounds=None,
             enable_categorical=False, eval_metric=None, feature_types=None,
             gamma=None, grow_policy=None, importance_type=None,
             interaction_constraints=None, learning_rate=None, max_bin=None,
             max_cat_threshold=None, max_cat_to_onehot=None,
             max_delta_step=None, max_depth=None, max_leaves=None,
             min_child_weight=None, missing=nan, monotone_constraints=None,
             multi_strategy=None, n_estimators=None, n_jobs=None,
             num_parallel_tree=None, random_state=None, ...)",,,0,,,,,0.1,3,3,1,42,,,,,,"{'estimator': XGBRegressor(base_score=None, booster=None, callbacks=None,
             colsample_bylevel=None, colsample_bynode=None,
             colsample_bytree=None, device=None, early_stopping_rounds=None,
             enable_categorical=False, eval_metric=None, feature_types=None,
             gamma=None, grow_policy=None, importance_type=None,
             interaction_constraints=None, learning_rate=None, max_bin=None,
             max_cat_threshold=None, max_cat_to_onehot=None,
             max_delta_step=None, max_depth=None, max_leaves=None,
             min_child_weight=None, missing=nan, monotone_constraints=None,
             multi_strategy=None, n_estimators=None, n_jobs=None,
             num_parallel_tree=None, random_state=None, ...), 'estimator__eta': 0.1, 'estimator__gamma': 0, 'estimator__max_delta_step': 3, 'estimator__max_depth': 3, 'estimator__min_child_weight': 1, 'estimator__random_state': 42}",0.009927366870932028,0.01498253395872524,0.00796281326121904,0.007745608724977812,0.014922735164914595,0.021028451895650967,0.019298220658286,0.018803938905429904,0.008853199448271924,0.006289685432444017,0.012981455432085153,0.005196926699412873,3,0.691440887150492,0.6793445408765288,0.7837602727855011,0.8038130702379358,0.749806208454591,0.6479811856509363,0.6578600975579008,0.594090908156959,0.7427673555185845,0.7027780864659214,0.7053642612855351,0.061661152506681416,3,0.06354261636976143,0.09962082293456745,0.07269317860933461,0.06511037059264037,0.09946671580134848,0.10164852193606795,0.08782503412065831,0.08814020466015801,0.06629136596081286,0.0627934963634449,0.08071323273487943,0.015443192330557194,3
425,0.0531121015548706,0.016346528429752476,0.005501008033752442,0.0004999400140264775,"XGBRegressor(base_score=None, booster=None, callbacks=None,
             colsample_bylevel=None, colsample_bynode=None,
             colsample_bytree=None, device=None, early_stopping_rounds=None,
             enable_categorical=False, eval_metric=None, feature_types=None,
             gamma=None, grow_policy=None, importance_type=None,
             interaction_constraints=None, learning_rate=None, max_bin=None,
             max_cat_threshold=None, max_cat_to_onehot=None,
             max_delta_step=None, max_depth=None, max_leaves=None,
             min_child_weight=None, missing=nan, monotone_constraints=None,
             multi_strategy=None, n_estimators=None, n_jobs=None,
             num_parallel_tree=None, random_state=None, ...)",,,0,,,,,0.1,3,3,10,42,,,,,,"{'estimator': XGBRegressor(base_score=None, booster=None, callbacks=None,
             colsample_bylevel=None, colsample_bynode=None,
             colsample_bytree=None, device=None, early_stopping_rounds=None,
             enable_categorical=False, eval_metric=None, feature_types=None,
             gamma=None, grow_policy=None, importance_type=None,
             interaction_constraints=None, learning_rate=None, max_bin=None,
             max_cat_threshold=None, max_cat_to_onehot=None,
             max_delta_step=None, max_depth=None, max_leaves=None,
             min_child_weight=None, missing=nan, monotone_constraints=None,
             multi_strategy=None, n_estimators=None, n_jobs=None,
             num_parallel_tree=None, random_state=None, ...), 'estimator__eta': 0.1, 'estimator__gamma': 0, 'estimator__max_delta_step': 3, 'estimator__max_depth': 3, 'estimator__min_child_weight': 10, 'estimator__random_state': 42}",0.015656701367892784,0.01881512308272787,0.007897835911479868,0.007624792171310324,0.014482649987333649,0.022409038967001797,0.01964204204448184,0.020663825172823534,0.009865030590311569,0.0052054159714659855,0.014226245526682921,0.005873028628752434,115,0.5133636192722757,0.5973196558621352,0.785524810508764,0.8068732078681808,0.7571846533552811,0.6248699919989169,0.651764457052306,0.5539426844509625,0.7133682663015996,0.7540157274322089,0.6758227074102631,0.09692150006614109,115,0.07686975953724282,0.10829540796218765,0.07202104777752362,0.06476480440656561,0.08829694902694742,0.10051652031072242,0.09444266694353223,0.09605679686683902,0.07728703962526874,0.05538663147900705,0.08339376239358365,0.01600119850331499,61
426,0.09387187957763672,0.004681131224291029,0.005200982093811035,0.00040036456134498103,"XGBRegressor(base_score=None, booster=None, callbacks=None,
             colsample_bylevel=None, colsample_bynode=None,
             colsample_bytree=None, device=None, early_stopping_rounds=None,
             enable_categorical=False, eval_metric=None, feature_types=None,
             gamma=None, grow_policy=None, importance_type=None,
             interaction_constraints=None, learning_rate=None, max_bin=None,
             max_cat_threshold=None, max_cat_to_onehot=None,
             max_delta_step=None, max_depth=None, max_leaves=None,
             min_child_weight=None, missing=nan, monotone_constraints=None,
             multi_strategy=None, n_estimators=None, n_jobs=None,
             num_parallel_tree=None, random_state=None, ...)",,,0,,,,,0.1,3,6,0,42,,,,,,"{'estimator': XGBRegressor(base_score=None, booster=None, callbacks=None,
             colsample_bylevel=None, colsample_bynode=None,
             colsample_bytree=None, device=None, early_stopping_rounds=None,
             enable_categorical=False, eval_metric=None, feature_types=None,
             gamma=None, grow_policy=None, importance_type=None,
             interaction_constraints=None, learning_rate=None, max_bin=None,
             max_cat_threshold=None, max_cat_to_onehot=None,
             max_delta_step=None, max_depth=None, max_leaves=None,
             min_child_weight=None, missing=nan, monotone_constraints=None,
             multi_strategy=None, n_estimators=None, n_jobs=None,
             num_parallel_tree=None, random_state=None, ...), 'estimator__eta': 0.1, 'estimator__gamma': 0, 'estimator__max_delta_step': 3, 'estimator__max_depth': 6, 'estimator__min_child_weight': 0, 'estimator__random_state': 42}",0.012088668693445243,0.014672632346720485,0.009954248969262985,0.013233169607353955,0.0176132039747237,0.03370472042983013,0.020231103738414337,0.016428657606944445,0.00993766523123146,0.006106396362347577,0.015397046696027431,0.007255426804093156,206,0.6242640232725792,0.6859770400221503,0.7296804519802208,0.6648197696953935,0.7046979501412327,0.43577892549811137,0.6413209289124251,0.645364648174354,0.7112578427339448,0.7114394938970364,0.6554601074327449,0.08045734407456118,167,0.0716543570531915,0.09973491088128042,0.08342018904382803,0.08561411887953452,0.10758779274753069,0.1285872245988538,0.07906549739234521,0.09332686222454763,0.07374209983726024,0.06536936129441405,0.08881024139527861,0.01810974630220457,162
427,0.09212090969085693,0.005839708258142473,0.005200624465942383,0.0004002453485532603,"XGBRegressor(base_score=None, booster=None, callbacks=None,
             colsample_bylevel=None, colsample_bynode=None,
             colsample_bytree=None, device=None, early_stopping_rounds=None,
             enable_categorical=False, eval_metric=None, feature_types=None,
             gamma=None, grow_policy=None, importance_type=None,
             interaction_constraints=None, learning_rate=None, max_bin=None,
             max_cat_threshold=None, max_cat_to_onehot=None,
             max_delta_step=None, max_depth=None, max_leaves=None,
             min_child_weight=None, missing=nan, monotone_constraints=None,
             multi_strategy=None, n_estimators=None, n_jobs=None,
             num_parallel_tree=None, random_state=None, ...)",,,0,,,,,0.1,3,6,1,42,,,,,,"{'estimator': XGBRegressor(base_score=None, booster=None, callbacks=None,
             colsample_bylevel=None, colsample_bynode=None,
             colsample_bytree=None, device=None, early_stopping_rounds=None,
             enable_categorical=False, eval_metric=None, feature_types=None,
             gamma=None, grow_policy=None, importance_type=None,
             interaction_constraints=None, learning_rate=None, max_bin=None,
             max_cat_threshold=None, max_cat_to_onehot=None,
             max_delta_step=None, max_depth=None, max_leaves=None,
             min_child_weight=None, missing=nan, monotone_constraints=None,
             multi_strategy=None, n_estimators=None, n_jobs=None,
             num_parallel_tree=None, random_state=None, ...), 'estimator__eta': 0.1, 'estimator__gamma': 0, 'estimator__max_delta_step': 3, 'estimator__max_depth': 6, 'estimator__min_child_weight': 1, 'estimator__random_state': 42}",0.012088668693445243,0.014672632346720485,0.009954248969262985,0.013233169607353955,0.0176132039747237,0.03370472042983013,0.020231103738414337,0.016428657606944445,0.00993766523123146,0.006106396362347577,0.015397046696027431,0.007255426804093156,206,0.6242640232725792,0.6859770400221503,0.7296804519802208,0.6648197696953935,0.7046979501412327,0.43577892549811137,0.6413209289124251,0.645364648174354,0.7112578427339448,0.7114394938970364,0.6554601074327449,0.08045734407456118,167,0.0716543570531915,0.09973491088128042,0.08342018904382803,0.08561411887953452,0.10758779274753069,0.1285872245988538,0.07906549739234521,0.09332686222454763,0.07374209983726024,0.06536936129441405,0.08881024139527861,0.01810974630220457,162
428,0.06891560554504395,0.0051281423214897095,0.005501389503479004,0.0009223144029732903,"XGBRegressor(base_score=None, booster=None, callbacks=None,
             colsample_bylevel=None, colsample_bynode=None,
             colsample_bytree=None, device=None, early_stopping_rounds=None,
             enable_categorical=False, eval_metric=None, feature_types=None,
             gamma=None, grow_policy=None, importance_type=None,
             interaction_constraints=None, learning_rate=None, max_bin=None,
             max_cat_threshold=None, max_cat_to_onehot=None,
             max_delta_step=None, max_depth=None, max_leaves=None,
             min_child_weight=None, missing=nan, monotone_constraints=None,
             multi_strategy=None, n_estimators=None, n_jobs=None,
             num_parallel_tree=None, random_state=None, ...)",,,0,,,,,0.1,3,6,10,42,,,,,,"{'estimator': XGBRegressor(base_score=None, booster=None, callbacks=None,
             colsample_bylevel=None, colsample_bynode=None,
             colsample_bytree=None, device=None, early_stopping_rounds=None,
             enable_categorical=False, eval_metric=None, feature_types=None,
             gamma=None, grow_policy=None, importance_type=None,
             interaction_constraints=None, learning_rate=None, max_bin=None,
             max_cat_threshold=None, max_cat_to_onehot=None,
             max_delta_step=None, max_depth=None, max_leaves=None,
             min_child_weight=None, missing=nan, monotone_constraints=None,
             multi_strategy=None, n_estimators=None, n_jobs=None,
             num_parallel_tree=None, random_state=None, ...), 'estimator__eta': 0.1, 'estimator__gamma': 0, 'estimator__max_delta_step': 3, 'estimator__max_depth': 6, 'estimator__min_child_weight': 10, 'estimator__random_state': 42}",0.018009019701078613,0.016297907028370383,0.0056416708369066305,0.00846416534362056,0.015532603519465595,0.023085239377705766,0.02021879234940178,0.02153405240819513,0.007399775662258339,0.005613660073327024,0.014179688630032983,0.006447916703286087,112,0.44024964378772624,0.651192990763066,0.8467936741970112,0.785612897484937,0.739581187754135,0.6135503157802604,0.641539198643623,0.5351576230559394,0.7849970653780457,0.7347239688144827,0.6773398565659227,0.1190195990957706,112,0.0847694524749934,0.10100580519171756,0.06493234850134884,0.06708143306286271,0.09739323860019997,0.1028173551032754,0.10074522837116427,0.10163073521714266,0.07089623644639508,0.05678127137440403,0.08480531043435038,0.01723485554711819,75
429,0.1413318157196045,0.007350750972459864,0.005501246452331543,0.0005004167942976016,"XGBRegressor(base_score=None, booster=None, callbacks=None,
             colsample_bylevel=None, colsample_bynode=None,
             colsample_bytree=None, device=None, early_stopping_rounds=None,
             enable_categorical=False, eval_metric=None, feature_types=None,
             gamma=None, grow_policy=None, importance_type=None,
             interaction_constraints=None, learning_rate=None, max_bin=None,
             max_cat_threshold=None, max_cat_to_onehot=None,
             max_delta_step=None, max_depth=None, max_leaves=None,
             min_child_weight=None, missing=nan, monotone_constraints=None,
             multi_strategy=None, n_estimators=None, n_jobs=None,
             num_parallel_tree=None, random_state=None, ...)",,,0,,,,,0.1,3,9,0,42,,,,,,"{'estimator': XGBRegressor(base_score=None, booster=None, callbacks=None,
             colsample_bylevel=None, colsample_bynode=None,
             colsample_bytree=None, device=None, early_stopping_rounds=None,
             enable_categorical=False, eval_metric=None, feature_types=None,
             gamma=None, grow_policy=None, importance_type=None,
             interaction_constraints=None, learning_rate=None, max_bin=None,
             max_cat_threshold=None, max_cat_to_onehot=None,
             max_delta_step=None, max_depth=None, max_leaves=None,
             min_child_weight=None, missing=nan, monotone_constraints=None,
             multi_strategy=None, n_estimators=None, n_jobs=None,
             num_parallel_tree=None, random_state=None, ...), 'estimator__eta': 0.1, 'estimator__gamma': 0, 'estimator__max_delta_step': 3, 'estimator__max_depth': 9, 'estimator__min_child_weight': 0, 'estimator__random_state': 42}",0.012720148727520718,0.014935370112455909,0.011762789296556327,0.01529497275233496,0.01952024745571382,0.02879622435564342,0.020215659592026824,0.015892408893509957,0.010543011013135825,0.006518011867021262,0.015619884406591903,0.0058523729358014726,217,0.6046365710357695,0.680353939208025,0.6805673742021715,0.6125967820452202,0.6727245596147645,0.5179477402471226,0.641594739582947,0.6569403201315382,0.6936693203907229,0.6919884181233042,0.6453019764581585,0.05180242397943051,197,0.06663030121926321,0.09652093675792542,0.08459768982018538,0.09771777215959898,0.11502426072661878,0.11530356285823057,0.08366253358812512,0.09807521086793002,0.07223017383274152,0.06351499289819468,0.08932774347288137,0.01749849668920667,172
430,0.13478169441223145,0.014555455083714244,0.0054008722305297855,0.0006635581364583944,"XGBRegressor(base_score=None, booster=None, callbacks=None,
             colsample_bylevel=None, colsample_bynode=None,
             colsample_bytree=None, device=None, early_stopping_rounds=None,
             enable_categorical=False, eval_metric=None, feature_types=None,
             gamma=None, grow_policy=None, importance_type=None,
             interaction_constraints=None, learning_rate=None, max_bin=None,
             max_cat_threshold=None, max_cat_to_onehot=None,
             max_delta_step=None, max_depth=None, max_leaves=None,
             min_child_weight=None, missing=nan, monotone_constraints=None,
             multi_strategy=None, n_estimators=None, n_jobs=None,
             num_parallel_tree=None, random_state=None, ...)",,,0,,,,,0.1,3,9,1,42,,,,,,"{'estimator': XGBRegressor(base_score=None, booster=None, callbacks=None,
             colsample_bylevel=None, colsample_bynode=None,
             colsample_bytree=None, device=None, early_stopping_rounds=None,
             enable_categorical=False, eval_metric=None, feature_types=None,
             gamma=None, grow_policy=None, importance_type=None,
             interaction_constraints=None, learning_rate=None, max_bin=None,
             max_cat_threshold=None, max_cat_to_onehot=None,
             max_delta_step=None, max_depth=None, max_leaves=None,
             min_child_weight=None, missing=nan, monotone_constraints=None,
             multi_strategy=None, n_estimators=None, n_jobs=None,
             num_parallel_tree=None, random_state=None, ...), 'estimator__eta': 0.1, 'estimator__gamma': 0, 'estimator__max_delta_step': 3, 'estimator__max_depth': 9, 'estimator__min_child_weight': 1, 'estimator__random_state': 42}",0.012720148727520718,0.014935370112455909,0.011762789296556327,0.01529497275233496,0.01952024745571382,0.02879622435564342,0.020215659592026824,0.015892408893509957,0.010543011013135825,0.006518011867021262,0.015619884406591903,0.0058523729358014726,217,0.6046365710357695,0.680353939208025,0.6805673742021715,0.6125967820452202,0.6727245596147645,0.5179477402471226,0.641594739582947,0.6569403201315382,0.6936693203907229,0.6919884181233042,0.6453019764581585,0.05180242397943051,197,0.06663030121926321,0.09652093675792542,0.08459768982018538,0.09771777215959898,0.11502426072661878,0.11530356285823057,0.08366253358812512,0.09807521086793002,0.07223017383274152,0.06351499289819468,0.08932774347288137,0.01749849668920667,172
431,0.07642464637756348,0.00622338075926949,0.005701613426208496,0.0007810755892882879,"XGBRegressor(base_score=None, booster=None, callbacks=None,
             colsample_bylevel=None, colsample_bynode=None,
             colsample_bytree=None, device=None, early_stopping_rounds=None,
             enable_categorical=False, eval_metric=None, feature_types=None,
             gamma=None, grow_policy=None, importance_type=None,
             interaction_constraints=None, learning_rate=None, max_bin=None,
             max_cat_threshold=None, max_cat_to_onehot=None,
             max_delta_step=None, max_depth=None, max_leaves=None,
             min_child_weight=None, missing=nan, monotone_constraints=None,
             multi_strategy=None, n_estimators=None, n_jobs=None,
             num_parallel_tree=None, random_state=None, ...)",,,0,,,,,0.1,3,9,10,42,,,,,,"{'estimator': XGBRegressor(base_score=None, booster=None, callbacks=None,
             colsample_bylevel=None, colsample_bynode=None,
             colsample_bytree=None, device=None, early_stopping_rounds=None,
             enable_categorical=False, eval_metric=None, feature_types=None,
             gamma=None, grow_policy=None, importance_type=None,
             interaction_constraints=None, learning_rate=None, max_bin=None,
             max_cat_threshold=None, max_cat_to_onehot=None,
             max_delta_step=None, max_depth=None, max_leaves=None,
             min_child_weight=None, missing=nan, monotone_constraints=None,
             multi_strategy=None, n_estimators=None, n_jobs=None,
             num_parallel_tree=None, random_state=None, ...), 'estimator__eta': 0.1, 'estimator__gamma': 0, 'estimator__max_delta_step': 3, 'estimator__max_depth': 9, 'estimator__min_child_weight': 10, 'estimator__random_state': 42}",0.018171815579177686,0.015989566560482053,0.00568321343988471,0.00774515752056153,0.01549918650877172,0.023733014414882146,0.020450621085079834,0.02047327830686254,0.007700529963756166,0.005474175519995421,0.014092055889945382,0.006499504985741327,109,0.43518967648976237,0.6577920783786492,0.8456655350782013,0.8038244987017621,0.7401414555947967,0.6027064837338838,0.637429085985433,0.558055902734895,0.7762585494589733,0.7413153741073155,0.6798378640263673,0.11937412230136867,105,0.08209022182969444,0.09792330744782787,0.06616933347325955,0.061574602192171375,0.09759561522849455,0.10405380378860357,0.10199490312795984,0.0974593883440977,0.07177662734875535,0.05668775157214091,0.08373255543530052,0.017334817099678587,64
432,0.04981119632720947,0.0029263034263576006,0.005201029777526856,0.0004002220428673125,"XGBRegressor(base_score=None, booster=None, callbacks=None,
             colsample_bylevel=None, colsample_bynode=None,
             colsample_bytree=None, device=None, early_stopping_rounds=None,
             enable_categorical=False, eval_metric=None, feature_types=None,
             gamma=None, grow_policy=None, importance_type=None,
             interaction_constraints=None, learning_rate=None, max_bin=None,
             max_cat_threshold=None, max_cat_to_onehot=None,
             max_delta_step=None, max_depth=None, max_leaves=None,
             min_child_weight=None, missing=nan, monotone_constraints=None,
             multi_strategy=None, n_estimators=None, n_jobs=None,
             num_parallel_tree=None, random_state=None, ...)",,,0,,,,,0.1,6,3,0,42,,,,,,"{'estimator': XGBRegressor(base_score=None, booster=None, callbacks=None,
             colsample_bylevel=None, colsample_bynode=None,
             colsample_bytree=None, device=None, early_stopping_rounds=None,
             enable_categorical=False, eval_metric=None, feature_types=None,
             gamma=None, grow_policy=None, importance_type=None,
             interaction_constraints=None, learning_rate=None, max_bin=None,
             max_cat_threshold=None, max_cat_to_onehot=None,
             max_delta_step=None, max_depth=None, max_leaves=None,
             min_child_weight=None, missing=nan, monotone_constraints=None,
             multi_strategy=None, n_estimators=None, n_jobs=None,
             num_parallel_tree=None, random_state=None, ...), 'estimator__eta': 0.1, 'estimator__gamma': 0, 'estimator__max_delta_step': 6, 'estimator__max_depth': 3, 'estimator__min_child_weight': 0, 'estimator__random_state': 42}",0.009927366870932028,0.01498253395872524,0.00796281326121904,0.007745608724977812,0.014922735164914595,0.021028451895650967,0.019298220658286,0.018803938905429904,0.008853199448271924,0.006289685432444017,0.012981455432085153,0.005196926699412873,3,0.691440887150492,0.6793445408765288,0.7837602727855011,0.8038130702379358,0.749806208454591,0.6479811856509363,0.6578600975579008,0.594090908156959,0.7427673555185845,0.7027780864659214,0.7053642612855351,0.061661152506681416,3,0.06354261636976143,0.09962082293456745,0.07269317860933461,0.06511037059264037,0.09946671580134848,0.10164852193606795,0.08782503412065831,0.08814020466015801,0.06629136596081286,0.0627934963634449,0.08071323273487943,0.015443192330557194,3
433,0.05251150131225586,0.0024599619087638837,0.005701303482055664,0.0004582563247690299,"XGBRegressor(base_score=None, booster=None, callbacks=None,
             colsample_bylevel=None, colsample_bynode=None,
             colsample_bytree=None, device=None, early_stopping_rounds=None,
             enable_categorical=False, eval_metric=None, feature_types=None,
             gamma=None, grow_policy=None, importance_type=None,
             interaction_constraints=None, learning_rate=None, max_bin=None,
             max_cat_threshold=None, max_cat_to_onehot=None,
             max_delta_step=None, max_depth=None, max_leaves=None,
             min_child_weight=None, missing=nan, monotone_constraints=None,
             multi_strategy=None, n_estimators=None, n_jobs=None,
             num_parallel_tree=None, random_state=None, ...)",,,0,,,,,0.1,6,3,1,42,,,,,,"{'estimator': XGBRegressor(base_score=None, booster=None, callbacks=None,
             colsample_bylevel=None, colsample_bynode=None,
             colsample_bytree=None, device=None, early_stopping_rounds=None,
             enable_categorical=False, eval_metric=None, feature_types=None,
             gamma=None, grow_policy=None, importance_type=None,
             interaction_constraints=None, learning_rate=None, max_bin=None,
             max_cat_threshold=None, max_cat_to_onehot=None,
             max_delta_step=None, max_depth=None, max_leaves=None,
             min_child_weight=None, missing=nan, monotone_constraints=None,
             multi_strategy=None, n_estimators=None, n_jobs=None,
             num_parallel_tree=None, random_state=None, ...), 'estimator__eta': 0.1, 'estimator__gamma': 0, 'estimator__max_delta_step': 6, 'estimator__max_depth': 3, 'estimator__min_child_weight': 1, 'estimator__random_state': 42}",0.009927366870932028,0.01498253395872524,0.00796281326121904,0.007745608724977812,0.014922735164914595,0.021028451895650967,0.019298220658286,0.018803938905429904,0.008853199448271924,0.006289685432444017,0.012981455432085153,0.005196926699412873,3,0.691440887150492,0.6793445408765288,0.7837602727855011,0.8038130702379358,0.749806208454591,0.6479811856509363,0.6578600975579008,0.594090908156959,0.7427673555185845,0.7027780864659214,0.7053642612855351,0.061661152506681416,3,0.06354261636976143,0.09962082293456745,0.07269317860933461,0.06511037059264037,0.09946671580134848,0.10164852193606795,0.08782503412065831,0.08814020466015801,0.06629136596081286,0.0627934963634449,0.08071323273487943,0.015443192330557194,3
434,0.051112031936645506,0.004743391075513875,0.00550076961517334,0.0006713943000962812,"XGBRegressor(base_score=None, booster=None, callbacks=None,
             colsample_bylevel=None, colsample_bynode=None,
             colsample_bytree=None, device=None, early_stopping_rounds=None,
             enable_categorical=False, eval_metric=None, feature_types=None,
             gamma=None, grow_policy=None, importance_type=None,
             interaction_constraints=None, learning_rate=None, max_bin=None,
             max_cat_threshold=None, max_cat_to_onehot=None,
             max_delta_step=None, max_depth=None, max_leaves=None,
             min_child_weight=None, missing=nan, monotone_constraints=None,
             multi_strategy=None, n_estimators=None, n_jobs=None,
             num_parallel_tree=None, random_state=None, ...)",,,0,,,,,0.1,6,3,10,42,,,,,,"{'estimator': XGBRegressor(base_score=None, booster=None, callbacks=None,
             colsample_bylevel=None, colsample_bynode=None,
             colsample_bytree=None, device=None, early_stopping_rounds=None,
             enable_categorical=False, eval_metric=None, feature_types=None,
             gamma=None, grow_policy=None, importance_type=None,
             interaction_constraints=None, learning_rate=None, max_bin=None,
             max_cat_threshold=None, max_cat_to_onehot=None,
             max_delta_step=None, max_depth=None, max_leaves=None,
             min_child_weight=None, missing=nan, monotone_constraints=None,
             multi_strategy=None, n_estimators=None, n_jobs=None,
             num_parallel_tree=None, random_state=None, ...), 'estimator__eta': 0.1, 'estimator__gamma': 0, 'estimator__max_delta_step': 6, 'estimator__max_depth': 3, 'estimator__min_child_weight': 10, 'estimator__random_state': 42}",0.015656701367892784,0.01881512308272787,0.007897835911479868,0.007624792171310324,0.014482649987333649,0.022409038967001797,0.01964204204448184,0.020663825172823534,0.009865030590311569,0.0052054159714659855,0.014226245526682921,0.005873028628752434,115,0.5133636192722757,0.5973196558621352,0.785524810508764,0.8068732078681808,0.7571846533552811,0.6248699919989169,0.651764457052306,0.5539426844509625,0.7133682663015996,0.7540157274322089,0.6758227074102631,0.09692150006614109,115,0.07686975953724282,0.10829540796218765,0.07202104777752362,0.06476480440656561,0.08829694902694742,0.10051652031072242,0.09444266694353223,0.09605679686683902,0.07728703962526874,0.05538663147900705,0.08339376239358365,0.01600119850331499,61
435,0.09252088069915772,0.004433798918952033,0.005201315879821778,0.0004000194202882106,"XGBRegressor(base_score=None, booster=None, callbacks=None,
             colsample_bylevel=None, colsample_bynode=None,
             colsample_bytree=None, device=None, early_stopping_rounds=None,
             enable_categorical=False, eval_metric=None, feature_types=None,
             gamma=None, grow_policy=None, importance_type=None,
             interaction_constraints=None, learning_rate=None, max_bin=None,
             max_cat_threshold=None, max_cat_to_onehot=None,
             max_delta_step=None, max_depth=None, max_leaves=None,
             min_child_weight=None, missing=nan, monotone_constraints=None,
             multi_strategy=None, n_estimators=None, n_jobs=None,
             num_parallel_tree=None, random_state=None, ...)",,,0,,,,,0.1,6,6,0,42,,,,,,"{'estimator': XGBRegressor(base_score=None, booster=None, callbacks=None,
             colsample_bylevel=None, colsample_bynode=None,
             colsample_bytree=None, device=None, early_stopping_rounds=None,
             enable_categorical=False, eval_metric=None, feature_types=None,
             gamma=None, grow_policy=None, importance_type=None,
             interaction_constraints=None, learning_rate=None, max_bin=None,
             max_cat_threshold=None, max_cat_to_onehot=None,
             max_delta_step=None, max_depth=None, max_leaves=None,
             min_child_weight=None, missing=nan, monotone_constraints=None,
             multi_strategy=None, n_estimators=None, n_jobs=None,
             num_parallel_tree=None, random_state=None, ...), 'estimator__eta': 0.1, 'estimator__gamma': 0, 'estimator__max_delta_step': 6, 'estimator__max_depth': 6, 'estimator__min_child_weight': 0, 'estimator__random_state': 42}",0.012088668693445243,0.014672632346720485,0.009954248969262985,0.013233169607353955,0.0176132039747237,0.03370472042983013,0.020231103738414337,0.016428657606944445,0.00993766523123146,0.006106396362347577,0.015397046696027431,0.007255426804093156,206,0.6242640232725792,0.6859770400221503,0.7296804519802208,0.6648197696953935,0.7046979501412327,0.43577892549811137,0.6413209289124251,0.645364648174354,0.7112578427339448,0.7114394938970364,0.6554601074327449,0.08045734407456118,167,0.0716543570531915,0.09973491088128042,0.08342018904382803,0.08561411887953452,0.10758779274753069,0.1285872245988538,0.07906549739234521,0.09332686222454763,0.07374209983726024,0.06536936129441405,0.08881024139527861,0.01810974630220457,162
436,0.08531951904296875,0.0022387329431971985,0.005000972747802734,2.86102294921875e-07,"XGBRegressor(base_score=None, booster=None, callbacks=None,
             colsample_bylevel=None, colsample_bynode=None,
             colsample_bytree=None, device=None, early_stopping_rounds=None,
             enable_categorical=False, eval_metric=None, feature_types=None,
             gamma=None, grow_policy=None, importance_type=None,
             interaction_constraints=None, learning_rate=None, max_bin=None,
             max_cat_threshold=None, max_cat_to_onehot=None,
             max_delta_step=None, max_depth=None, max_leaves=None,
             min_child_weight=None, missing=nan, monotone_constraints=None,
             multi_strategy=None, n_estimators=None, n_jobs=None,
             num_parallel_tree=None, random_state=None, ...)",,,0,,,,,0.1,6,6,1,42,,,,,,"{'estimator': XGBRegressor(base_score=None, booster=None, callbacks=None,
             colsample_bylevel=None, colsample_bynode=None,
             colsample_bytree=None, device=None, early_stopping_rounds=None,
             enable_categorical=False, eval_metric=None, feature_types=None,
             gamma=None, grow_policy=None, importance_type=None,
             interaction_constraints=None, learning_rate=None, max_bin=None,
             max_cat_threshold=None, max_cat_to_onehot=None,
             max_delta_step=None, max_depth=None, max_leaves=None,
             min_child_weight=None, missing=nan, monotone_constraints=None,
             multi_strategy=None, n_estimators=None, n_jobs=None,
             num_parallel_tree=None, random_state=None, ...), 'estimator__eta': 0.1, 'estimator__gamma': 0, 'estimator__max_delta_step': 6, 'estimator__max_depth': 6, 'estimator__min_child_weight': 1, 'estimator__random_state': 42}",0.012088668693445243,0.014672632346720485,0.009954248969262985,0.013233169607353955,0.0176132039747237,0.03370472042983013,0.020231103738414337,0.016428657606944445,0.00993766523123146,0.006106396362347577,0.015397046696027431,0.007255426804093156,206,0.6242640232725792,0.6859770400221503,0.7296804519802208,0.6648197696953935,0.7046979501412327,0.43577892549811137,0.6413209289124251,0.645364648174354,0.7112578427339448,0.7114394938970364,0.6554601074327449,0.08045734407456118,167,0.0716543570531915,0.09973491088128042,0.08342018904382803,0.08561411887953452,0.10758779274753069,0.1285872245988538,0.07906549739234521,0.09332686222454763,0.07374209983726024,0.06536936129441405,0.08881024139527861,0.01810974630220457,162
437,0.06171412467956543,0.0017352629230634935,0.005201029777526856,0.0004002810944623909,"XGBRegressor(base_score=None, booster=None, callbacks=None,
             colsample_bylevel=None, colsample_bynode=None,
             colsample_bytree=None, device=None, early_stopping_rounds=None,
             enable_categorical=False, eval_metric=None, feature_types=None,
             gamma=None, grow_policy=None, importance_type=None,
             interaction_constraints=None, learning_rate=None, max_bin=None,
             max_cat_threshold=None, max_cat_to_onehot=None,
             max_delta_step=None, max_depth=None, max_leaves=None,
             min_child_weight=None, missing=nan, monotone_constraints=None,
             multi_strategy=None, n_estimators=None, n_jobs=None,
             num_parallel_tree=None, random_state=None, ...)",,,0,,,,,0.1,6,6,10,42,,,,,,"{'estimator': XGBRegressor(base_score=None, booster=None, callbacks=None,
             colsample_bylevel=None, colsample_bynode=None,
             colsample_bytree=None, device=None, early_stopping_rounds=None,
             enable_categorical=False, eval_metric=None, feature_types=None,
             gamma=None, grow_policy=None, importance_type=None,
             interaction_constraints=None, learning_rate=None, max_bin=None,
             max_cat_threshold=None, max_cat_to_onehot=None,
             max_delta_step=None, max_depth=None, max_leaves=None,
             min_child_weight=None, missing=nan, monotone_constraints=None,
             multi_strategy=None, n_estimators=None, n_jobs=None,
             num_parallel_tree=None, random_state=None, ...), 'estimator__eta': 0.1, 'estimator__gamma': 0, 'estimator__max_delta_step': 6, 'estimator__max_depth': 6, 'estimator__min_child_weight': 10, 'estimator__random_state': 42}",0.018009019701078613,0.016297907028370383,0.0056416708369066305,0.00846416534362056,0.015532603519465595,0.023085239377705766,0.02021879234940178,0.02153405240819513,0.007399775662258339,0.005613660073327024,0.014179688630032983,0.006447916703286087,112,0.44024964378772624,0.651192990763066,0.8467936741970112,0.785612897484937,0.739581187754135,0.6135503157802604,0.641539198643623,0.5351576230559394,0.7849970653780457,0.7347239688144827,0.6773398565659227,0.1190195990957706,112,0.0847694524749934,0.10100580519171756,0.06493234850134884,0.06708143306286271,0.09739323860019997,0.1028173551032754,0.10074522837116427,0.10163073521714266,0.07089623644639508,0.05678127137440403,0.08480531043435038,0.01723485554711819,75
438,0.13192973136901856,0.006473425244097927,0.005000972747802734,2.431401974483864e-07,"XGBRegressor(base_score=None, booster=None, callbacks=None,
             colsample_bylevel=None, colsample_bynode=None,
             colsample_bytree=None, device=None, early_stopping_rounds=None,
             enable_categorical=False, eval_metric=None, feature_types=None,
             gamma=None, grow_policy=None, importance_type=None,
             interaction_constraints=None, learning_rate=None, max_bin=None,
             max_cat_threshold=None, max_cat_to_onehot=None,
             max_delta_step=None, max_depth=None, max_leaves=None,
             min_child_weight=None, missing=nan, monotone_constraints=None,
             multi_strategy=None, n_estimators=None, n_jobs=None,
             num_parallel_tree=None, random_state=None, ...)",,,0,,,,,0.1,6,9,0,42,,,,,,"{'estimator': XGBRegressor(base_score=None, booster=None, callbacks=None,
             colsample_bylevel=None, colsample_bynode=None,
             colsample_bytree=None, device=None, early_stopping_rounds=None,
             enable_categorical=False, eval_metric=None, feature_types=None,
             gamma=None, grow_policy=None, importance_type=None,
             interaction_constraints=None, learning_rate=None, max_bin=None,
             max_cat_threshold=None, max_cat_to_onehot=None,
             max_delta_step=None, max_depth=None, max_leaves=None,
             min_child_weight=None, missing=nan, monotone_constraints=None,
             multi_strategy=None, n_estimators=None, n_jobs=None,
             num_parallel_tree=None, random_state=None, ...), 'estimator__eta': 0.1, 'estimator__gamma': 0, 'estimator__max_delta_step': 6, 'estimator__max_depth': 9, 'estimator__min_child_weight': 0, 'estimator__random_state': 42}",0.012720148727520718,0.014935370112455909,0.011762789296556327,0.01529497275233496,0.01952024745571382,0.02879622435564342,0.020215659592026824,0.015892408893509957,0.010543011013135825,0.006518011867021262,0.015619884406591903,0.0058523729358014726,217,0.6046365710357695,0.680353939208025,0.6805673742021715,0.6125967820452202,0.6727245596147645,0.5179477402471226,0.641594739582947,0.6569403201315382,0.6936693203907229,0.6919884181233042,0.6453019764581585,0.05180242397943051,197,0.06663030121926321,0.09652093675792542,0.08459768982018538,0.09771777215959898,0.11502426072661878,0.11530356285823057,0.08366253358812512,0.09807521086793002,0.07223017383274152,0.06351499289819468,0.08932774347288137,0.01749849668920667,172
439,0.12162744998931885,0.004716889978063896,0.005201315879821778,0.00040037666062505404,"XGBRegressor(base_score=None, booster=None, callbacks=None,
             colsample_bylevel=None, colsample_bynode=None,
             colsample_bytree=None, device=None, early_stopping_rounds=None,
             enable_categorical=False, eval_metric=None, feature_types=None,
             gamma=None, grow_policy=None, importance_type=None,
             interaction_constraints=None, learning_rate=None, max_bin=None,
             max_cat_threshold=None, max_cat_to_onehot=None,
             max_delta_step=None, max_depth=None, max_leaves=None,
             min_child_weight=None, missing=nan, monotone_constraints=None,
             multi_strategy=None, n_estimators=None, n_jobs=None,
             num_parallel_tree=None, random_state=None, ...)",,,0,,,,,0.1,6,9,1,42,,,,,,"{'estimator': XGBRegressor(base_score=None, booster=None, callbacks=None,
             colsample_bylevel=None, colsample_bynode=None,
             colsample_bytree=None, device=None, early_stopping_rounds=None,
             enable_categorical=False, eval_metric=None, feature_types=None,
             gamma=None, grow_policy=None, importance_type=None,
             interaction_constraints=None, learning_rate=None, max_bin=None,
             max_cat_threshold=None, max_cat_to_onehot=None,
             max_delta_step=None, max_depth=None, max_leaves=None,
             min_child_weight=None, missing=nan, monotone_constraints=None,
             multi_strategy=None, n_estimators=None, n_jobs=None,
             num_parallel_tree=None, random_state=None, ...), 'estimator__eta': 0.1, 'estimator__gamma': 0, 'estimator__max_delta_step': 6, 'estimator__max_depth': 9, 'estimator__min_child_weight': 1, 'estimator__random_state': 42}",0.012720148727520718,0.014935370112455909,0.011762789296556327,0.01529497275233496,0.01952024745571382,0.02879622435564342,0.020215659592026824,0.015892408893509957,0.010543011013135825,0.006518011867021262,0.015619884406591903,0.0058523729358014726,217,0.6046365710357695,0.680353939208025,0.6805673742021715,0.6125967820452202,0.6727245596147645,0.5179477402471226,0.641594739582947,0.6569403201315382,0.6936693203907229,0.6919884181233042,0.6453019764581585,0.05180242397943051,197,0.06663030121926321,0.09652093675792542,0.08459768982018538,0.09771777215959898,0.11502426072661878,0.11530356285823057,0.08366253358812512,0.09807521086793002,0.07223017383274152,0.06351499289819468,0.08932774347288137,0.01749849668920667,172
440,0.06831574440002441,0.0011002368070921825,0.005200624465942383,0.00040024533435111654,"XGBRegressor(base_score=None, booster=None, callbacks=None,
             colsample_bylevel=None, colsample_bynode=None,
             colsample_bytree=None, device=None, early_stopping_rounds=None,
             enable_categorical=False, eval_metric=None, feature_types=None,
             gamma=None, grow_policy=None, importance_type=None,
             interaction_constraints=None, learning_rate=None, max_bin=None,
             max_cat_threshold=None, max_cat_to_onehot=None,
             max_delta_step=None, max_depth=None, max_leaves=None,
             min_child_weight=None, missing=nan, monotone_constraints=None,
             multi_strategy=None, n_estimators=None, n_jobs=None,
             num_parallel_tree=None, random_state=None, ...)",,,0,,,,,0.1,6,9,10,42,,,,,,"{'estimator': XGBRegressor(base_score=None, booster=None, callbacks=None,
             colsample_bylevel=None, colsample_bynode=None,
             colsample_bytree=None, device=None, early_stopping_rounds=None,
             enable_categorical=False, eval_metric=None, feature_types=None,
             gamma=None, grow_policy=None, importance_type=None,
             interaction_constraints=None, learning_rate=None, max_bin=None,
             max_cat_threshold=None, max_cat_to_onehot=None,
             max_delta_step=None, max_depth=None, max_leaves=None,
             min_child_weight=None, missing=nan, monotone_constraints=None,
             multi_strategy=None, n_estimators=None, n_jobs=None,
             num_parallel_tree=None, random_state=None, ...), 'estimator__eta': 0.1, 'estimator__gamma': 0, 'estimator__max_delta_step': 6, 'estimator__max_depth': 9, 'estimator__min_child_weight': 10, 'estimator__random_state': 42}",0.018171815579177686,0.015989566560482053,0.00568321343988471,0.00774515752056153,0.01549918650877172,0.023733014414882146,0.020450621085079834,0.02047327830686254,0.007700529963756166,0.005474175519995421,0.014092055889945382,0.006499504985741327,109,0.43518967648976237,0.6577920783786492,0.8456655350782013,0.8038244987017621,0.7401414555947967,0.6027064837338838,0.637429085985433,0.558055902734895,0.7762585494589733,0.7413153741073155,0.6798378640263673,0.11937412230136867,105,0.08209022182969444,0.09792330744782787,0.06616933347325955,0.061574602192171375,0.09759561522849455,0.10405380378860357,0.10199490312795984,0.0974593883440977,0.07177662734875535,0.05668775157214091,0.08373255543530052,0.017334817099678587,64
441,0.029907035827636718,0.0030485630967698953,0.005101060867309571,0.0003001378037883139,"XGBRegressor(base_score=None, booster=None, callbacks=None,
             colsample_bylevel=None, colsample_bynode=None,
             colsample_bytree=None, device=None, early_stopping_rounds=None,
             enable_categorical=False, eval_metric=None, feature_types=None,
             gamma=None, grow_policy=None, importance_type=None,
             interaction_constraints=None, learning_rate=None, max_bin=None,
             max_cat_threshold=None, max_cat_to_onehot=None,
             max_delta_step=None, max_depth=None, max_leaves=None,
             min_child_weight=None, missing=nan, monotone_constraints=None,
             multi_strategy=None, n_estimators=None, n_jobs=None,
             num_parallel_tree=None, random_state=None, ...)",,,10,,,,,0.1,0,3,0,42,,,,,,"{'estimator': XGBRegressor(base_score=None, booster=None, callbacks=None,
             colsample_bylevel=None, colsample_bynode=None,
             colsample_bytree=None, device=None, early_stopping_rounds=None,
             enable_categorical=False, eval_metric=None, feature_types=None,
             gamma=None, grow_policy=None, importance_type=None,
             interaction_constraints=None, learning_rate=None, max_bin=None,
             max_cat_threshold=None, max_cat_to_onehot=None,
             max_delta_step=None, max_depth=None, max_leaves=None,
             min_child_weight=None, missing=nan, monotone_constraints=None,
             multi_strategy=None, n_estimators=None, n_jobs=None,
             num_parallel_tree=None, random_state=None, ...), 'estimator__eta': 0.1, 'estimator__gamma': 10, 'estimator__max_delta_step': 0, 'estimator__max_depth': 3, 'estimator__min_child_weight': 0, 'estimator__random_state': 42}",0.03599063436210516,0.05799454693120446,0.037869750305241666,0.04029670713212541,0.06181477486725849,0.06275382538843341,0.0585904735445141,0.04645832659715925,0.03450532229957629,0.02795477719537449,0.04642291386229928,0.012199106700667508,589,0.11864891809116473,0.24119645742924045,0.028398407327837605,0.02066700403787869,0.03638325860846092,0.05050658596856494,0.03875581368426939,0.0028673913716468213,0.0025635766667464477,0.32101556741915505,0.0861002980604965,0.10382520714439339,606,0.16735711752593546,0.20491798351024226,0.17227371208473763,0.17249387732608762,0.22654835006323465,0.1898865125617788,0.19731434715480983,0.1877474386673681,0.17047527330852666,0.14259692533902762,0.18316115375417485,0.022160479939809095,631
442,0.029006648063659667,0.001183513078494911,0.005200982093811035,0.00039988778123978925,"XGBRegressor(base_score=None, booster=None, callbacks=None,
             colsample_bylevel=None, colsample_bynode=None,
             colsample_bytree=None, device=None, early_stopping_rounds=None,
             enable_categorical=False, eval_metric=None, feature_types=None,
             gamma=None, grow_policy=None, importance_type=None,
             interaction_constraints=None, learning_rate=None, max_bin=None,
             max_cat_threshold=None, max_cat_to_onehot=None,
             max_delta_step=None, max_depth=None, max_leaves=None,
             min_child_weight=None, missing=nan, monotone_constraints=None,
             multi_strategy=None, n_estimators=None, n_jobs=None,
             num_parallel_tree=None, random_state=None, ...)",,,10,,,,,0.1,0,3,1,42,,,,,,"{'estimator': XGBRegressor(base_score=None, booster=None, callbacks=None,
             colsample_bylevel=None, colsample_bynode=None,
             colsample_bytree=None, device=None, early_stopping_rounds=None,
             enable_categorical=False, eval_metric=None, feature_types=None,
             gamma=None, grow_policy=None, importance_type=None,
             interaction_constraints=None, learning_rate=None, max_bin=None,
             max_cat_threshold=None, max_cat_to_onehot=None,
             max_delta_step=None, max_depth=None, max_leaves=None,
             min_child_weight=None, missing=nan, monotone_constraints=None,
             multi_strategy=None, n_estimators=None, n_jobs=None,
             num_parallel_tree=None, random_state=None, ...), 'estimator__eta': 0.1, 'estimator__gamma': 10, 'estimator__max_delta_step': 0, 'estimator__max_depth': 3, 'estimator__min_child_weight': 1, 'estimator__random_state': 42}",0.03599063436210516,0.05799454693120446,0.037869750305241666,0.04029670713212541,0.06181477486725849,0.06275382538843341,0.0585904735445141,0.04645832659715925,0.03450532229957629,0.02795477719537449,0.04642291386229928,0.012199106700667508,589,0.11864891809116473,0.24119645742924045,0.028398407327837605,0.02066700403787869,0.03638325860846092,0.05050658596856494,0.03875581368426939,0.0028673913716468213,0.0025635766667464477,0.32101556741915505,0.0861002980604965,0.10382520714439339,606,0.16735711752593546,0.20491798351024226,0.17227371208473763,0.17249387732608762,0.22654835006323465,0.1898865125617788,0.19731434715480983,0.1877474386673681,0.17047527330852666,0.14259692533902762,0.18316115375417485,0.022160479939809095,631
443,0.02850663661956787,0.0006709673253860169,0.005100750923156738,0.0005386678861441852,"XGBRegressor(base_score=None, booster=None, callbacks=None,
             colsample_bylevel=None, colsample_bynode=None,
             colsample_bytree=None, device=None, early_stopping_rounds=None,
             enable_categorical=False, eval_metric=None, feature_types=None,
             gamma=None, grow_policy=None, importance_type=None,
             interaction_constraints=None, learning_rate=None, max_bin=None,
             max_cat_threshold=None, max_cat_to_onehot=None,
             max_delta_step=None, max_depth=None, max_leaves=None,
             min_child_weight=None, missing=nan, monotone_constraints=None,
             multi_strategy=None, n_estimators=None, n_jobs=None,
             num_parallel_tree=None, random_state=None, ...)",,,10,,,,,0.1,0,3,10,42,,,,,,"{'estimator': XGBRegressor(base_score=None, booster=None, callbacks=None,
             colsample_bylevel=None, colsample_bynode=None,
             colsample_bytree=None, device=None, early_stopping_rounds=None,
             enable_categorical=False, eval_metric=None, feature_types=None,
             gamma=None, grow_policy=None, importance_type=None,
             interaction_constraints=None, learning_rate=None, max_bin=None,
             max_cat_threshold=None, max_cat_to_onehot=None,
             max_delta_step=None, max_depth=None, max_leaves=None,
             min_child_weight=None, missing=nan, monotone_constraints=None,
             multi_strategy=None, n_estimators=None, n_jobs=None,
             num_parallel_tree=None, random_state=None, ...), 'estimator__eta': 0.1, 'estimator__gamma': 10, 'estimator__max_delta_step': 0, 'estimator__max_depth': 3, 'estimator__min_child_weight': 10, 'estimator__random_state': 42}",0.03599063436210516,0.05799454693120446,0.037869750305241666,0.04029670713212541,0.06181477486725849,0.06275382538843341,0.0585904735445141,0.04645832659715925,0.03450532229957629,0.02795477719537449,0.04642291386229928,0.012199106700667508,589,0.11864891809116473,0.24119645742924045,0.028398407327837605,0.02066700403787869,0.03638325860846092,0.05050658596856494,0.03875581368426939,0.0028673913716468213,0.0025635766667464477,0.32101556741915505,0.0861002980604965,0.10382520714439339,606,0.16735711752593546,0.20491798351024226,0.17227371208473763,0.17249387732608762,0.22654835006323465,0.1898865125617788,0.19731434715480983,0.1877474386673681,0.17047527330852666,0.14259692533902762,0.18316115375417485,0.022160479939809095,631
444,0.028406667709350585,0.000663478201036702,0.005101060867309571,0.0005386545976300627,"XGBRegressor(base_score=None, booster=None, callbacks=None,
             colsample_bylevel=None, colsample_bynode=None,
             colsample_bytree=None, device=None, early_stopping_rounds=None,
             enable_categorical=False, eval_metric=None, feature_types=None,
             gamma=None, grow_policy=None, importance_type=None,
             interaction_constraints=None, learning_rate=None, max_bin=None,
             max_cat_threshold=None, max_cat_to_onehot=None,
             max_delta_step=None, max_depth=None, max_leaves=None,
             min_child_weight=None, missing=nan, monotone_constraints=None,
             multi_strategy=None, n_estimators=None, n_jobs=None,
             num_parallel_tree=None, random_state=None, ...)",,,10,,,,,0.1,0,6,0,42,,,,,,"{'estimator': XGBRegressor(base_score=None, booster=None, callbacks=None,
             colsample_bylevel=None, colsample_bynode=None,
             colsample_bytree=None, device=None, early_stopping_rounds=None,
             enable_categorical=False, eval_metric=None, feature_types=None,
             gamma=None, grow_policy=None, importance_type=None,
             interaction_constraints=None, learning_rate=None, max_bin=None,
             max_cat_threshold=None, max_cat_to_onehot=None,
             max_delta_step=None, max_depth=None, max_leaves=None,
             min_child_weight=None, missing=nan, monotone_constraints=None,
             multi_strategy=None, n_estimators=None, n_jobs=None,
             num_parallel_tree=None, random_state=None, ...), 'estimator__eta': 0.1, 'estimator__gamma': 10, 'estimator__max_delta_step': 0, 'estimator__max_depth': 6, 'estimator__min_child_weight': 0, 'estimator__random_state': 42}",0.03599063436210516,0.05799454693120446,0.037869750305241666,0.04029670713212541,0.06181477486725849,0.06275382538843341,0.0585904735445141,0.04645832659715925,0.03450532229957629,0.02795477719537449,0.04642291386229928,0.012199106700667508,589,0.11864891809116473,0.24119645742924045,0.028398407327837605,0.02066700403787869,0.03638325860846092,0.05050658596856494,0.03875581368426939,0.0028673913716468213,0.0025635766667464477,0.32101556741915505,0.0861002980604965,0.10382520714439339,606,0.16735711752593546,0.20491798351024226,0.17227371208473763,0.17249387732608762,0.22654835006323465,0.1898865125617788,0.19731434715480983,0.1877474386673681,0.17047527330852666,0.14259692533902762,0.18316115375417485,0.022160479939809095,631
445,0.028306293487548827,0.0009002528249853521,0.005001091957092285,0.00044760784872150105,"XGBRegressor(base_score=None, booster=None, callbacks=None,
             colsample_bylevel=None, colsample_bynode=None,
             colsample_bytree=None, device=None, early_stopping_rounds=None,
             enable_categorical=False, eval_metric=None, feature_types=None,
             gamma=None, grow_policy=None, importance_type=None,
             interaction_constraints=None, learning_rate=None, max_bin=None,
             max_cat_threshold=None, max_cat_to_onehot=None,
             max_delta_step=None, max_depth=None, max_leaves=None,
             min_child_weight=None, missing=nan, monotone_constraints=None,
             multi_strategy=None, n_estimators=None, n_jobs=None,
             num_parallel_tree=None, random_state=None, ...)",,,10,,,,,0.1,0,6,1,42,,,,,,"{'estimator': XGBRegressor(base_score=None, booster=None, callbacks=None,
             colsample_bylevel=None, colsample_bynode=None,
             colsample_bytree=None, device=None, early_stopping_rounds=None,
             enable_categorical=False, eval_metric=None, feature_types=None,
             gamma=None, grow_policy=None, importance_type=None,
             interaction_constraints=None, learning_rate=None, max_bin=None,
             max_cat_threshold=None, max_cat_to_onehot=None,
             max_delta_step=None, max_depth=None, max_leaves=None,
             min_child_weight=None, missing=nan, monotone_constraints=None,
             multi_strategy=None, n_estimators=None, n_jobs=None,
             num_parallel_tree=None, random_state=None, ...), 'estimator__eta': 0.1, 'estimator__gamma': 10, 'estimator__max_delta_step': 0, 'estimator__max_depth': 6, 'estimator__min_child_weight': 1, 'estimator__random_state': 42}",0.03599063436210516,0.05799454693120446,0.037869750305241666,0.04029670713212541,0.06181477486725849,0.06275382538843341,0.0585904735445141,0.04645832659715925,0.03450532229957629,0.02795477719537449,0.04642291386229928,0.012199106700667508,589,0.11864891809116473,0.24119645742924045,0.028398407327837605,0.02066700403787869,0.03638325860846092,0.05050658596856494,0.03875581368426939,0.0028673913716468213,0.0025635766667464477,0.32101556741915505,0.0861002980604965,0.10382520714439339,606,0.16735711752593546,0.20491798351024226,0.17227371208473763,0.17249387732608762,0.22654835006323465,0.1898865125617788,0.19731434715480983,0.1877474386673681,0.17047527330852666,0.14259692533902762,0.18316115375417485,0.022160479939809095,631
446,0.028606367111206055,0.0006632266461550552,0.005101203918457031,0.0003006461874818282,"XGBRegressor(base_score=None, booster=None, callbacks=None,
             colsample_bylevel=None, colsample_bynode=None,
             colsample_bytree=None, device=None, early_stopping_rounds=None,
             enable_categorical=False, eval_metric=None, feature_types=None,
             gamma=None, grow_policy=None, importance_type=None,
             interaction_constraints=None, learning_rate=None, max_bin=None,
             max_cat_threshold=None, max_cat_to_onehot=None,
             max_delta_step=None, max_depth=None, max_leaves=None,
             min_child_weight=None, missing=nan, monotone_constraints=None,
             multi_strategy=None, n_estimators=None, n_jobs=None,
             num_parallel_tree=None, random_state=None, ...)",,,10,,,,,0.1,0,6,10,42,,,,,,"{'estimator': XGBRegressor(base_score=None, booster=None, callbacks=None,
             colsample_bylevel=None, colsample_bynode=None,
             colsample_bytree=None, device=None, early_stopping_rounds=None,
             enable_categorical=False, eval_metric=None, feature_types=None,
             gamma=None, grow_policy=None, importance_type=None,
             interaction_constraints=None, learning_rate=None, max_bin=None,
             max_cat_threshold=None, max_cat_to_onehot=None,
             max_delta_step=None, max_depth=None, max_leaves=None,
             min_child_weight=None, missing=nan, monotone_constraints=None,
             multi_strategy=None, n_estimators=None, n_jobs=None,
             num_parallel_tree=None, random_state=None, ...), 'estimator__eta': 0.1, 'estimator__gamma': 10, 'estimator__max_delta_step': 0, 'estimator__max_depth': 6, 'estimator__min_child_weight': 10, 'estimator__random_state': 42}",0.03599063436210516,0.05799454693120446,0.037869750305241666,0.04029670713212541,0.06181477486725849,0.06275382538843341,0.0585904735445141,0.04645832659715925,0.03450532229957629,0.02795477719537449,0.04642291386229928,0.012199106700667508,589,0.11864891809116473,0.24119645742924045,0.028398407327837605,0.02066700403787869,0.03638325860846092,0.05050658596856494,0.03875581368426939,0.0028673913716468213,0.0025635766667464477,0.32101556741915505,0.0861002980604965,0.10382520714439339,606,0.16735711752593546,0.20491798351024226,0.17227371208473763,0.17249387732608762,0.22654835006323465,0.1898865125617788,0.19731434715480983,0.1877474386673681,0.17047527330852666,0.14259692533902762,0.18316115375417485,0.022160479939809095,631
447,0.028906798362731932,0.001136041535177821,0.005000972747802734,0.00044750120885419755,"XGBRegressor(base_score=None, booster=None, callbacks=None,
             colsample_bylevel=None, colsample_bynode=None,
             colsample_bytree=None, device=None, early_stopping_rounds=None,
             enable_categorical=False, eval_metric=None, feature_types=None,
             gamma=None, grow_policy=None, importance_type=None,
             interaction_constraints=None, learning_rate=None, max_bin=None,
             max_cat_threshold=None, max_cat_to_onehot=None,
             max_delta_step=None, max_depth=None, max_leaves=None,
             min_child_weight=None, missing=nan, monotone_constraints=None,
             multi_strategy=None, n_estimators=None, n_jobs=None,
             num_parallel_tree=None, random_state=None, ...)",,,10,,,,,0.1,0,9,0,42,,,,,,"{'estimator': XGBRegressor(base_score=None, booster=None, callbacks=None,
             colsample_bylevel=None, colsample_bynode=None,
             colsample_bytree=None, device=None, early_stopping_rounds=None,
             enable_categorical=False, eval_metric=None, feature_types=None,
             gamma=None, grow_policy=None, importance_type=None,
             interaction_constraints=None, learning_rate=None, max_bin=None,
             max_cat_threshold=None, max_cat_to_onehot=None,
             max_delta_step=None, max_depth=None, max_leaves=None,
             min_child_weight=None, missing=nan, monotone_constraints=None,
             multi_strategy=None, n_estimators=None, n_jobs=None,
             num_parallel_tree=None, random_state=None, ...), 'estimator__eta': 0.1, 'estimator__gamma': 10, 'estimator__max_delta_step': 0, 'estimator__max_depth': 9, 'estimator__min_child_weight': 0, 'estimator__random_state': 42}",0.03599063436210516,0.05799454693120446,0.037869750305241666,0.04029670713212541,0.06181477486725849,0.06275382538843341,0.0585904735445141,0.04645832659715925,0.03450532229957629,0.02795477719537449,0.04642291386229928,0.012199106700667508,589,0.11864891809116473,0.24119645742924045,0.028398407327837605,0.02066700403787869,0.03638325860846092,0.05050658596856494,0.03875581368426939,0.0028673913716468213,0.0025635766667464477,0.32101556741915505,0.0861002980604965,0.10382520714439339,606,0.16735711752593546,0.20491798351024226,0.17227371208473763,0.17249387732608762,0.22654835006323465,0.1898865125617788,0.19731434715480983,0.1877474386673681,0.17047527330852666,0.14259692533902762,0.18316115375417485,0.022160479939809095,631
448,0.029106616973876953,0.0012209460456361397,0.005301237106323242,0.0006405863996789248,"XGBRegressor(base_score=None, booster=None, callbacks=None,
             colsample_bylevel=None, colsample_bynode=None,
             colsample_bytree=None, device=None, early_stopping_rounds=None,
             enable_categorical=False, eval_metric=None, feature_types=None,
             gamma=None, grow_policy=None, importance_type=None,
             interaction_constraints=None, learning_rate=None, max_bin=None,
             max_cat_threshold=None, max_cat_to_onehot=None,
             max_delta_step=None, max_depth=None, max_leaves=None,
             min_child_weight=None, missing=nan, monotone_constraints=None,
             multi_strategy=None, n_estimators=None, n_jobs=None,
             num_parallel_tree=None, random_state=None, ...)",,,10,,,,,0.1,0,9,1,42,,,,,,"{'estimator': XGBRegressor(base_score=None, booster=None, callbacks=None,
             colsample_bylevel=None, colsample_bynode=None,
             colsample_bytree=None, device=None, early_stopping_rounds=None,
             enable_categorical=False, eval_metric=None, feature_types=None,
             gamma=None, grow_policy=None, importance_type=None,
             interaction_constraints=None, learning_rate=None, max_bin=None,
             max_cat_threshold=None, max_cat_to_onehot=None,
             max_delta_step=None, max_depth=None, max_leaves=None,
             min_child_weight=None, missing=nan, monotone_constraints=None,
             multi_strategy=None, n_estimators=None, n_jobs=None,
             num_parallel_tree=None, random_state=None, ...), 'estimator__eta': 0.1, 'estimator__gamma': 10, 'estimator__max_delta_step': 0, 'estimator__max_depth': 9, 'estimator__min_child_weight': 1, 'estimator__random_state': 42}",0.03599063436210516,0.05799454693120446,0.037869750305241666,0.04029670713212541,0.06181477486725849,0.06275382538843341,0.0585904735445141,0.04645832659715925,0.03450532229957629,0.02795477719537449,0.04642291386229928,0.012199106700667508,589,0.11864891809116473,0.24119645742924045,0.028398407327837605,0.02066700403787869,0.03638325860846092,0.05050658596856494,0.03875581368426939,0.0028673913716468213,0.0025635766667464477,0.32101556741915505,0.0861002980604965,0.10382520714439339,606,0.16735711752593546,0.20491798351024226,0.17227371208473763,0.17249387732608762,0.22654835006323465,0.1898865125617788,0.19731434715480983,0.1877474386673681,0.17047527330852666,0.14259692533902762,0.18316115375417485,0.022160479939809095,631
449,0.028657007217407226,0.001141750584447528,0.004900813102722168,0.00030012949035229886,"XGBRegressor(base_score=None, booster=None, callbacks=None,
             colsample_bylevel=None, colsample_bynode=None,
             colsample_bytree=None, device=None, early_stopping_rounds=None,
             enable_categorical=False, eval_metric=None, feature_types=None,
             gamma=None, grow_policy=None, importance_type=None,
             interaction_constraints=None, learning_rate=None, max_bin=None,
             max_cat_threshold=None, max_cat_to_onehot=None,
             max_delta_step=None, max_depth=None, max_leaves=None,
             min_child_weight=None, missing=nan, monotone_constraints=None,
             multi_strategy=None, n_estimators=None, n_jobs=None,
             num_parallel_tree=None, random_state=None, ...)",,,10,,,,,0.1,0,9,10,42,,,,,,"{'estimator': XGBRegressor(base_score=None, booster=None, callbacks=None,
             colsample_bylevel=None, colsample_bynode=None,
             colsample_bytree=None, device=None, early_stopping_rounds=None,
             enable_categorical=False, eval_metric=None, feature_types=None,
             gamma=None, grow_policy=None, importance_type=None,
             interaction_constraints=None, learning_rate=None, max_bin=None,
             max_cat_threshold=None, max_cat_to_onehot=None,
             max_delta_step=None, max_depth=None, max_leaves=None,
             min_child_weight=None, missing=nan, monotone_constraints=None,
             multi_strategy=None, n_estimators=None, n_jobs=None,
             num_parallel_tree=None, random_state=None, ...), 'estimator__eta': 0.1, 'estimator__gamma': 10, 'estimator__max_delta_step': 0, 'estimator__max_depth': 9, 'estimator__min_child_weight': 10, 'estimator__random_state': 42}",0.03599063436210516,0.05799454693120446,0.037869750305241666,0.04029670713212541,0.06181477486725849,0.06275382538843341,0.0585904735445141,0.04645832659715925,0.03450532229957629,0.02795477719537449,0.04642291386229928,0.012199106700667508,589,0.11864891809116473,0.24119645742924045,0.028398407327837605,0.02066700403787869,0.03638325860846092,0.05050658596856494,0.03875581368426939,0.0028673913716468213,0.0025635766667464477,0.32101556741915505,0.0861002980604965,0.10382520714439339,606,0.16735711752593546,0.20491798351024226,0.17227371208473763,0.17249387732608762,0.22654835006323465,0.1898865125617788,0.19731434715480983,0.1877474386673681,0.17047527330852666,0.14259692533902762,0.18316115375417485,0.022160479939809095,631
450,0.02850661277770996,0.0005002976645506974,0.005100893974304199,0.00029995456597312455,"XGBRegressor(base_score=None, booster=None, callbacks=None,
             colsample_bylevel=None, colsample_bynode=None,
             colsample_bytree=None, device=None, early_stopping_rounds=None,
             enable_categorical=False, eval_metric=None, feature_types=None,
             gamma=None, grow_policy=None, importance_type=None,
             interaction_constraints=None, learning_rate=None, max_bin=None,
             max_cat_threshold=None, max_cat_to_onehot=None,
             max_delta_step=None, max_depth=None, max_leaves=None,
             min_child_weight=None, missing=nan, monotone_constraints=None,
             multi_strategy=None, n_estimators=None, n_jobs=None,
             num_parallel_tree=None, random_state=None, ...)",,,10,,,,,0.1,3,3,0,42,,,,,,"{'estimator': XGBRegressor(base_score=None, booster=None, callbacks=None,
             colsample_bylevel=None, colsample_bynode=None,
             colsample_bytree=None, device=None, early_stopping_rounds=None,
             enable_categorical=False, eval_metric=None, feature_types=None,
             gamma=None, grow_policy=None, importance_type=None,
             interaction_constraints=None, learning_rate=None, max_bin=None,
             max_cat_threshold=None, max_cat_to_onehot=None,
             max_delta_step=None, max_depth=None, max_leaves=None,
             min_child_weight=None, missing=nan, monotone_constraints=None,
             multi_strategy=None, n_estimators=None, n_jobs=None,
             num_parallel_tree=None, random_state=None, ...), 'estimator__eta': 0.1, 'estimator__gamma': 10, 'estimator__max_delta_step': 3, 'estimator__max_depth': 3, 'estimator__min_child_weight': 0, 'estimator__random_state': 42}",0.03599063436210516,0.05799454693120446,0.037869750305241666,0.04029670713212541,0.06181477486725849,0.06275382538843341,0.0585904735445141,0.04645832659715925,0.03450532229957629,0.02795477719537449,0.04642291386229928,0.012199106700667508,589,0.11864891809116473,0.24119645742924045,0.028398407327837605,0.02066700403787869,0.03638325860846092,0.05050658596856494,0.03875581368426939,0.0028673913716468213,0.0025635766667464477,0.32101556741915505,0.0861002980604965,0.10382520714439339,606,0.16735711752593546,0.20491798351024226,0.17227371208473763,0.17249387732608762,0.22654835006323465,0.1898865125617788,0.19731434715480983,0.1877474386673681,0.17047527330852666,0.14259692533902762,0.18316115375417485,0.022160479939809095,631
451,0.028806686401367188,0.0009797638661161493,0.005001258850097656,0.0004472349202294936,"XGBRegressor(base_score=None, booster=None, callbacks=None,
             colsample_bylevel=None, colsample_bynode=None,
             colsample_bytree=None, device=None, early_stopping_rounds=None,
             enable_categorical=False, eval_metric=None, feature_types=None,
             gamma=None, grow_policy=None, importance_type=None,
             interaction_constraints=None, learning_rate=None, max_bin=None,
             max_cat_threshold=None, max_cat_to_onehot=None,
             max_delta_step=None, max_depth=None, max_leaves=None,
             min_child_weight=None, missing=nan, monotone_constraints=None,
             multi_strategy=None, n_estimators=None, n_jobs=None,
             num_parallel_tree=None, random_state=None, ...)",,,10,,,,,0.1,3,3,1,42,,,,,,"{'estimator': XGBRegressor(base_score=None, booster=None, callbacks=None,
             colsample_bylevel=None, colsample_bynode=None,
             colsample_bytree=None, device=None, early_stopping_rounds=None,
             enable_categorical=False, eval_metric=None, feature_types=None,
             gamma=None, grow_policy=None, importance_type=None,
             interaction_constraints=None, learning_rate=None, max_bin=None,
             max_cat_threshold=None, max_cat_to_onehot=None,
             max_delta_step=None, max_depth=None, max_leaves=None,
             min_child_weight=None, missing=nan, monotone_constraints=None,
             multi_strategy=None, n_estimators=None, n_jobs=None,
             num_parallel_tree=None, random_state=None, ...), 'estimator__eta': 0.1, 'estimator__gamma': 10, 'estimator__max_delta_step': 3, 'estimator__max_depth': 3, 'estimator__min_child_weight': 1, 'estimator__random_state': 42}",0.03599063436210516,0.05799454693120446,0.037869750305241666,0.04029670713212541,0.06181477486725849,0.06275382538843341,0.0585904735445141,0.04645832659715925,0.03450532229957629,0.02795477719537449,0.04642291386229928,0.012199106700667508,589,0.11864891809116473,0.24119645742924045,0.028398407327837605,0.02066700403787869,0.03638325860846092,0.05050658596856494,0.03875581368426939,0.0028673913716468213,0.0025635766667464477,0.32101556741915505,0.0861002980604965,0.10382520714439339,606,0.16735711752593546,0.20491798351024226,0.17227371208473763,0.17249387732608762,0.22654835006323465,0.1898865125617788,0.19731434715480983,0.1877474386673681,0.17047527330852666,0.14259692533902762,0.18316115375417485,0.022160479939809095,631
452,0.028406620025634766,0.0008000731943332681,0.0049009561538696286,0.00030009792011445065,"XGBRegressor(base_score=None, booster=None, callbacks=None,
             colsample_bylevel=None, colsample_bynode=None,
             colsample_bytree=None, device=None, early_stopping_rounds=None,
             enable_categorical=False, eval_metric=None, feature_types=None,
             gamma=None, grow_policy=None, importance_type=None,
             interaction_constraints=None, learning_rate=None, max_bin=None,
             max_cat_threshold=None, max_cat_to_onehot=None,
             max_delta_step=None, max_depth=None, max_leaves=None,
             min_child_weight=None, missing=nan, monotone_constraints=None,
             multi_strategy=None, n_estimators=None, n_jobs=None,
             num_parallel_tree=None, random_state=None, ...)",,,10,,,,,0.1,3,3,10,42,,,,,,"{'estimator': XGBRegressor(base_score=None, booster=None, callbacks=None,
             colsample_bylevel=None, colsample_bynode=None,
             colsample_bytree=None, device=None, early_stopping_rounds=None,
             enable_categorical=False, eval_metric=None, feature_types=None,
             gamma=None, grow_policy=None, importance_type=None,
             interaction_constraints=None, learning_rate=None, max_bin=None,
             max_cat_threshold=None, max_cat_to_onehot=None,
             max_delta_step=None, max_depth=None, max_leaves=None,
             min_child_weight=None, missing=nan, monotone_constraints=None,
             multi_strategy=None, n_estimators=None, n_jobs=None,
             num_parallel_tree=None, random_state=None, ...), 'estimator__eta': 0.1, 'estimator__gamma': 10, 'estimator__max_delta_step': 3, 'estimator__max_depth': 3, 'estimator__min_child_weight': 10, 'estimator__random_state': 42}",0.03599063436210516,0.05799454693120446,0.037869750305241666,0.04029670713212541,0.06181477486725849,0.06275382538843341,0.0585904735445141,0.04645832659715925,0.03450532229957629,0.02795477719537449,0.04642291386229928,0.012199106700667508,589,0.11864891809116473,0.24119645742924045,0.028398407327837605,0.02066700403787869,0.03638325860846092,0.05050658596856494,0.03875581368426939,0.0028673913716468213,0.0025635766667464477,0.32101556741915505,0.0861002980604965,0.10382520714439339,606,0.16735711752593546,0.20491798351024226,0.17227371208473763,0.17249387732608762,0.22654835006323465,0.1898865125617788,0.19731434715480983,0.1877474386673681,0.17047527330852666,0.14259692533902762,0.18316115375417485,0.022160479939809095,631
453,0.02870643138885498,0.0009003613932902037,0.005100893974304199,0.0003004314785730869,"XGBRegressor(base_score=None, booster=None, callbacks=None,
             colsample_bylevel=None, colsample_bynode=None,
             colsample_bytree=None, device=None, early_stopping_rounds=None,
             enable_categorical=False, eval_metric=None, feature_types=None,
             gamma=None, grow_policy=None, importance_type=None,
             interaction_constraints=None, learning_rate=None, max_bin=None,
             max_cat_threshold=None, max_cat_to_onehot=None,
             max_delta_step=None, max_depth=None, max_leaves=None,
             min_child_weight=None, missing=nan, monotone_constraints=None,
             multi_strategy=None, n_estimators=None, n_jobs=None,
             num_parallel_tree=None, random_state=None, ...)",,,10,,,,,0.1,3,6,0,42,,,,,,"{'estimator': XGBRegressor(base_score=None, booster=None, callbacks=None,
             colsample_bylevel=None, colsample_bynode=None,
             colsample_bytree=None, device=None, early_stopping_rounds=None,
             enable_categorical=False, eval_metric=None, feature_types=None,
             gamma=None, grow_policy=None, importance_type=None,
             interaction_constraints=None, learning_rate=None, max_bin=None,
             max_cat_threshold=None, max_cat_to_onehot=None,
             max_delta_step=None, max_depth=None, max_leaves=None,
             min_child_weight=None, missing=nan, monotone_constraints=None,
             multi_strategy=None, n_estimators=None, n_jobs=None,
             num_parallel_tree=None, random_state=None, ...), 'estimator__eta': 0.1, 'estimator__gamma': 10, 'estimator__max_delta_step': 3, 'estimator__max_depth': 6, 'estimator__min_child_weight': 0, 'estimator__random_state': 42}",0.03599063436210516,0.05799454693120446,0.037869750305241666,0.04029670713212541,0.06181477486725849,0.06275382538843341,0.0585904735445141,0.04645832659715925,0.03450532229957629,0.02795477719537449,0.04642291386229928,0.012199106700667508,589,0.11864891809116473,0.24119645742924045,0.028398407327837605,0.02066700403787869,0.03638325860846092,0.05050658596856494,0.03875581368426939,0.0028673913716468213,0.0025635766667464477,0.32101556741915505,0.0861002980604965,0.10382520714439339,606,0.16735711752593546,0.20491798351024226,0.17227371208473763,0.17249387732608762,0.22654835006323465,0.1898865125617788,0.19731434715480983,0.1877474386673681,0.17047527330852666,0.14259692533902762,0.18316115375417485,0.022160479939809095,631
454,0.029106855392456055,0.0007001676452017173,0.005100917816162109,0.0005389469968744242,"XGBRegressor(base_score=None, booster=None, callbacks=None,
             colsample_bylevel=None, colsample_bynode=None,
             colsample_bytree=None, device=None, early_stopping_rounds=None,
             enable_categorical=False, eval_metric=None, feature_types=None,
             gamma=None, grow_policy=None, importance_type=None,
             interaction_constraints=None, learning_rate=None, max_bin=None,
             max_cat_threshold=None, max_cat_to_onehot=None,
             max_delta_step=None, max_depth=None, max_leaves=None,
             min_child_weight=None, missing=nan, monotone_constraints=None,
             multi_strategy=None, n_estimators=None, n_jobs=None,
             num_parallel_tree=None, random_state=None, ...)",,,10,,,,,0.1,3,6,1,42,,,,,,"{'estimator': XGBRegressor(base_score=None, booster=None, callbacks=None,
             colsample_bylevel=None, colsample_bynode=None,
             colsample_bytree=None, device=None, early_stopping_rounds=None,
             enable_categorical=False, eval_metric=None, feature_types=None,
             gamma=None, grow_policy=None, importance_type=None,
             interaction_constraints=None, learning_rate=None, max_bin=None,
             max_cat_threshold=None, max_cat_to_onehot=None,
             max_delta_step=None, max_depth=None, max_leaves=None,
             min_child_weight=None, missing=nan, monotone_constraints=None,
             multi_strategy=None, n_estimators=None, n_jobs=None,
             num_parallel_tree=None, random_state=None, ...), 'estimator__eta': 0.1, 'estimator__gamma': 10, 'estimator__max_delta_step': 3, 'estimator__max_depth': 6, 'estimator__min_child_weight': 1, 'estimator__random_state': 42}",0.03599063436210516,0.05799454693120446,0.037869750305241666,0.04029670713212541,0.06181477486725849,0.06275382538843341,0.0585904735445141,0.04645832659715925,0.03450532229957629,0.02795477719537449,0.04642291386229928,0.012199106700667508,589,0.11864891809116473,0.24119645742924045,0.028398407327837605,0.02066700403787869,0.03638325860846092,0.05050658596856494,0.03875581368426939,0.0028673913716468213,0.0025635766667464477,0.32101556741915505,0.0861002980604965,0.10382520714439339,606,0.16735711752593546,0.20491798351024226,0.17227371208473763,0.17249387732608762,0.22654835006323465,0.1898865125617788,0.19731434715480983,0.1877474386673681,0.17047527330852666,0.14259692533902762,0.18316115375417485,0.022160479939809095,631
455,0.029306578636169433,0.0007810448408978252,0.00510101318359375,0.0003002330826743456,"XGBRegressor(base_score=None, booster=None, callbacks=None,
             colsample_bylevel=None, colsample_bynode=None,
             colsample_bytree=None, device=None, early_stopping_rounds=None,
             enable_categorical=False, eval_metric=None, feature_types=None,
             gamma=None, grow_policy=None, importance_type=None,
             interaction_constraints=None, learning_rate=None, max_bin=None,
             max_cat_threshold=None, max_cat_to_onehot=None,
             max_delta_step=None, max_depth=None, max_leaves=None,
             min_child_weight=None, missing=nan, monotone_constraints=None,
             multi_strategy=None, n_estimators=None, n_jobs=None,
             num_parallel_tree=None, random_state=None, ...)",,,10,,,,,0.1,3,6,10,42,,,,,,"{'estimator': XGBRegressor(base_score=None, booster=None, callbacks=None,
             colsample_bylevel=None, colsample_bynode=None,
             colsample_bytree=None, device=None, early_stopping_rounds=None,
             enable_categorical=False, eval_metric=None, feature_types=None,
             gamma=None, grow_policy=None, importance_type=None,
             interaction_constraints=None, learning_rate=None, max_bin=None,
             max_cat_threshold=None, max_cat_to_onehot=None,
             max_delta_step=None, max_depth=None, max_leaves=None,
             min_child_weight=None, missing=nan, monotone_constraints=None,
             multi_strategy=None, n_estimators=None, n_jobs=None,
             num_parallel_tree=None, random_state=None, ...), 'estimator__eta': 0.1, 'estimator__gamma': 10, 'estimator__max_delta_step': 3, 'estimator__max_depth': 6, 'estimator__min_child_weight': 10, 'estimator__random_state': 42}",0.03599063436210516,0.05799454693120446,0.037869750305241666,0.04029670713212541,0.06181477486725849,0.06275382538843341,0.0585904735445141,0.04645832659715925,0.03450532229957629,0.02795477719537449,0.04642291386229928,0.012199106700667508,589,0.11864891809116473,0.24119645742924045,0.028398407327837605,0.02066700403787869,0.03638325860846092,0.05050658596856494,0.03875581368426939,0.0028673913716468213,0.0025635766667464477,0.32101556741915505,0.0861002980604965,0.10382520714439339,606,0.16735711752593546,0.20491798351024226,0.17227371208473763,0.17249387732608762,0.22654835006323465,0.1898865125617788,0.19731434715480983,0.1877474386673681,0.17047527330852666,0.14259692533902762,0.18316115375417485,0.022160479939809095,631
456,0.028706288337707518,0.0010049693827205155,0.00490119457244873,0.0003000983368298835,"XGBRegressor(base_score=None, booster=None, callbacks=None,
             colsample_bylevel=None, colsample_bynode=None,
             colsample_bytree=None, device=None, early_stopping_rounds=None,
             enable_categorical=False, eval_metric=None, feature_types=None,
             gamma=None, grow_policy=None, importance_type=None,
             interaction_constraints=None, learning_rate=None, max_bin=None,
             max_cat_threshold=None, max_cat_to_onehot=None,
             max_delta_step=None, max_depth=None, max_leaves=None,
             min_child_weight=None, missing=nan, monotone_constraints=None,
             multi_strategy=None, n_estimators=None, n_jobs=None,
             num_parallel_tree=None, random_state=None, ...)",,,10,,,,,0.1,3,9,0,42,,,,,,"{'estimator': XGBRegressor(base_score=None, booster=None, callbacks=None,
             colsample_bylevel=None, colsample_bynode=None,
             colsample_bytree=None, device=None, early_stopping_rounds=None,
             enable_categorical=False, eval_metric=None, feature_types=None,
             gamma=None, grow_policy=None, importance_type=None,
             interaction_constraints=None, learning_rate=None, max_bin=None,
             max_cat_threshold=None, max_cat_to_onehot=None,
             max_delta_step=None, max_depth=None, max_leaves=None,
             min_child_weight=None, missing=nan, monotone_constraints=None,
             multi_strategy=None, n_estimators=None, n_jobs=None,
             num_parallel_tree=None, random_state=None, ...), 'estimator__eta': 0.1, 'estimator__gamma': 10, 'estimator__max_delta_step': 3, 'estimator__max_depth': 9, 'estimator__min_child_weight': 0, 'estimator__random_state': 42}",0.03599063436210516,0.05799454693120446,0.037869750305241666,0.04029670713212541,0.06181477486725849,0.06275382538843341,0.0585904735445141,0.04645832659715925,0.03450532229957629,0.02795477719537449,0.04642291386229928,0.012199106700667508,589,0.11864891809116473,0.24119645742924045,0.028398407327837605,0.02066700403787869,0.03638325860846092,0.05050658596856494,0.03875581368426939,0.0028673913716468213,0.0025635766667464477,0.32101556741915505,0.0861002980604965,0.10382520714439339,606,0.16735711752593546,0.20491798351024226,0.17227371208473763,0.17249387732608762,0.22654835006323465,0.1898865125617788,0.19731434715480983,0.1877474386673681,0.17047527330852666,0.14259692533902762,0.18316115375417485,0.022160479939809095,631
457,0.028606820106506347,0.0012003144333204167,0.005201005935668945,0.0006002508290319402,"XGBRegressor(base_score=None, booster=None, callbacks=None,
             colsample_bylevel=None, colsample_bynode=None,
             colsample_bytree=None, device=None, early_stopping_rounds=None,
             enable_categorical=False, eval_metric=None, feature_types=None,
             gamma=None, grow_policy=None, importance_type=None,
             interaction_constraints=None, learning_rate=None, max_bin=None,
             max_cat_threshold=None, max_cat_to_onehot=None,
             max_delta_step=None, max_depth=None, max_leaves=None,
             min_child_weight=None, missing=nan, monotone_constraints=None,
             multi_strategy=None, n_estimators=None, n_jobs=None,
             num_parallel_tree=None, random_state=None, ...)",,,10,,,,,0.1,3,9,1,42,,,,,,"{'estimator': XGBRegressor(base_score=None, booster=None, callbacks=None,
             colsample_bylevel=None, colsample_bynode=None,
             colsample_bytree=None, device=None, early_stopping_rounds=None,
             enable_categorical=False, eval_metric=None, feature_types=None,
             gamma=None, grow_policy=None, importance_type=None,
             interaction_constraints=None, learning_rate=None, max_bin=None,
             max_cat_threshold=None, max_cat_to_onehot=None,
             max_delta_step=None, max_depth=None, max_leaves=None,
             min_child_weight=None, missing=nan, monotone_constraints=None,
             multi_strategy=None, n_estimators=None, n_jobs=None,
             num_parallel_tree=None, random_state=None, ...), 'estimator__eta': 0.1, 'estimator__gamma': 10, 'estimator__max_delta_step': 3, 'estimator__max_depth': 9, 'estimator__min_child_weight': 1, 'estimator__random_state': 42}",0.03599063436210516,0.05799454693120446,0.037869750305241666,0.04029670713212541,0.06181477486725849,0.06275382538843341,0.0585904735445141,0.04645832659715925,0.03450532229957629,0.02795477719537449,0.04642291386229928,0.012199106700667508,589,0.11864891809116473,0.24119645742924045,0.028398407327837605,0.02066700403787869,0.03638325860846092,0.05050658596856494,0.03875581368426939,0.0028673913716468213,0.0025635766667464477,0.32101556741915505,0.0861002980604965,0.10382520714439339,606,0.16735711752593546,0.20491798351024226,0.17227371208473763,0.17249387732608762,0.22654835006323465,0.1898865125617788,0.19731434715480983,0.1877474386673681,0.17047527330852666,0.14259692533902762,0.18316115375417485,0.022160479939809095,631
458,0.028406763076782228,0.0004901058432379063,0.004900884628295898,0.0005387077982581193,"XGBRegressor(base_score=None, booster=None, callbacks=None,
             colsample_bylevel=None, colsample_bynode=None,
             colsample_bytree=None, device=None, early_stopping_rounds=None,
             enable_categorical=False, eval_metric=None, feature_types=None,
             gamma=None, grow_policy=None, importance_type=None,
             interaction_constraints=None, learning_rate=None, max_bin=None,
             max_cat_threshold=None, max_cat_to_onehot=None,
             max_delta_step=None, max_depth=None, max_leaves=None,
             min_child_weight=None, missing=nan, monotone_constraints=None,
             multi_strategy=None, n_estimators=None, n_jobs=None,
             num_parallel_tree=None, random_state=None, ...)",,,10,,,,,0.1,3,9,10,42,,,,,,"{'estimator': XGBRegressor(base_score=None, booster=None, callbacks=None,
             colsample_bylevel=None, colsample_bynode=None,
             colsample_bytree=None, device=None, early_stopping_rounds=None,
             enable_categorical=False, eval_metric=None, feature_types=None,
             gamma=None, grow_policy=None, importance_type=None,
             interaction_constraints=None, learning_rate=None, max_bin=None,
             max_cat_threshold=None, max_cat_to_onehot=None,
             max_delta_step=None, max_depth=None, max_leaves=None,
             min_child_weight=None, missing=nan, monotone_constraints=None,
             multi_strategy=None, n_estimators=None, n_jobs=None,
             num_parallel_tree=None, random_state=None, ...), 'estimator__eta': 0.1, 'estimator__gamma': 10, 'estimator__max_delta_step': 3, 'estimator__max_depth': 9, 'estimator__min_child_weight': 10, 'estimator__random_state': 42}",0.03599063436210516,0.05799454693120446,0.037869750305241666,0.04029670713212541,0.06181477486725849,0.06275382538843341,0.0585904735445141,0.04645832659715925,0.03450532229957629,0.02795477719537449,0.04642291386229928,0.012199106700667508,589,0.11864891809116473,0.24119645742924045,0.028398407327837605,0.02066700403787869,0.03638325860846092,0.05050658596856494,0.03875581368426939,0.0028673913716468213,0.0025635766667464477,0.32101556741915505,0.0861002980604965,0.10382520714439339,606,0.16735711752593546,0.20491798351024226,0.17227371208473763,0.17249387732608762,0.22654835006323465,0.1898865125617788,0.19731434715480983,0.1877474386673681,0.17047527330852666,0.14259692533902762,0.18316115375417485,0.022160479939809095,631
459,0.028806638717651368,0.0006000043382745286,0.004900932312011719,0.000300169464516967,"XGBRegressor(base_score=None, booster=None, callbacks=None,
             colsample_bylevel=None, colsample_bynode=None,
             colsample_bytree=None, device=None, early_stopping_rounds=None,
             enable_categorical=False, eval_metric=None, feature_types=None,
             gamma=None, grow_policy=None, importance_type=None,
             interaction_constraints=None, learning_rate=None, max_bin=None,
             max_cat_threshold=None, max_cat_to_onehot=None,
             max_delta_step=None, max_depth=None, max_leaves=None,
             min_child_weight=None, missing=nan, monotone_constraints=None,
             multi_strategy=None, n_estimators=None, n_jobs=None,
             num_parallel_tree=None, random_state=None, ...)",,,10,,,,,0.1,6,3,0,42,,,,,,"{'estimator': XGBRegressor(base_score=None, booster=None, callbacks=None,
             colsample_bylevel=None, colsample_bynode=None,
             colsample_bytree=None, device=None, early_stopping_rounds=None,
             enable_categorical=False, eval_metric=None, feature_types=None,
             gamma=None, grow_policy=None, importance_type=None,
             interaction_constraints=None, learning_rate=None, max_bin=None,
             max_cat_threshold=None, max_cat_to_onehot=None,
             max_delta_step=None, max_depth=None, max_leaves=None,
             min_child_weight=None, missing=nan, monotone_constraints=None,
             multi_strategy=None, n_estimators=None, n_jobs=None,
             num_parallel_tree=None, random_state=None, ...), 'estimator__eta': 0.1, 'estimator__gamma': 10, 'estimator__max_delta_step': 6, 'estimator__max_depth': 3, 'estimator__min_child_weight': 0, 'estimator__random_state': 42}",0.03599063436210516,0.05799454693120446,0.037869750305241666,0.04029670713212541,0.06181477486725849,0.06275382538843341,0.0585904735445141,0.04645832659715925,0.03450532229957629,0.02795477719537449,0.04642291386229928,0.012199106700667508,589,0.11864891809116473,0.24119645742924045,0.028398407327837605,0.02066700403787869,0.03638325860846092,0.05050658596856494,0.03875581368426939,0.0028673913716468213,0.0025635766667464477,0.32101556741915505,0.0861002980604965,0.10382520714439339,606,0.16735711752593546,0.20491798351024226,0.17227371208473763,0.17249387732608762,0.22654835006323465,0.1898865125617788,0.19731434715480983,0.1877474386673681,0.17047527330852666,0.14259692533902762,0.18316115375417485,0.022160479939809095,631
460,0.02940669059753418,0.0008002104198647498,0.005301237106323242,0.0004584118853077141,"XGBRegressor(base_score=None, booster=None, callbacks=None,
             colsample_bylevel=None, colsample_bynode=None,
             colsample_bytree=None, device=None, early_stopping_rounds=None,
             enable_categorical=False, eval_metric=None, feature_types=None,
             gamma=None, grow_policy=None, importance_type=None,
             interaction_constraints=None, learning_rate=None, max_bin=None,
             max_cat_threshold=None, max_cat_to_onehot=None,
             max_delta_step=None, max_depth=None, max_leaves=None,
             min_child_weight=None, missing=nan, monotone_constraints=None,
             multi_strategy=None, n_estimators=None, n_jobs=None,
             num_parallel_tree=None, random_state=None, ...)",,,10,,,,,0.1,6,3,1,42,,,,,,"{'estimator': XGBRegressor(base_score=None, booster=None, callbacks=None,
             colsample_bylevel=None, colsample_bynode=None,
             colsample_bytree=None, device=None, early_stopping_rounds=None,
             enable_categorical=False, eval_metric=None, feature_types=None,
             gamma=None, grow_policy=None, importance_type=None,
             interaction_constraints=None, learning_rate=None, max_bin=None,
             max_cat_threshold=None, max_cat_to_onehot=None,
             max_delta_step=None, max_depth=None, max_leaves=None,
             min_child_weight=None, missing=nan, monotone_constraints=None,
             multi_strategy=None, n_estimators=None, n_jobs=None,
             num_parallel_tree=None, random_state=None, ...), 'estimator__eta': 0.1, 'estimator__gamma': 10, 'estimator__max_delta_step': 6, 'estimator__max_depth': 3, 'estimator__min_child_weight': 1, 'estimator__random_state': 42}",0.03599063436210516,0.05799454693120446,0.037869750305241666,0.04029670713212541,0.06181477486725849,0.06275382538843341,0.0585904735445141,0.04645832659715925,0.03450532229957629,0.02795477719537449,0.04642291386229928,0.012199106700667508,589,0.11864891809116473,0.24119645742924045,0.028398407327837605,0.02066700403787869,0.03638325860846092,0.05050658596856494,0.03875581368426939,0.0028673913716468213,0.0025635766667464477,0.32101556741915505,0.0861002980604965,0.10382520714439339,606,0.16735711752593546,0.20491798351024226,0.17227371208473763,0.17249387732608762,0.22654835006323465,0.1898865125617788,0.19731434715480983,0.1877474386673681,0.17047527330852666,0.14259692533902762,0.18316115375417485,0.022160479939809095,631
461,0.029457616806030273,0.0009089424944978434,0.005301260948181152,0.0004586566278408179,"XGBRegressor(base_score=None, booster=None, callbacks=None,
             colsample_bylevel=None, colsample_bynode=None,
             colsample_bytree=None, device=None, early_stopping_rounds=None,
             enable_categorical=False, eval_metric=None, feature_types=None,
             gamma=None, grow_policy=None, importance_type=None,
             interaction_constraints=None, learning_rate=None, max_bin=None,
             max_cat_threshold=None, max_cat_to_onehot=None,
             max_delta_step=None, max_depth=None, max_leaves=None,
             min_child_weight=None, missing=nan, monotone_constraints=None,
             multi_strategy=None, n_estimators=None, n_jobs=None,
             num_parallel_tree=None, random_state=None, ...)",,,10,,,,,0.1,6,3,10,42,,,,,,"{'estimator': XGBRegressor(base_score=None, booster=None, callbacks=None,
             colsample_bylevel=None, colsample_bynode=None,
             colsample_bytree=None, device=None, early_stopping_rounds=None,
             enable_categorical=False, eval_metric=None, feature_types=None,
             gamma=None, grow_policy=None, importance_type=None,
             interaction_constraints=None, learning_rate=None, max_bin=None,
             max_cat_threshold=None, max_cat_to_onehot=None,
             max_delta_step=None, max_depth=None, max_leaves=None,
             min_child_weight=None, missing=nan, monotone_constraints=None,
             multi_strategy=None, n_estimators=None, n_jobs=None,
             num_parallel_tree=None, random_state=None, ...), 'estimator__eta': 0.1, 'estimator__gamma': 10, 'estimator__max_delta_step': 6, 'estimator__max_depth': 3, 'estimator__min_child_weight': 10, 'estimator__random_state': 42}",0.03599063436210516,0.05799454693120446,0.037869750305241666,0.04029670713212541,0.06181477486725849,0.06275382538843341,0.0585904735445141,0.04645832659715925,0.03450532229957629,0.02795477719537449,0.04642291386229928,0.012199106700667508,589,0.11864891809116473,0.24119645742924045,0.028398407327837605,0.02066700403787869,0.03638325860846092,0.05050658596856494,0.03875581368426939,0.0028673913716468213,0.0025635766667464477,0.32101556741915505,0.0861002980604965,0.10382520714439339,606,0.16735711752593546,0.20491798351024226,0.17227371208473763,0.17249387732608762,0.22654835006323465,0.1898865125617788,0.19731434715480983,0.1877474386673681,0.17047527330852666,0.14259692533902762,0.18316115375417485,0.022160479939809095,631
462,0.029906797409057616,0.0011356910529982335,0.005201101303100586,0.00039994733344243707,"XGBRegressor(base_score=None, booster=None, callbacks=None,
             colsample_bylevel=None, colsample_bynode=None,
             colsample_bytree=None, device=None, early_stopping_rounds=None,
             enable_categorical=False, eval_metric=None, feature_types=None,
             gamma=None, grow_policy=None, importance_type=None,
             interaction_constraints=None, learning_rate=None, max_bin=None,
             max_cat_threshold=None, max_cat_to_onehot=None,
             max_delta_step=None, max_depth=None, max_leaves=None,
             min_child_weight=None, missing=nan, monotone_constraints=None,
             multi_strategy=None, n_estimators=None, n_jobs=None,
             num_parallel_tree=None, random_state=None, ...)",,,10,,,,,0.1,6,6,0,42,,,,,,"{'estimator': XGBRegressor(base_score=None, booster=None, callbacks=None,
             colsample_bylevel=None, colsample_bynode=None,
             colsample_bytree=None, device=None, early_stopping_rounds=None,
             enable_categorical=False, eval_metric=None, feature_types=None,
             gamma=None, grow_policy=None, importance_type=None,
             interaction_constraints=None, learning_rate=None, max_bin=None,
             max_cat_threshold=None, max_cat_to_onehot=None,
             max_delta_step=None, max_depth=None, max_leaves=None,
             min_child_weight=None, missing=nan, monotone_constraints=None,
             multi_strategy=None, n_estimators=None, n_jobs=None,
             num_parallel_tree=None, random_state=None, ...), 'estimator__eta': 0.1, 'estimator__gamma': 10, 'estimator__max_delta_step': 6, 'estimator__max_depth': 6, 'estimator__min_child_weight': 0, 'estimator__random_state': 42}",0.03599063436210516,0.05799454693120446,0.037869750305241666,0.04029670713212541,0.06181477486725849,0.06275382538843341,0.0585904735445141,0.04645832659715925,0.03450532229957629,0.02795477719537449,0.04642291386229928,0.012199106700667508,589,0.11864891809116473,0.24119645742924045,0.028398407327837605,0.02066700403787869,0.03638325860846092,0.05050658596856494,0.03875581368426939,0.0028673913716468213,0.0025635766667464477,0.32101556741915505,0.0861002980604965,0.10382520714439339,606,0.16735711752593546,0.20491798351024226,0.17227371208473763,0.17249387732608762,0.22654835006323465,0.1898865125617788,0.19731434715480983,0.1877474386673681,0.17047527330852666,0.14259692533902762,0.18316115375417485,0.022160479939809095,631
463,0.02920675277709961,0.0014700675449921396,0.004800987243652344,0.00040028103410866663,"XGBRegressor(base_score=None, booster=None, callbacks=None,
             colsample_bylevel=None, colsample_bynode=None,
             colsample_bytree=None, device=None, early_stopping_rounds=None,
             enable_categorical=False, eval_metric=None, feature_types=None,
             gamma=None, grow_policy=None, importance_type=None,
             interaction_constraints=None, learning_rate=None, max_bin=None,
             max_cat_threshold=None, max_cat_to_onehot=None,
             max_delta_step=None, max_depth=None, max_leaves=None,
             min_child_weight=None, missing=nan, monotone_constraints=None,
             multi_strategy=None, n_estimators=None, n_jobs=None,
             num_parallel_tree=None, random_state=None, ...)",,,10,,,,,0.1,6,6,1,42,,,,,,"{'estimator': XGBRegressor(base_score=None, booster=None, callbacks=None,
             colsample_bylevel=None, colsample_bynode=None,
             colsample_bytree=None, device=None, early_stopping_rounds=None,
             enable_categorical=False, eval_metric=None, feature_types=None,
             gamma=None, grow_policy=None, importance_type=None,
             interaction_constraints=None, learning_rate=None, max_bin=None,
             max_cat_threshold=None, max_cat_to_onehot=None,
             max_delta_step=None, max_depth=None, max_leaves=None,
             min_child_weight=None, missing=nan, monotone_constraints=None,
             multi_strategy=None, n_estimators=None, n_jobs=None,
             num_parallel_tree=None, random_state=None, ...), 'estimator__eta': 0.1, 'estimator__gamma': 10, 'estimator__max_delta_step': 6, 'estimator__max_depth': 6, 'estimator__min_child_weight': 1, 'estimator__random_state': 42}",0.03599063436210516,0.05799454693120446,0.037869750305241666,0.04029670713212541,0.06181477486725849,0.06275382538843341,0.0585904735445141,0.04645832659715925,0.03450532229957629,0.02795477719537449,0.04642291386229928,0.012199106700667508,589,0.11864891809116473,0.24119645742924045,0.028398407327837605,0.02066700403787869,0.03638325860846092,0.05050658596856494,0.03875581368426939,0.0028673913716468213,0.0025635766667464477,0.32101556741915505,0.0861002980604965,0.10382520714439339,606,0.16735711752593546,0.20491798351024226,0.17227371208473763,0.17249387732608762,0.22654835006323465,0.1898865125617788,0.19731434715480983,0.1877474386673681,0.17047527330852666,0.14259692533902762,0.18316115375417485,0.022160479939809095,631
464,0.028506541252136232,0.0010246557934891014,0.005200958251953125,0.0004003169095976155,"XGBRegressor(base_score=None, booster=None, callbacks=None,
             colsample_bylevel=None, colsample_bynode=None,
             colsample_bytree=None, device=None, early_stopping_rounds=None,
             enable_categorical=False, eval_metric=None, feature_types=None,
             gamma=None, grow_policy=None, importance_type=None,
             interaction_constraints=None, learning_rate=None, max_bin=None,
             max_cat_threshold=None, max_cat_to_onehot=None,
             max_delta_step=None, max_depth=None, max_leaves=None,
             min_child_weight=None, missing=nan, monotone_constraints=None,
             multi_strategy=None, n_estimators=None, n_jobs=None,
             num_parallel_tree=None, random_state=None, ...)",,,10,,,,,0.1,6,6,10,42,,,,,,"{'estimator': XGBRegressor(base_score=None, booster=None, callbacks=None,
             colsample_bylevel=None, colsample_bynode=None,
             colsample_bytree=None, device=None, early_stopping_rounds=None,
             enable_categorical=False, eval_metric=None, feature_types=None,
             gamma=None, grow_policy=None, importance_type=None,
             interaction_constraints=None, learning_rate=None, max_bin=None,
             max_cat_threshold=None, max_cat_to_onehot=None,
             max_delta_step=None, max_depth=None, max_leaves=None,
             min_child_weight=None, missing=nan, monotone_constraints=None,
             multi_strategy=None, n_estimators=None, n_jobs=None,
             num_parallel_tree=None, random_state=None, ...), 'estimator__eta': 0.1, 'estimator__gamma': 10, 'estimator__max_delta_step': 6, 'estimator__max_depth': 6, 'estimator__min_child_weight': 10, 'estimator__random_state': 42}",0.03599063436210516,0.05799454693120446,0.037869750305241666,0.04029670713212541,0.06181477486725849,0.06275382538843341,0.0585904735445141,0.04645832659715925,0.03450532229957629,0.02795477719537449,0.04642291386229928,0.012199106700667508,589,0.11864891809116473,0.24119645742924045,0.028398407327837605,0.02066700403787869,0.03638325860846092,0.05050658596856494,0.03875581368426939,0.0028673913716468213,0.0025635766667464477,0.32101556741915505,0.0861002980604965,0.10382520714439339,606,0.16735711752593546,0.20491798351024226,0.17227371208473763,0.17249387732608762,0.22654835006323465,0.1898865125617788,0.19731434715480983,0.1877474386673681,0.17047527330852666,0.14259692533902762,0.18316115375417485,0.022160479939809095,631
465,0.028806614875793456,0.0008719081075369557,0.004901123046875,0.00030007388886131304,"XGBRegressor(base_score=None, booster=None, callbacks=None,
             colsample_bylevel=None, colsample_bynode=None,
             colsample_bytree=None, device=None, early_stopping_rounds=None,
             enable_categorical=False, eval_metric=None, feature_types=None,
             gamma=None, grow_policy=None, importance_type=None,
             interaction_constraints=None, learning_rate=None, max_bin=None,
             max_cat_threshold=None, max_cat_to_onehot=None,
             max_delta_step=None, max_depth=None, max_leaves=None,
             min_child_weight=None, missing=nan, monotone_constraints=None,
             multi_strategy=None, n_estimators=None, n_jobs=None,
             num_parallel_tree=None, random_state=None, ...)",,,10,,,,,0.1,6,9,0,42,,,,,,"{'estimator': XGBRegressor(base_score=None, booster=None, callbacks=None,
             colsample_bylevel=None, colsample_bynode=None,
             colsample_bytree=None, device=None, early_stopping_rounds=None,
             enable_categorical=False, eval_metric=None, feature_types=None,
             gamma=None, grow_policy=None, importance_type=None,
             interaction_constraints=None, learning_rate=None, max_bin=None,
             max_cat_threshold=None, max_cat_to_onehot=None,
             max_delta_step=None, max_depth=None, max_leaves=None,
             min_child_weight=None, missing=nan, monotone_constraints=None,
             multi_strategy=None, n_estimators=None, n_jobs=None,
             num_parallel_tree=None, random_state=None, ...), 'estimator__eta': 0.1, 'estimator__gamma': 10, 'estimator__max_delta_step': 6, 'estimator__max_depth': 9, 'estimator__min_child_weight': 0, 'estimator__random_state': 42}",0.03599063436210516,0.05799454693120446,0.037869750305241666,0.04029670713212541,0.06181477486725849,0.06275382538843341,0.0585904735445141,0.04645832659715925,0.03450532229957629,0.02795477719537449,0.04642291386229928,0.012199106700667508,589,0.11864891809116473,0.24119645742924045,0.028398407327837605,0.02066700403787869,0.03638325860846092,0.05050658596856494,0.03875581368426939,0.0028673913716468213,0.0025635766667464477,0.32101556741915505,0.0861002980604965,0.10382520714439339,606,0.16735711752593546,0.20491798351024226,0.17227371208473763,0.17249387732608762,0.22654835006323465,0.1898865125617788,0.19731434715480983,0.1877474386673681,0.17047527330852666,0.14259692533902762,0.18316115375417485,0.022160479939809095,631
466,0.0288067102432251,0.0007484620911321604,0.005200958251953125,0.0006000678797084447,"XGBRegressor(base_score=None, booster=None, callbacks=None,
             colsample_bylevel=None, colsample_bynode=None,
             colsample_bytree=None, device=None, early_stopping_rounds=None,
             enable_categorical=False, eval_metric=None, feature_types=None,
             gamma=None, grow_policy=None, importance_type=None,
             interaction_constraints=None, learning_rate=None, max_bin=None,
             max_cat_threshold=None, max_cat_to_onehot=None,
             max_delta_step=None, max_depth=None, max_leaves=None,
             min_child_weight=None, missing=nan, monotone_constraints=None,
             multi_strategy=None, n_estimators=None, n_jobs=None,
             num_parallel_tree=None, random_state=None, ...)",,,10,,,,,0.1,6,9,1,42,,,,,,"{'estimator': XGBRegressor(base_score=None, booster=None, callbacks=None,
             colsample_bylevel=None, colsample_bynode=None,
             colsample_bytree=None, device=None, early_stopping_rounds=None,
             enable_categorical=False, eval_metric=None, feature_types=None,
             gamma=None, grow_policy=None, importance_type=None,
             interaction_constraints=None, learning_rate=None, max_bin=None,
             max_cat_threshold=None, max_cat_to_onehot=None,
             max_delta_step=None, max_depth=None, max_leaves=None,
             min_child_weight=None, missing=nan, monotone_constraints=None,
             multi_strategy=None, n_estimators=None, n_jobs=None,
             num_parallel_tree=None, random_state=None, ...), 'estimator__eta': 0.1, 'estimator__gamma': 10, 'estimator__max_delta_step': 6, 'estimator__max_depth': 9, 'estimator__min_child_weight': 1, 'estimator__random_state': 42}",0.03599063436210516,0.05799454693120446,0.037869750305241666,0.04029670713212541,0.06181477486725849,0.06275382538843341,0.0585904735445141,0.04645832659715925,0.03450532229957629,0.02795477719537449,0.04642291386229928,0.012199106700667508,589,0.11864891809116473,0.24119645742924045,0.028398407327837605,0.02066700403787869,0.03638325860846092,0.05050658596856494,0.03875581368426939,0.0028673913716468213,0.0025635766667464477,0.32101556741915505,0.0861002980604965,0.10382520714439339,606,0.16735711752593546,0.20491798351024226,0.17227371208473763,0.17249387732608762,0.22654835006323465,0.1898865125617788,0.19731434715480983,0.1877474386673681,0.17047527330852666,0.14259692533902762,0.18316115375417485,0.022160479939809095,631
467,0.029106521606445314,0.000830338261525714,0.004801130294799805,0.0004001742065341578,"XGBRegressor(base_score=None, booster=None, callbacks=None,
             colsample_bylevel=None, colsample_bynode=None,
             colsample_bytree=None, device=None, early_stopping_rounds=None,
             enable_categorical=False, eval_metric=None, feature_types=None,
             gamma=None, grow_policy=None, importance_type=None,
             interaction_constraints=None, learning_rate=None, max_bin=None,
             max_cat_threshold=None, max_cat_to_onehot=None,
             max_delta_step=None, max_depth=None, max_leaves=None,
             min_child_weight=None, missing=nan, monotone_constraints=None,
             multi_strategy=None, n_estimators=None, n_jobs=None,
             num_parallel_tree=None, random_state=None, ...)",,,10,,,,,0.1,6,9,10,42,,,,,,"{'estimator': XGBRegressor(base_score=None, booster=None, callbacks=None,
             colsample_bylevel=None, colsample_bynode=None,
             colsample_bytree=None, device=None, early_stopping_rounds=None,
             enable_categorical=False, eval_metric=None, feature_types=None,
             gamma=None, grow_policy=None, importance_type=None,
             interaction_constraints=None, learning_rate=None, max_bin=None,
             max_cat_threshold=None, max_cat_to_onehot=None,
             max_delta_step=None, max_depth=None, max_leaves=None,
             min_child_weight=None, missing=nan, monotone_constraints=None,
             multi_strategy=None, n_estimators=None, n_jobs=None,
             num_parallel_tree=None, random_state=None, ...), 'estimator__eta': 0.1, 'estimator__gamma': 10, 'estimator__max_delta_step': 6, 'estimator__max_depth': 9, 'estimator__min_child_weight': 10, 'estimator__random_state': 42}",0.03599063436210516,0.05799454693120446,0.037869750305241666,0.04029670713212541,0.06181477486725849,0.06275382538843341,0.0585904735445141,0.04645832659715925,0.03450532229957629,0.02795477719537449,0.04642291386229928,0.012199106700667508,589,0.11864891809116473,0.24119645742924045,0.028398407327837605,0.02066700403787869,0.03638325860846092,0.05050658596856494,0.03875581368426939,0.0028673913716468213,0.0025635766667464477,0.32101556741915505,0.0861002980604965,0.10382520714439339,606,0.16735711752593546,0.20491798351024226,0.17227371208473763,0.17249387732608762,0.22654835006323465,0.1898865125617788,0.19731434715480983,0.1877474386673681,0.17047527330852666,0.14259692533902762,0.18316115375417485,0.022160479939809095,631
468,0.02870652675628662,0.0007812528248854365,0.005301260948181152,0.00045860432446368404,"XGBRegressor(base_score=None, booster=None, callbacks=None,
             colsample_bylevel=None, colsample_bynode=None,
             colsample_bytree=None, device=None, early_stopping_rounds=None,
             enable_categorical=False, eval_metric=None, feature_types=None,
             gamma=None, grow_policy=None, importance_type=None,
             interaction_constraints=None, learning_rate=None, max_bin=None,
             max_cat_threshold=None, max_cat_to_onehot=None,
             max_delta_step=None, max_depth=None, max_leaves=None,
             min_child_weight=None, missing=nan, monotone_constraints=None,
             multi_strategy=None, n_estimators=None, n_jobs=None,
             num_parallel_tree=None, random_state=None, ...)",,,20,,,,,0.1,0,3,0,42,,,,,,"{'estimator': XGBRegressor(base_score=None, booster=None, callbacks=None,
             colsample_bylevel=None, colsample_bynode=None,
             colsample_bytree=None, device=None, early_stopping_rounds=None,
             enable_categorical=False, eval_metric=None, feature_types=None,
             gamma=None, grow_policy=None, importance_type=None,
             interaction_constraints=None, learning_rate=None, max_bin=None,
             max_cat_threshold=None, max_cat_to_onehot=None,
             max_delta_step=None, max_depth=None, max_leaves=None,
             min_child_weight=None, missing=nan, monotone_constraints=None,
             multi_strategy=None, n_estimators=None, n_jobs=None,
             num_parallel_tree=None, random_state=None, ...), 'estimator__eta': 0.1, 'estimator__gamma': 20, 'estimator__max_delta_step': 0, 'estimator__max_depth': 3, 'estimator__min_child_weight': 0, 'estimator__random_state': 42}",0.03599063436210516,0.05799454693120446,0.037869750305241666,0.04029670713212541,0.06181477486725849,0.06275382538843341,0.0585904735445141,0.04645832659715925,0.03450532229957629,0.02795477719537449,0.04642291386229928,0.012199106700667508,589,0.11864891809116473,0.24119645742924045,0.028398407327837605,0.02066700403787869,0.03638325860846092,0.05050658596856494,0.03875581368426939,0.0028673913716468213,0.0025635766667464477,0.32101556741915505,0.0861002980604965,0.10382520714439339,606,0.16735711752593546,0.20491798351024226,0.17227371208473763,0.17249387732608762,0.22654835006323465,0.1898865125617788,0.19731434715480983,0.1877474386673681,0.17047527330852666,0.14259692533902762,0.18316115375417485,0.022160479939809095,631
469,0.029506850242614745,0.0008062118950209904,0.005001187324523926,0.0004470751712403904,"XGBRegressor(base_score=None, booster=None, callbacks=None,
             colsample_bylevel=None, colsample_bynode=None,
             colsample_bytree=None, device=None, early_stopping_rounds=None,
             enable_categorical=False, eval_metric=None, feature_types=None,
             gamma=None, grow_policy=None, importance_type=None,
             interaction_constraints=None, learning_rate=None, max_bin=None,
             max_cat_threshold=None, max_cat_to_onehot=None,
             max_delta_step=None, max_depth=None, max_leaves=None,
             min_child_weight=None, missing=nan, monotone_constraints=None,
             multi_strategy=None, n_estimators=None, n_jobs=None,
             num_parallel_tree=None, random_state=None, ...)",,,20,,,,,0.1,0,3,1,42,,,,,,"{'estimator': XGBRegressor(base_score=None, booster=None, callbacks=None,
             colsample_bylevel=None, colsample_bynode=None,
             colsample_bytree=None, device=None, early_stopping_rounds=None,
             enable_categorical=False, eval_metric=None, feature_types=None,
             gamma=None, grow_policy=None, importance_type=None,
             interaction_constraints=None, learning_rate=None, max_bin=None,
             max_cat_threshold=None, max_cat_to_onehot=None,
             max_delta_step=None, max_depth=None, max_leaves=None,
             min_child_weight=None, missing=nan, monotone_constraints=None,
             multi_strategy=None, n_estimators=None, n_jobs=None,
             num_parallel_tree=None, random_state=None, ...), 'estimator__eta': 0.1, 'estimator__gamma': 20, 'estimator__max_delta_step': 0, 'estimator__max_depth': 3, 'estimator__min_child_weight': 1, 'estimator__random_state': 42}",0.03599063436210516,0.05799454693120446,0.037869750305241666,0.04029670713212541,0.06181477486725849,0.06275382538843341,0.0585904735445141,0.04645832659715925,0.03450532229957629,0.02795477719537449,0.04642291386229928,0.012199106700667508,589,0.11864891809116473,0.24119645742924045,0.028398407327837605,0.02066700403787869,0.03638325860846092,0.05050658596856494,0.03875581368426939,0.0028673913716468213,0.0025635766667464477,0.32101556741915505,0.0861002980604965,0.10382520714439339,606,0.16735711752593546,0.20491798351024226,0.17227371208473763,0.17249387732608762,0.22654835006323465,0.1898865125617788,0.19731434715480983,0.1877474386673681,0.17047527330852666,0.14259692533902762,0.18316115375417485,0.022160479939809095,631
470,0.02830677032470703,0.000458328472332436,0.005000877380371094,0.00044744790130403636,"XGBRegressor(base_score=None, booster=None, callbacks=None,
             colsample_bylevel=None, colsample_bynode=None,
             colsample_bytree=None, device=None, early_stopping_rounds=None,
             enable_categorical=False, eval_metric=None, feature_types=None,
             gamma=None, grow_policy=None, importance_type=None,
             interaction_constraints=None, learning_rate=None, max_bin=None,
             max_cat_threshold=None, max_cat_to_onehot=None,
             max_delta_step=None, max_depth=None, max_leaves=None,
             min_child_weight=None, missing=nan, monotone_constraints=None,
             multi_strategy=None, n_estimators=None, n_jobs=None,
             num_parallel_tree=None, random_state=None, ...)",,,20,,,,,0.1,0,3,10,42,,,,,,"{'estimator': XGBRegressor(base_score=None, booster=None, callbacks=None,
             colsample_bylevel=None, colsample_bynode=None,
             colsample_bytree=None, device=None, early_stopping_rounds=None,
             enable_categorical=False, eval_metric=None, feature_types=None,
             gamma=None, grow_policy=None, importance_type=None,
             interaction_constraints=None, learning_rate=None, max_bin=None,
             max_cat_threshold=None, max_cat_to_onehot=None,
             max_delta_step=None, max_depth=None, max_leaves=None,
             min_child_weight=None, missing=nan, monotone_constraints=None,
             multi_strategy=None, n_estimators=None, n_jobs=None,
             num_parallel_tree=None, random_state=None, ...), 'estimator__eta': 0.1, 'estimator__gamma': 20, 'estimator__max_delta_step': 0, 'estimator__max_depth': 3, 'estimator__min_child_weight': 10, 'estimator__random_state': 42}",0.03599063436210516,0.05799454693120446,0.037869750305241666,0.04029670713212541,0.06181477486725849,0.06275382538843341,0.0585904735445141,0.04645832659715925,0.03450532229957629,0.02795477719537449,0.04642291386229928,0.012199106700667508,589,0.11864891809116473,0.24119645742924045,0.028398407327837605,0.02066700403787869,0.03638325860846092,0.05050658596856494,0.03875581368426939,0.0028673913716468213,0.0025635766667464477,0.32101556741915505,0.0861002980604965,0.10382520714439339,606,0.16735711752593546,0.20491798351024226,0.17227371208473763,0.17249387732608762,0.22654835006323465,0.1898865125617788,0.19731434715480983,0.1877474386673681,0.17047527330852666,0.14259692533902762,0.18316115375417485,0.022160479939809095,631
471,0.028806567192077637,0.0008719246484720696,0.0053009033203125,0.000458630263098453,"XGBRegressor(base_score=None, booster=None, callbacks=None,
             colsample_bylevel=None, colsample_bynode=None,
             colsample_bytree=None, device=None, early_stopping_rounds=None,
             enable_categorical=False, eval_metric=None, feature_types=None,
             gamma=None, grow_policy=None, importance_type=None,
             interaction_constraints=None, learning_rate=None, max_bin=None,
             max_cat_threshold=None, max_cat_to_onehot=None,
             max_delta_step=None, max_depth=None, max_leaves=None,
             min_child_weight=None, missing=nan, monotone_constraints=None,
             multi_strategy=None, n_estimators=None, n_jobs=None,
             num_parallel_tree=None, random_state=None, ...)",,,20,,,,,0.1,0,6,0,42,,,,,,"{'estimator': XGBRegressor(base_score=None, booster=None, callbacks=None,
             colsample_bylevel=None, colsample_bynode=None,
             colsample_bytree=None, device=None, early_stopping_rounds=None,
             enable_categorical=False, eval_metric=None, feature_types=None,
             gamma=None, grow_policy=None, importance_type=None,
             interaction_constraints=None, learning_rate=None, max_bin=None,
             max_cat_threshold=None, max_cat_to_onehot=None,
             max_delta_step=None, max_depth=None, max_leaves=None,
             min_child_weight=None, missing=nan, monotone_constraints=None,
             multi_strategy=None, n_estimators=None, n_jobs=None,
             num_parallel_tree=None, random_state=None, ...), 'estimator__eta': 0.1, 'estimator__gamma': 20, 'estimator__max_delta_step': 0, 'estimator__max_depth': 6, 'estimator__min_child_weight': 0, 'estimator__random_state': 42}",0.03599063436210516,0.05799454693120446,0.037869750305241666,0.04029670713212541,0.06181477486725849,0.06275382538843341,0.0585904735445141,0.04645832659715925,0.03450532229957629,0.02795477719537449,0.04642291386229928,0.012199106700667508,589,0.11864891809116473,0.24119645742924045,0.028398407327837605,0.02066700403787869,0.03638325860846092,0.05050658596856494,0.03875581368426939,0.0028673913716468213,0.0025635766667464477,0.32101556741915505,0.0861002980604965,0.10382520714439339,606,0.16735711752593546,0.20491798351024226,0.17227371208473763,0.17249387732608762,0.22654835006323465,0.1898865125617788,0.19731434715480983,0.1877474386673681,0.17047527330852666,0.14259692533902762,0.18316115375417485,0.022160479939809095,631
472,0.028606581687927245,0.0010198750663798742,0.005001282691955567,0.00044728838342424196,"XGBRegressor(base_score=None, booster=None, callbacks=None,
             colsample_bylevel=None, colsample_bynode=None,
             colsample_bytree=None, device=None, early_stopping_rounds=None,
             enable_categorical=False, eval_metric=None, feature_types=None,
             gamma=None, grow_policy=None, importance_type=None,
             interaction_constraints=None, learning_rate=None, max_bin=None,
             max_cat_threshold=None, max_cat_to_onehot=None,
             max_delta_step=None, max_depth=None, max_leaves=None,
             min_child_weight=None, missing=nan, monotone_constraints=None,
             multi_strategy=None, n_estimators=None, n_jobs=None,
             num_parallel_tree=None, random_state=None, ...)",,,20,,,,,0.1,0,6,1,42,,,,,,"{'estimator': XGBRegressor(base_score=None, booster=None, callbacks=None,
             colsample_bylevel=None, colsample_bynode=None,
             colsample_bytree=None, device=None, early_stopping_rounds=None,
             enable_categorical=False, eval_metric=None, feature_types=None,
             gamma=None, grow_policy=None, importance_type=None,
             interaction_constraints=None, learning_rate=None, max_bin=None,
             max_cat_threshold=None, max_cat_to_onehot=None,
             max_delta_step=None, max_depth=None, max_leaves=None,
             min_child_weight=None, missing=nan, monotone_constraints=None,
             multi_strategy=None, n_estimators=None, n_jobs=None,
             num_parallel_tree=None, random_state=None, ...), 'estimator__eta': 0.1, 'estimator__gamma': 20, 'estimator__max_delta_step': 0, 'estimator__max_depth': 6, 'estimator__min_child_weight': 1, 'estimator__random_state': 42}",0.03599063436210516,0.05799454693120446,0.037869750305241666,0.04029670713212541,0.06181477486725849,0.06275382538843341,0.0585904735445141,0.04645832659715925,0.03450532229957629,0.02795477719537449,0.04642291386229928,0.012199106700667508,589,0.11864891809116473,0.24119645742924045,0.028398407327837605,0.02066700403787869,0.03638325860846092,0.05050658596856494,0.03875581368426939,0.0028673913716468213,0.0025635766667464477,0.32101556741915505,0.0861002980604965,0.10382520714439339,606,0.16735711752593546,0.20491798351024226,0.17227371208473763,0.17249387732608762,0.22654835006323465,0.1898865125617788,0.19731434715480983,0.1877474386673681,0.17047527330852666,0.14259692533902762,0.18316115375417485,0.022160479939809095,631
473,0.029306769371032715,0.0009001759117378037,0.005101132392883301,0.0005386857471635923,"XGBRegressor(base_score=None, booster=None, callbacks=None,
             colsample_bylevel=None, colsample_bynode=None,
             colsample_bytree=None, device=None, early_stopping_rounds=None,
             enable_categorical=False, eval_metric=None, feature_types=None,
             gamma=None, grow_policy=None, importance_type=None,
             interaction_constraints=None, learning_rate=None, max_bin=None,
             max_cat_threshold=None, max_cat_to_onehot=None,
             max_delta_step=None, max_depth=None, max_leaves=None,
             min_child_weight=None, missing=nan, monotone_constraints=None,
             multi_strategy=None, n_estimators=None, n_jobs=None,
             num_parallel_tree=None, random_state=None, ...)",,,20,,,,,0.1,0,6,10,42,,,,,,"{'estimator': XGBRegressor(base_score=None, booster=None, callbacks=None,
             colsample_bylevel=None, colsample_bynode=None,
             colsample_bytree=None, device=None, early_stopping_rounds=None,
             enable_categorical=False, eval_metric=None, feature_types=None,
             gamma=None, grow_policy=None, importance_type=None,
             interaction_constraints=None, learning_rate=None, max_bin=None,
             max_cat_threshold=None, max_cat_to_onehot=None,
             max_delta_step=None, max_depth=None, max_leaves=None,
             min_child_weight=None, missing=nan, monotone_constraints=None,
             multi_strategy=None, n_estimators=None, n_jobs=None,
             num_parallel_tree=None, random_state=None, ...), 'estimator__eta': 0.1, 'estimator__gamma': 20, 'estimator__max_delta_step': 0, 'estimator__max_depth': 6, 'estimator__min_child_weight': 10, 'estimator__random_state': 42}",0.03599063436210516,0.05799454693120446,0.037869750305241666,0.04029670713212541,0.06181477486725849,0.06275382538843341,0.0585904735445141,0.04645832659715925,0.03450532229957629,0.02795477719537449,0.04642291386229928,0.012199106700667508,589,0.11864891809116473,0.24119645742924045,0.028398407327837605,0.02066700403787869,0.03638325860846092,0.05050658596856494,0.03875581368426939,0.0028673913716468213,0.0025635766667464477,0.32101556741915505,0.0861002980604965,0.10382520714439339,606,0.16735711752593546,0.20491798351024226,0.17227371208473763,0.17249387732608762,0.22654835006323465,0.1898865125617788,0.19731434715480983,0.1877474386673681,0.17047527330852666,0.14259692533902762,0.18316115375417485,0.022160479939809095,631
474,0.028806900978088378,0.0005998535494065743,0.005000710487365723,0.0004473948904266936,"XGBRegressor(base_score=None, booster=None, callbacks=None,
             colsample_bylevel=None, colsample_bynode=None,
             colsample_bytree=None, device=None, early_stopping_rounds=None,
             enable_categorical=False, eval_metric=None, feature_types=None,
             gamma=None, grow_policy=None, importance_type=None,
             interaction_constraints=None, learning_rate=None, max_bin=None,
             max_cat_threshold=None, max_cat_to_onehot=None,
             max_delta_step=None, max_depth=None, max_leaves=None,
             min_child_weight=None, missing=nan, monotone_constraints=None,
             multi_strategy=None, n_estimators=None, n_jobs=None,
             num_parallel_tree=None, random_state=None, ...)",,,20,,,,,0.1,0,9,0,42,,,,,,"{'estimator': XGBRegressor(base_score=None, booster=None, callbacks=None,
             colsample_bylevel=None, colsample_bynode=None,
             colsample_bytree=None, device=None, early_stopping_rounds=None,
             enable_categorical=False, eval_metric=None, feature_types=None,
             gamma=None, grow_policy=None, importance_type=None,
             interaction_constraints=None, learning_rate=None, max_bin=None,
             max_cat_threshold=None, max_cat_to_onehot=None,
             max_delta_step=None, max_depth=None, max_leaves=None,
             min_child_weight=None, missing=nan, monotone_constraints=None,
             multi_strategy=None, n_estimators=None, n_jobs=None,
             num_parallel_tree=None, random_state=None, ...), 'estimator__eta': 0.1, 'estimator__gamma': 20, 'estimator__max_delta_step': 0, 'estimator__max_depth': 9, 'estimator__min_child_weight': 0, 'estimator__random_state': 42}",0.03599063436210516,0.05799454693120446,0.037869750305241666,0.04029670713212541,0.06181477486725849,0.06275382538843341,0.0585904735445141,0.04645832659715925,0.03450532229957629,0.02795477719537449,0.04642291386229928,0.012199106700667508,589,0.11864891809116473,0.24119645742924045,0.028398407327837605,0.02066700403787869,0.03638325860846092,0.05050658596856494,0.03875581368426939,0.0028673913716468213,0.0025635766667464477,0.32101556741915505,0.0861002980604965,0.10382520714439339,606,0.16735711752593546,0.20491798351024226,0.17227371208473763,0.17249387732608762,0.22654835006323465,0.1898865125617788,0.19731434715480983,0.1877474386673681,0.17047527330852666,0.14259692533902762,0.18316115375417485,0.022160479939809095,631
475,0.028906655311584473,0.0008308519142475162,0.00490102767944336,0.0005384686665115013,"XGBRegressor(base_score=None, booster=None, callbacks=None,
             colsample_bylevel=None, colsample_bynode=None,
             colsample_bytree=None, device=None, early_stopping_rounds=None,
             enable_categorical=False, eval_metric=None, feature_types=None,
             gamma=None, grow_policy=None, importance_type=None,
             interaction_constraints=None, learning_rate=None, max_bin=None,
             max_cat_threshold=None, max_cat_to_onehot=None,
             max_delta_step=None, max_depth=None, max_leaves=None,
             min_child_weight=None, missing=nan, monotone_constraints=None,
             multi_strategy=None, n_estimators=None, n_jobs=None,
             num_parallel_tree=None, random_state=None, ...)",,,20,,,,,0.1,0,9,1,42,,,,,,"{'estimator': XGBRegressor(base_score=None, booster=None, callbacks=None,
             colsample_bylevel=None, colsample_bynode=None,
             colsample_bytree=None, device=None, early_stopping_rounds=None,
             enable_categorical=False, eval_metric=None, feature_types=None,
             gamma=None, grow_policy=None, importance_type=None,
             interaction_constraints=None, learning_rate=None, max_bin=None,
             max_cat_threshold=None, max_cat_to_onehot=None,
             max_delta_step=None, max_depth=None, max_leaves=None,
             min_child_weight=None, missing=nan, monotone_constraints=None,
             multi_strategy=None, n_estimators=None, n_jobs=None,
             num_parallel_tree=None, random_state=None, ...), 'estimator__eta': 0.1, 'estimator__gamma': 20, 'estimator__max_delta_step': 0, 'estimator__max_depth': 9, 'estimator__min_child_weight': 1, 'estimator__random_state': 42}",0.03599063436210516,0.05799454693120446,0.037869750305241666,0.04029670713212541,0.06181477486725849,0.06275382538843341,0.0585904735445141,0.04645832659715925,0.03450532229957629,0.02795477719537449,0.04642291386229928,0.012199106700667508,589,0.11864891809116473,0.24119645742924045,0.028398407327837605,0.02066700403787869,0.03638325860846092,0.05050658596856494,0.03875581368426939,0.0028673913716468213,0.0025635766667464477,0.32101556741915505,0.0861002980604965,0.10382520714439339,606,0.16735711752593546,0.20491798351024226,0.17227371208473763,0.17249387732608762,0.22654835006323465,0.1898865125617788,0.19731434715480983,0.1877474386673681,0.17047527330852666,0.14259692533902762,0.18316115375417485,0.022160479939809095,631
476,0.02850668430328369,0.0005003215109475281,0.005201077461242676,0.0004001976613054124,"XGBRegressor(base_score=None, booster=None, callbacks=None,
             colsample_bylevel=None, colsample_bynode=None,
             colsample_bytree=None, device=None, early_stopping_rounds=None,
             enable_categorical=False, eval_metric=None, feature_types=None,
             gamma=None, grow_policy=None, importance_type=None,
             interaction_constraints=None, learning_rate=None, max_bin=None,
             max_cat_threshold=None, max_cat_to_onehot=None,
             max_delta_step=None, max_depth=None, max_leaves=None,
             min_child_weight=None, missing=nan, monotone_constraints=None,
             multi_strategy=None, n_estimators=None, n_jobs=None,
             num_parallel_tree=None, random_state=None, ...)",,,20,,,,,0.1,0,9,10,42,,,,,,"{'estimator': XGBRegressor(base_score=None, booster=None, callbacks=None,
             colsample_bylevel=None, colsample_bynode=None,
             colsample_bytree=None, device=None, early_stopping_rounds=None,
             enable_categorical=False, eval_metric=None, feature_types=None,
             gamma=None, grow_policy=None, importance_type=None,
             interaction_constraints=None, learning_rate=None, max_bin=None,
             max_cat_threshold=None, max_cat_to_onehot=None,
             max_delta_step=None, max_depth=None, max_leaves=None,
             min_child_weight=None, missing=nan, monotone_constraints=None,
             multi_strategy=None, n_estimators=None, n_jobs=None,
             num_parallel_tree=None, random_state=None, ...), 'estimator__eta': 0.1, 'estimator__gamma': 20, 'estimator__max_delta_step': 0, 'estimator__max_depth': 9, 'estimator__min_child_weight': 10, 'estimator__random_state': 42}",0.03599063436210516,0.05799454693120446,0.037869750305241666,0.04029670713212541,0.06181477486725849,0.06275382538843341,0.0585904735445141,0.04645832659715925,0.03450532229957629,0.02795477719537449,0.04642291386229928,0.012199106700667508,589,0.11864891809116473,0.24119645742924045,0.028398407327837605,0.02066700403787869,0.03638325860846092,0.05050658596856494,0.03875581368426939,0.0028673913716468213,0.0025635766667464477,0.32101556741915505,0.0861002980604965,0.10382520714439339,606,0.16735711752593546,0.20491798351024226,0.17227371208473763,0.17249387732608762,0.22654835006323465,0.1898865125617788,0.19731434715480983,0.1877474386673681,0.17047527330852666,0.14259692533902762,0.18316115375417485,0.022160479939809095,631
477,0.02860684394836426,0.0004897465108523406,0.005100631713867187,0.00030044077127887596,"XGBRegressor(base_score=None, booster=None, callbacks=None,
             colsample_bylevel=None, colsample_bynode=None,
             colsample_bytree=None, device=None, early_stopping_rounds=None,
             enable_categorical=False, eval_metric=None, feature_types=None,
             gamma=None, grow_policy=None, importance_type=None,
             interaction_constraints=None, learning_rate=None, max_bin=None,
             max_cat_threshold=None, max_cat_to_onehot=None,
             max_delta_step=None, max_depth=None, max_leaves=None,
             min_child_weight=None, missing=nan, monotone_constraints=None,
             multi_strategy=None, n_estimators=None, n_jobs=None,
             num_parallel_tree=None, random_state=None, ...)",,,20,,,,,0.1,3,3,0,42,,,,,,"{'estimator': XGBRegressor(base_score=None, booster=None, callbacks=None,
             colsample_bylevel=None, colsample_bynode=None,
             colsample_bytree=None, device=None, early_stopping_rounds=None,
             enable_categorical=False, eval_metric=None, feature_types=None,
             gamma=None, grow_policy=None, importance_type=None,
             interaction_constraints=None, learning_rate=None, max_bin=None,
             max_cat_threshold=None, max_cat_to_onehot=None,
             max_delta_step=None, max_depth=None, max_leaves=None,
             min_child_weight=None, missing=nan, monotone_constraints=None,
             multi_strategy=None, n_estimators=None, n_jobs=None,
             num_parallel_tree=None, random_state=None, ...), 'estimator__eta': 0.1, 'estimator__gamma': 20, 'estimator__max_delta_step': 3, 'estimator__max_depth': 3, 'estimator__min_child_weight': 0, 'estimator__random_state': 42}",0.03599063436210516,0.05799454693120446,0.037869750305241666,0.04029670713212541,0.06181477486725849,0.06275382538843341,0.0585904735445141,0.04645832659715925,0.03450532229957629,0.02795477719537449,0.04642291386229928,0.012199106700667508,589,0.11864891809116473,0.24119645742924045,0.028398407327837605,0.02066700403787869,0.03638325860846092,0.05050658596856494,0.03875581368426939,0.0028673913716468213,0.0025635766667464477,0.32101556741915505,0.0861002980604965,0.10382520714439339,606,0.16735711752593546,0.20491798351024226,0.17227371208473763,0.17249387732608762,0.22654835006323465,0.1898865125617788,0.19731434715480983,0.1877474386673681,0.17047527330852666,0.14259692533902762,0.18316115375417485,0.022160479939809095,631
478,0.028806567192077637,0.0008717058918602663,0.005001139640808105,5.545474695974829e-07,"XGBRegressor(base_score=None, booster=None, callbacks=None,
             colsample_bylevel=None, colsample_bynode=None,
             colsample_bytree=None, device=None, early_stopping_rounds=None,
             enable_categorical=False, eval_metric=None, feature_types=None,
             gamma=None, grow_policy=None, importance_type=None,
             interaction_constraints=None, learning_rate=None, max_bin=None,
             max_cat_threshold=None, max_cat_to_onehot=None,
             max_delta_step=None, max_depth=None, max_leaves=None,
             min_child_weight=None, missing=nan, monotone_constraints=None,
             multi_strategy=None, n_estimators=None, n_jobs=None,
             num_parallel_tree=None, random_state=None, ...)",,,20,,,,,0.1,3,3,1,42,,,,,,"{'estimator': XGBRegressor(base_score=None, booster=None, callbacks=None,
             colsample_bylevel=None, colsample_bynode=None,
             colsample_bytree=None, device=None, early_stopping_rounds=None,
             enable_categorical=False, eval_metric=None, feature_types=None,
             gamma=None, grow_policy=None, importance_type=None,
             interaction_constraints=None, learning_rate=None, max_bin=None,
             max_cat_threshold=None, max_cat_to_onehot=None,
             max_delta_step=None, max_depth=None, max_leaves=None,
             min_child_weight=None, missing=nan, monotone_constraints=None,
             multi_strategy=None, n_estimators=None, n_jobs=None,
             num_parallel_tree=None, random_state=None, ...), 'estimator__eta': 0.1, 'estimator__gamma': 20, 'estimator__max_delta_step': 3, 'estimator__max_depth': 3, 'estimator__min_child_weight': 1, 'estimator__random_state': 42}",0.03599063436210516,0.05799454693120446,0.037869750305241666,0.04029670713212541,0.06181477486725849,0.06275382538843341,0.0585904735445141,0.04645832659715925,0.03450532229957629,0.02795477719537449,0.04642291386229928,0.012199106700667508,589,0.11864891809116473,0.24119645742924045,0.028398407327837605,0.02066700403787869,0.03638325860846092,0.05050658596856494,0.03875581368426939,0.0028673913716468213,0.0025635766667464477,0.32101556741915505,0.0861002980604965,0.10382520714439339,606,0.16735711752593546,0.20491798351024226,0.17227371208473763,0.17249387732608762,0.22654835006323465,0.1898865125617788,0.19731434715480983,0.1877474386673681,0.17047527330852666,0.14259692533902762,0.18316115375417485,0.022160479939809095,631
479,0.029106760025024415,0.0005386458914573588,0.0050011157989501955,3.9609069170561197e-07,"XGBRegressor(base_score=None, booster=None, callbacks=None,
             colsample_bylevel=None, colsample_bynode=None,
             colsample_bytree=None, device=None, early_stopping_rounds=None,
             enable_categorical=False, eval_metric=None, feature_types=None,
             gamma=None, grow_policy=None, importance_type=None,
             interaction_constraints=None, learning_rate=None, max_bin=None,
             max_cat_threshold=None, max_cat_to_onehot=None,
             max_delta_step=None, max_depth=None, max_leaves=None,
             min_child_weight=None, missing=nan, monotone_constraints=None,
             multi_strategy=None, n_estimators=None, n_jobs=None,
             num_parallel_tree=None, random_state=None, ...)",,,20,,,,,0.1,3,3,10,42,,,,,,"{'estimator': XGBRegressor(base_score=None, booster=None, callbacks=None,
             colsample_bylevel=None, colsample_bynode=None,
             colsample_bytree=None, device=None, early_stopping_rounds=None,
             enable_categorical=False, eval_metric=None, feature_types=None,
             gamma=None, grow_policy=None, importance_type=None,
             interaction_constraints=None, learning_rate=None, max_bin=None,
             max_cat_threshold=None, max_cat_to_onehot=None,
             max_delta_step=None, max_depth=None, max_leaves=None,
             min_child_weight=None, missing=nan, monotone_constraints=None,
             multi_strategy=None, n_estimators=None, n_jobs=None,
             num_parallel_tree=None, random_state=None, ...), 'estimator__eta': 0.1, 'estimator__gamma': 20, 'estimator__max_delta_step': 3, 'estimator__max_depth': 3, 'estimator__min_child_weight': 10, 'estimator__random_state': 42}",0.03599063436210516,0.05799454693120446,0.037869750305241666,0.04029670713212541,0.06181477486725849,0.06275382538843341,0.0585904735445141,0.04645832659715925,0.03450532229957629,0.02795477719537449,0.04642291386229928,0.012199106700667508,589,0.11864891809116473,0.24119645742924045,0.028398407327837605,0.02066700403787869,0.03638325860846092,0.05050658596856494,0.03875581368426939,0.0028673913716468213,0.0025635766667464477,0.32101556741915505,0.0861002980604965,0.10382520714439339,606,0.16735711752593546,0.20491798351024226,0.17227371208473763,0.17249387732608762,0.22654835006323465,0.1898865125617788,0.19731434715480983,0.1877474386673681,0.17047527330852666,0.14259692533902762,0.18316115375417485,0.022160479939809095,631
480,0.029506754875183106,0.001285052073904443,0.005301237106323242,0.0004587241368574294,"XGBRegressor(base_score=None, booster=None, callbacks=None,
             colsample_bylevel=None, colsample_bynode=None,
             colsample_bytree=None, device=None, early_stopping_rounds=None,
             enable_categorical=False, eval_metric=None, feature_types=None,
             gamma=None, grow_policy=None, importance_type=None,
             interaction_constraints=None, learning_rate=None, max_bin=None,
             max_cat_threshold=None, max_cat_to_onehot=None,
             max_delta_step=None, max_depth=None, max_leaves=None,
             min_child_weight=None, missing=nan, monotone_constraints=None,
             multi_strategy=None, n_estimators=None, n_jobs=None,
             num_parallel_tree=None, random_state=None, ...)",,,20,,,,,0.1,3,6,0,42,,,,,,"{'estimator': XGBRegressor(base_score=None, booster=None, callbacks=None,
             colsample_bylevel=None, colsample_bynode=None,
             colsample_bytree=None, device=None, early_stopping_rounds=None,
             enable_categorical=False, eval_metric=None, feature_types=None,
             gamma=None, grow_policy=None, importance_type=None,
             interaction_constraints=None, learning_rate=None, max_bin=None,
             max_cat_threshold=None, max_cat_to_onehot=None,
             max_delta_step=None, max_depth=None, max_leaves=None,
             min_child_weight=None, missing=nan, monotone_constraints=None,
             multi_strategy=None, n_estimators=None, n_jobs=None,
             num_parallel_tree=None, random_state=None, ...), 'estimator__eta': 0.1, 'estimator__gamma': 20, 'estimator__max_delta_step': 3, 'estimator__max_depth': 6, 'estimator__min_child_weight': 0, 'estimator__random_state': 42}",0.03599063436210516,0.05799454693120446,0.037869750305241666,0.04029670713212541,0.06181477486725849,0.06275382538843341,0.0585904735445141,0.04645832659715925,0.03450532229957629,0.02795477719537449,0.04642291386229928,0.012199106700667508,589,0.11864891809116473,0.24119645742924045,0.028398407327837605,0.02066700403787869,0.03638325860846092,0.05050658596856494,0.03875581368426939,0.0028673913716468213,0.0025635766667464477,0.32101556741915505,0.0861002980604965,0.10382520714439339,606,0.16735711752593546,0.20491798351024226,0.17227371208473763,0.17249387732608762,0.22654835006323465,0.1898865125617788,0.19731434715480983,0.1877474386673681,0.17047527330852666,0.14259692533902762,0.18316115375417485,0.022160479939809095,631
481,0.028906750679016113,0.0005386590282264714,0.004917716979980469,0.0007047439311915402,"XGBRegressor(base_score=None, booster=None, callbacks=None,
             colsample_bylevel=None, colsample_bynode=None,
             colsample_bytree=None, device=None, early_stopping_rounds=None,
             enable_categorical=False, eval_metric=None, feature_types=None,
             gamma=None, grow_policy=None, importance_type=None,
             interaction_constraints=None, learning_rate=None, max_bin=None,
             max_cat_threshold=None, max_cat_to_onehot=None,
             max_delta_step=None, max_depth=None, max_leaves=None,
             min_child_weight=None, missing=nan, monotone_constraints=None,
             multi_strategy=None, n_estimators=None, n_jobs=None,
             num_parallel_tree=None, random_state=None, ...)",,,20,,,,,0.1,3,6,1,42,,,,,,"{'estimator': XGBRegressor(base_score=None, booster=None, callbacks=None,
             colsample_bylevel=None, colsample_bynode=None,
             colsample_bytree=None, device=None, early_stopping_rounds=None,
             enable_categorical=False, eval_metric=None, feature_types=None,
             gamma=None, grow_policy=None, importance_type=None,
             interaction_constraints=None, learning_rate=None, max_bin=None,
             max_cat_threshold=None, max_cat_to_onehot=None,
             max_delta_step=None, max_depth=None, max_leaves=None,
             min_child_weight=None, missing=nan, monotone_constraints=None,
             multi_strategy=None, n_estimators=None, n_jobs=None,
             num_parallel_tree=None, random_state=None, ...), 'estimator__eta': 0.1, 'estimator__gamma': 20, 'estimator__max_delta_step': 3, 'estimator__max_depth': 6, 'estimator__min_child_weight': 1, 'estimator__random_state': 42}",0.03599063436210516,0.05799454693120446,0.037869750305241666,0.04029670713212541,0.06181477486725849,0.06275382538843341,0.0585904735445141,0.04645832659715925,0.03450532229957629,0.02795477719537449,0.04642291386229928,0.012199106700667508,589,0.11864891809116473,0.24119645742924045,0.028398407327837605,0.02066700403787869,0.03638325860846092,0.05050658596856494,0.03875581368426939,0.0028673913716468213,0.0025635766667464477,0.32101556741915505,0.0861002980604965,0.10382520714439339,606,0.16735711752593546,0.20491798351024226,0.17227371208473763,0.17249387732608762,0.22654835006323465,0.1898865125617788,0.19731434715480983,0.1877474386673681,0.17047527330852666,0.14259692533902762,0.18316115375417485,0.022160479939809095,631
482,0.02900674343109131,0.0007748483616556789,0.0053009033203125,0.0006402958653878269,"XGBRegressor(base_score=None, booster=None, callbacks=None,
             colsample_bylevel=None, colsample_bynode=None,
             colsample_bytree=None, device=None, early_stopping_rounds=None,
             enable_categorical=False, eval_metric=None, feature_types=None,
             gamma=None, grow_policy=None, importance_type=None,
             interaction_constraints=None, learning_rate=None, max_bin=None,
             max_cat_threshold=None, max_cat_to_onehot=None,
             max_delta_step=None, max_depth=None, max_leaves=None,
             min_child_weight=None, missing=nan, monotone_constraints=None,
             multi_strategy=None, n_estimators=None, n_jobs=None,
             num_parallel_tree=None, random_state=None, ...)",,,20,,,,,0.1,3,6,10,42,,,,,,"{'estimator': XGBRegressor(base_score=None, booster=None, callbacks=None,
             colsample_bylevel=None, colsample_bynode=None,
             colsample_bytree=None, device=None, early_stopping_rounds=None,
             enable_categorical=False, eval_metric=None, feature_types=None,
             gamma=None, grow_policy=None, importance_type=None,
             interaction_constraints=None, learning_rate=None, max_bin=None,
             max_cat_threshold=None, max_cat_to_onehot=None,
             max_delta_step=None, max_depth=None, max_leaves=None,
             min_child_weight=None, missing=nan, monotone_constraints=None,
             multi_strategy=None, n_estimators=None, n_jobs=None,
             num_parallel_tree=None, random_state=None, ...), 'estimator__eta': 0.1, 'estimator__gamma': 20, 'estimator__max_delta_step': 3, 'estimator__max_depth': 6, 'estimator__min_child_weight': 10, 'estimator__random_state': 42}",0.03599063436210516,0.05799454693120446,0.037869750305241666,0.04029670713212541,0.06181477486725849,0.06275382538843341,0.0585904735445141,0.04645832659715925,0.03450532229957629,0.02795477719537449,0.04642291386229928,0.012199106700667508,589,0.11864891809116473,0.24119645742924045,0.028398407327837605,0.02066700403787869,0.03638325860846092,0.05050658596856494,0.03875581368426939,0.0028673913716468213,0.0025635766667464477,0.32101556741915505,0.0861002980604965,0.10382520714439339,606,0.16735711752593546,0.20491798351024226,0.17227371208473763,0.17249387732608762,0.22654835006323465,0.1898865125617788,0.19731434715480983,0.1877474386673681,0.17047527330852666,0.14259692533902762,0.18316115375417485,0.022160479939809095,631
483,0.028406620025634766,0.0004897360322095285,0.0049009561538696286,0.0005388983265459231,"XGBRegressor(base_score=None, booster=None, callbacks=None,
             colsample_bylevel=None, colsample_bynode=None,
             colsample_bytree=None, device=None, early_stopping_rounds=None,
             enable_categorical=False, eval_metric=None, feature_types=None,
             gamma=None, grow_policy=None, importance_type=None,
             interaction_constraints=None, learning_rate=None, max_bin=None,
             max_cat_threshold=None, max_cat_to_onehot=None,
             max_delta_step=None, max_depth=None, max_leaves=None,
             min_child_weight=None, missing=nan, monotone_constraints=None,
             multi_strategy=None, n_estimators=None, n_jobs=None,
             num_parallel_tree=None, random_state=None, ...)",,,20,,,,,0.1,3,9,0,42,,,,,,"{'estimator': XGBRegressor(base_score=None, booster=None, callbacks=None,
             colsample_bylevel=None, colsample_bynode=None,
             colsample_bytree=None, device=None, early_stopping_rounds=None,
             enable_categorical=False, eval_metric=None, feature_types=None,
             gamma=None, grow_policy=None, importance_type=None,
             interaction_constraints=None, learning_rate=None, max_bin=None,
             max_cat_threshold=None, max_cat_to_onehot=None,
             max_delta_step=None, max_depth=None, max_leaves=None,
             min_child_weight=None, missing=nan, monotone_constraints=None,
             multi_strategy=None, n_estimators=None, n_jobs=None,
             num_parallel_tree=None, random_state=None, ...), 'estimator__eta': 0.1, 'estimator__gamma': 20, 'estimator__max_delta_step': 3, 'estimator__max_depth': 9, 'estimator__min_child_weight': 0, 'estimator__random_state': 42}",0.03599063436210516,0.05799454693120446,0.037869750305241666,0.04029670713212541,0.06181477486725849,0.06275382538843341,0.0585904735445141,0.04645832659715925,0.03450532229957629,0.02795477719537449,0.04642291386229928,0.012199106700667508,589,0.11864891809116473,0.24119645742924045,0.028398407327837605,0.02066700403787869,0.03638325860846092,0.05050658596856494,0.03875581368426939,0.0028673913716468213,0.0025635766667464477,0.32101556741915505,0.0861002980604965,0.10382520714439339,606,0.16735711752593546,0.20491798351024226,0.17227371208473763,0.17249387732608762,0.22654835006323465,0.1898865125617788,0.19731434715480983,0.1877474386673681,0.17047527330852666,0.14259692533902762,0.18316115375417485,0.022160479939809095,631
484,0.02830636501312256,0.0006397115544002447,0.005001044273376465,0.0004468614426350591,"XGBRegressor(base_score=None, booster=None, callbacks=None,
             colsample_bylevel=None, colsample_bynode=None,
             colsample_bytree=None, device=None, early_stopping_rounds=None,
             enable_categorical=False, eval_metric=None, feature_types=None,
             gamma=None, grow_policy=None, importance_type=None,
             interaction_constraints=None, learning_rate=None, max_bin=None,
             max_cat_threshold=None, max_cat_to_onehot=None,
             max_delta_step=None, max_depth=None, max_leaves=None,
             min_child_weight=None, missing=nan, monotone_constraints=None,
             multi_strategy=None, n_estimators=None, n_jobs=None,
             num_parallel_tree=None, random_state=None, ...)",,,20,,,,,0.1,3,9,1,42,,,,,,"{'estimator': XGBRegressor(base_score=None, booster=None, callbacks=None,
             colsample_bylevel=None, colsample_bynode=None,
             colsample_bytree=None, device=None, early_stopping_rounds=None,
             enable_categorical=False, eval_metric=None, feature_types=None,
             gamma=None, grow_policy=None, importance_type=None,
             interaction_constraints=None, learning_rate=None, max_bin=None,
             max_cat_threshold=None, max_cat_to_onehot=None,
             max_delta_step=None, max_depth=None, max_leaves=None,
             min_child_weight=None, missing=nan, monotone_constraints=None,
             multi_strategy=None, n_estimators=None, n_jobs=None,
             num_parallel_tree=None, random_state=None, ...), 'estimator__eta': 0.1, 'estimator__gamma': 20, 'estimator__max_delta_step': 3, 'estimator__max_depth': 9, 'estimator__min_child_weight': 1, 'estimator__random_state': 42}",0.03599063436210516,0.05799454693120446,0.037869750305241666,0.04029670713212541,0.06181477486725849,0.06275382538843341,0.0585904735445141,0.04645832659715925,0.03450532229957629,0.02795477719537449,0.04642291386229928,0.012199106700667508,589,0.11864891809116473,0.24119645742924045,0.028398407327837605,0.02066700403787869,0.03638325860846092,0.05050658596856494,0.03875581368426939,0.0028673913716468213,0.0025635766667464477,0.32101556741915505,0.0861002980604965,0.10382520714439339,606,0.16735711752593546,0.20491798351024226,0.17227371208473763,0.17249387732608762,0.22654835006323465,0.1898865125617788,0.19731434715480983,0.1877474386673681,0.17047527330852666,0.14259692533902762,0.18316115375417485,0.022160479939809095,631
485,0.029106831550598143,0.0008307887941467155,0.004900932312011719,0.00030024853546992575,"XGBRegressor(base_score=None, booster=None, callbacks=None,
             colsample_bylevel=None, colsample_bynode=None,
             colsample_bytree=None, device=None, early_stopping_rounds=None,
             enable_categorical=False, eval_metric=None, feature_types=None,
             gamma=None, grow_policy=None, importance_type=None,
             interaction_constraints=None, learning_rate=None, max_bin=None,
             max_cat_threshold=None, max_cat_to_onehot=None,
             max_delta_step=None, max_depth=None, max_leaves=None,
             min_child_weight=None, missing=nan, monotone_constraints=None,
             multi_strategy=None, n_estimators=None, n_jobs=None,
             num_parallel_tree=None, random_state=None, ...)",,,20,,,,,0.1,3,9,10,42,,,,,,"{'estimator': XGBRegressor(base_score=None, booster=None, callbacks=None,
             colsample_bylevel=None, colsample_bynode=None,
             colsample_bytree=None, device=None, early_stopping_rounds=None,
             enable_categorical=False, eval_metric=None, feature_types=None,
             gamma=None, grow_policy=None, importance_type=None,
             interaction_constraints=None, learning_rate=None, max_bin=None,
             max_cat_threshold=None, max_cat_to_onehot=None,
             max_delta_step=None, max_depth=None, max_leaves=None,
             min_child_weight=None, missing=nan, monotone_constraints=None,
             multi_strategy=None, n_estimators=None, n_jobs=None,
             num_parallel_tree=None, random_state=None, ...), 'estimator__eta': 0.1, 'estimator__gamma': 20, 'estimator__max_delta_step': 3, 'estimator__max_depth': 9, 'estimator__min_child_weight': 10, 'estimator__random_state': 42}",0.03599063436210516,0.05799454693120446,0.037869750305241666,0.04029670713212541,0.06181477486725849,0.06275382538843341,0.0585904735445141,0.04645832659715925,0.03450532229957629,0.02795477719537449,0.04642291386229928,0.012199106700667508,589,0.11864891809116473,0.24119645742924045,0.028398407327837605,0.02066700403787869,0.03638325860846092,0.05050658596856494,0.03875581368426939,0.0028673913716468213,0.0025635766667464477,0.32101556741915505,0.0861002980604965,0.10382520714439339,606,0.16735711752593546,0.20491798351024226,0.17227371208473763,0.17249387732608762,0.22654835006323465,0.1898865125617788,0.19731434715480983,0.1877474386673681,0.17047527330852666,0.14259692533902762,0.18316115375417485,0.022160479939809095,631
486,0.02890655994415283,0.0006999597751513829,0.004901123046875,0.0005385752723373954,"XGBRegressor(base_score=None, booster=None, callbacks=None,
             colsample_bylevel=None, colsample_bynode=None,
             colsample_bytree=None, device=None, early_stopping_rounds=None,
             enable_categorical=False, eval_metric=None, feature_types=None,
             gamma=None, grow_policy=None, importance_type=None,
             interaction_constraints=None, learning_rate=None, max_bin=None,
             max_cat_threshold=None, max_cat_to_onehot=None,
             max_delta_step=None, max_depth=None, max_leaves=None,
             min_child_weight=None, missing=nan, monotone_constraints=None,
             multi_strategy=None, n_estimators=None, n_jobs=None,
             num_parallel_tree=None, random_state=None, ...)",,,20,,,,,0.1,6,3,0,42,,,,,,"{'estimator': XGBRegressor(base_score=None, booster=None, callbacks=None,
             colsample_bylevel=None, colsample_bynode=None,
             colsample_bytree=None, device=None, early_stopping_rounds=None,
             enable_categorical=False, eval_metric=None, feature_types=None,
             gamma=None, grow_policy=None, importance_type=None,
             interaction_constraints=None, learning_rate=None, max_bin=None,
             max_cat_threshold=None, max_cat_to_onehot=None,
             max_delta_step=None, max_depth=None, max_leaves=None,
             min_child_weight=None, missing=nan, monotone_constraints=None,
             multi_strategy=None, n_estimators=None, n_jobs=None,
             num_parallel_tree=None, random_state=None, ...), 'estimator__eta': 0.1, 'estimator__gamma': 20, 'estimator__max_delta_step': 6, 'estimator__max_depth': 3, 'estimator__min_child_weight': 0, 'estimator__random_state': 42}",0.03599063436210516,0.05799454693120446,0.037869750305241666,0.04029670713212541,0.06181477486725849,0.06275382538843341,0.0585904735445141,0.04645832659715925,0.03450532229957629,0.02795477719537449,0.04642291386229928,0.012199106700667508,589,0.11864891809116473,0.24119645742924045,0.028398407327837605,0.02066700403787869,0.03638325860846092,0.05050658596856494,0.03875581368426939,0.0028673913716468213,0.0025635766667464477,0.32101556741915505,0.0861002980604965,0.10382520714439339,606,0.16735711752593546,0.20491798351024226,0.17227371208473763,0.17249387732608762,0.22654835006323465,0.1898865125617788,0.19731434715480983,0.1877474386673681,0.17047527330852666,0.14259692533902762,0.18316115375417485,0.022160479939809095,631
487,0.02880682945251465,0.0006001075885040625,0.005100870132446289,0.0002998835332702515,"XGBRegressor(base_score=None, booster=None, callbacks=None,
             colsample_bylevel=None, colsample_bynode=None,
             colsample_bytree=None, device=None, early_stopping_rounds=None,
             enable_categorical=False, eval_metric=None, feature_types=None,
             gamma=None, grow_policy=None, importance_type=None,
             interaction_constraints=None, learning_rate=None, max_bin=None,
             max_cat_threshold=None, max_cat_to_onehot=None,
             max_delta_step=None, max_depth=None, max_leaves=None,
             min_child_weight=None, missing=nan, monotone_constraints=None,
             multi_strategy=None, n_estimators=None, n_jobs=None,
             num_parallel_tree=None, random_state=None, ...)",,,20,,,,,0.1,6,3,1,42,,,,,,"{'estimator': XGBRegressor(base_score=None, booster=None, callbacks=None,
             colsample_bylevel=None, colsample_bynode=None,
             colsample_bytree=None, device=None, early_stopping_rounds=None,
             enable_categorical=False, eval_metric=None, feature_types=None,
             gamma=None, grow_policy=None, importance_type=None,
             interaction_constraints=None, learning_rate=None, max_bin=None,
             max_cat_threshold=None, max_cat_to_onehot=None,
             max_delta_step=None, max_depth=None, max_leaves=None,
             min_child_weight=None, missing=nan, monotone_constraints=None,
             multi_strategy=None, n_estimators=None, n_jobs=None,
             num_parallel_tree=None, random_state=None, ...), 'estimator__eta': 0.1, 'estimator__gamma': 20, 'estimator__max_delta_step': 6, 'estimator__max_depth': 3, 'estimator__min_child_weight': 1, 'estimator__random_state': 42}",0.03599063436210516,0.05799454693120446,0.037869750305241666,0.04029670713212541,0.06181477486725849,0.06275382538843341,0.0585904735445141,0.04645832659715925,0.03450532229957629,0.02795477719537449,0.04642291386229928,0.012199106700667508,589,0.11864891809116473,0.24119645742924045,0.028398407327837605,0.02066700403787869,0.03638325860846092,0.05050658596856494,0.03875581368426939,0.0028673913716468213,0.0025635766667464477,0.32101556741915505,0.0861002980604965,0.10382520714439339,606,0.16735711752593546,0.20491798351024226,0.17227371208473763,0.17249387732608762,0.22654835006323465,0.1898865125617788,0.19731434715480983,0.1877474386673681,0.17047527330852666,0.14259692533902762,0.18316115375417485,0.022160479939809095,631
488,0.028906655311584473,0.0007003477891633726,0.005001211166381836,0.00044734133322260676,"XGBRegressor(base_score=None, booster=None, callbacks=None,
             colsample_bylevel=None, colsample_bynode=None,
             colsample_bytree=None, device=None, early_stopping_rounds=None,
             enable_categorical=False, eval_metric=None, feature_types=None,
             gamma=None, grow_policy=None, importance_type=None,
             interaction_constraints=None, learning_rate=None, max_bin=None,
             max_cat_threshold=None, max_cat_to_onehot=None,
             max_delta_step=None, max_depth=None, max_leaves=None,
             min_child_weight=None, missing=nan, monotone_constraints=None,
             multi_strategy=None, n_estimators=None, n_jobs=None,
             num_parallel_tree=None, random_state=None, ...)",,,20,,,,,0.1,6,3,10,42,,,,,,"{'estimator': XGBRegressor(base_score=None, booster=None, callbacks=None,
             colsample_bylevel=None, colsample_bynode=None,
             colsample_bytree=None, device=None, early_stopping_rounds=None,
             enable_categorical=False, eval_metric=None, feature_types=None,
             gamma=None, grow_policy=None, importance_type=None,
             interaction_constraints=None, learning_rate=None, max_bin=None,
             max_cat_threshold=None, max_cat_to_onehot=None,
             max_delta_step=None, max_depth=None, max_leaves=None,
             min_child_weight=None, missing=nan, monotone_constraints=None,
             multi_strategy=None, n_estimators=None, n_jobs=None,
             num_parallel_tree=None, random_state=None, ...), 'estimator__eta': 0.1, 'estimator__gamma': 20, 'estimator__max_delta_step': 6, 'estimator__max_depth': 3, 'estimator__min_child_weight': 10, 'estimator__random_state': 42}",0.03599063436210516,0.05799454693120446,0.037869750305241666,0.04029670713212541,0.06181477486725849,0.06275382538843341,0.0585904735445141,0.04645832659715925,0.03450532229957629,0.02795477719537449,0.04642291386229928,0.012199106700667508,589,0.11864891809116473,0.24119645742924045,0.028398407327837605,0.02066700403787869,0.03638325860846092,0.05050658596856494,0.03875581368426939,0.0028673913716468213,0.0025635766667464477,0.32101556741915505,0.0861002980604965,0.10382520714439339,606,0.16735711752593546,0.20491798351024226,0.17227371208473763,0.17249387732608762,0.22654835006323465,0.1898865125617788,0.19731434715480983,0.1877474386673681,0.17047527330852666,0.14259692533902762,0.18316115375417485,0.022160479939809095,631
489,0.028906798362731932,0.0005381815403817867,0.0050008296966552734,0.0004472356726590141,"XGBRegressor(base_score=None, booster=None, callbacks=None,
             colsample_bylevel=None, colsample_bynode=None,
             colsample_bytree=None, device=None, early_stopping_rounds=None,
             enable_categorical=False, eval_metric=None, feature_types=None,
             gamma=None, grow_policy=None, importance_type=None,
             interaction_constraints=None, learning_rate=None, max_bin=None,
             max_cat_threshold=None, max_cat_to_onehot=None,
             max_delta_step=None, max_depth=None, max_leaves=None,
             min_child_weight=None, missing=nan, monotone_constraints=None,
             multi_strategy=None, n_estimators=None, n_jobs=None,
             num_parallel_tree=None, random_state=None, ...)",,,20,,,,,0.1,6,6,0,42,,,,,,"{'estimator': XGBRegressor(base_score=None, booster=None, callbacks=None,
             colsample_bylevel=None, colsample_bynode=None,
             colsample_bytree=None, device=None, early_stopping_rounds=None,
             enable_categorical=False, eval_metric=None, feature_types=None,
             gamma=None, grow_policy=None, importance_type=None,
             interaction_constraints=None, learning_rate=None, max_bin=None,
             max_cat_threshold=None, max_cat_to_onehot=None,
             max_delta_step=None, max_depth=None, max_leaves=None,
             min_child_weight=None, missing=nan, monotone_constraints=None,
             multi_strategy=None, n_estimators=None, n_jobs=None,
             num_parallel_tree=None, random_state=None, ...), 'estimator__eta': 0.1, 'estimator__gamma': 20, 'estimator__max_delta_step': 6, 'estimator__max_depth': 6, 'estimator__min_child_weight': 0, 'estimator__random_state': 42}",0.03599063436210516,0.05799454693120446,0.037869750305241666,0.04029670713212541,0.06181477486725849,0.06275382538843341,0.0585904735445141,0.04645832659715925,0.03450532229957629,0.02795477719537449,0.04642291386229928,0.012199106700667508,589,0.11864891809116473,0.24119645742924045,0.028398407327837605,0.02066700403787869,0.03638325860846092,0.05050658596856494,0.03875581368426939,0.0028673913716468213,0.0025635766667464477,0.32101556741915505,0.0861002980604965,0.10382520714439339,606,0.16735711752593546,0.20491798351024226,0.17227371208473763,0.17249387732608762,0.22654835006323465,0.1898865125617788,0.19731434715480983,0.1877474386673681,0.17047527330852666,0.14259692533902762,0.18316115375417485,0.022160479939809095,631
490,0.02920675277709961,0.0010771010370420203,0.005201077461242676,0.0004000189087219506,"XGBRegressor(base_score=None, booster=None, callbacks=None,
             colsample_bylevel=None, colsample_bynode=None,
             colsample_bytree=None, device=None, early_stopping_rounds=None,
             enable_categorical=False, eval_metric=None, feature_types=None,
             gamma=None, grow_policy=None, importance_type=None,
             interaction_constraints=None, learning_rate=None, max_bin=None,
             max_cat_threshold=None, max_cat_to_onehot=None,
             max_delta_step=None, max_depth=None, max_leaves=None,
             min_child_weight=None, missing=nan, monotone_constraints=None,
             multi_strategy=None, n_estimators=None, n_jobs=None,
             num_parallel_tree=None, random_state=None, ...)",,,20,,,,,0.1,6,6,1,42,,,,,,"{'estimator': XGBRegressor(base_score=None, booster=None, callbacks=None,
             colsample_bylevel=None, colsample_bynode=None,
             colsample_bytree=None, device=None, early_stopping_rounds=None,
             enable_categorical=False, eval_metric=None, feature_types=None,
             gamma=None, grow_policy=None, importance_type=None,
             interaction_constraints=None, learning_rate=None, max_bin=None,
             max_cat_threshold=None, max_cat_to_onehot=None,
             max_delta_step=None, max_depth=None, max_leaves=None,
             min_child_weight=None, missing=nan, monotone_constraints=None,
             multi_strategy=None, n_estimators=None, n_jobs=None,
             num_parallel_tree=None, random_state=None, ...), 'estimator__eta': 0.1, 'estimator__gamma': 20, 'estimator__max_delta_step': 6, 'estimator__max_depth': 6, 'estimator__min_child_weight': 1, 'estimator__random_state': 42}",0.03599063436210516,0.05799454693120446,0.037869750305241666,0.04029670713212541,0.06181477486725849,0.06275382538843341,0.0585904735445141,0.04645832659715925,0.03450532229957629,0.02795477719537449,0.04642291386229928,0.012199106700667508,589,0.11864891809116473,0.24119645742924045,0.028398407327837605,0.02066700403787869,0.03638325860846092,0.05050658596856494,0.03875581368426939,0.0028673913716468213,0.0025635766667464477,0.32101556741915505,0.0861002980604965,0.10382520714439339,606,0.16735711752593546,0.20491798351024226,0.17227371208473763,0.17249387732608762,0.22654835006323465,0.1898865125617788,0.19731434715480983,0.1877474386673681,0.17047527330852666,0.14259692533902762,0.18316115375417485,0.022160479939809095,631
491,0.029306721687316895,0.0011877437173756654,0.0050011157989501955,0.0006326361301365339,"XGBRegressor(base_score=None, booster=None, callbacks=None,
             colsample_bylevel=None, colsample_bynode=None,
             colsample_bytree=None, device=None, early_stopping_rounds=None,
             enable_categorical=False, eval_metric=None, feature_types=None,
             gamma=None, grow_policy=None, importance_type=None,
             interaction_constraints=None, learning_rate=None, max_bin=None,
             max_cat_threshold=None, max_cat_to_onehot=None,
             max_delta_step=None, max_depth=None, max_leaves=None,
             min_child_weight=None, missing=nan, monotone_constraints=None,
             multi_strategy=None, n_estimators=None, n_jobs=None,
             num_parallel_tree=None, random_state=None, ...)",,,20,,,,,0.1,6,6,10,42,,,,,,"{'estimator': XGBRegressor(base_score=None, booster=None, callbacks=None,
             colsample_bylevel=None, colsample_bynode=None,
             colsample_bytree=None, device=None, early_stopping_rounds=None,
             enable_categorical=False, eval_metric=None, feature_types=None,
             gamma=None, grow_policy=None, importance_type=None,
             interaction_constraints=None, learning_rate=None, max_bin=None,
             max_cat_threshold=None, max_cat_to_onehot=None,
             max_delta_step=None, max_depth=None, max_leaves=None,
             min_child_weight=None, missing=nan, monotone_constraints=None,
             multi_strategy=None, n_estimators=None, n_jobs=None,
             num_parallel_tree=None, random_state=None, ...), 'estimator__eta': 0.1, 'estimator__gamma': 20, 'estimator__max_delta_step': 6, 'estimator__max_depth': 6, 'estimator__min_child_weight': 10, 'estimator__random_state': 42}",0.03599063436210516,0.05799454693120446,0.037869750305241666,0.04029670713212541,0.06181477486725849,0.06275382538843341,0.0585904735445141,0.04645832659715925,0.03450532229957629,0.02795477719537449,0.04642291386229928,0.012199106700667508,589,0.11864891809116473,0.24119645742924045,0.028398407327837605,0.02066700403787869,0.03638325860846092,0.05050658596856494,0.03875581368426939,0.0028673913716468213,0.0025635766667464477,0.32101556741915505,0.0861002980604965,0.10382520714439339,606,0.16735711752593546,0.20491798351024226,0.17227371208473763,0.17249387732608762,0.22654835006323465,0.1898865125617788,0.19731434715480983,0.1877474386673681,0.17047527330852666,0.14259692533902762,0.18316115375417485,0.022160479939809095,631
492,0.029206681251525878,0.0007485068043274581,0.005001068115234375,5.43678009557313e-07,"XGBRegressor(base_score=None, booster=None, callbacks=None,
             colsample_bylevel=None, colsample_bynode=None,
             colsample_bytree=None, device=None, early_stopping_rounds=None,
             enable_categorical=False, eval_metric=None, feature_types=None,
             gamma=None, grow_policy=None, importance_type=None,
             interaction_constraints=None, learning_rate=None, max_bin=None,
             max_cat_threshold=None, max_cat_to_onehot=None,
             max_delta_step=None, max_depth=None, max_leaves=None,
             min_child_weight=None, missing=nan, monotone_constraints=None,
             multi_strategy=None, n_estimators=None, n_jobs=None,
             num_parallel_tree=None, random_state=None, ...)",,,20,,,,,0.1,6,9,0,42,,,,,,"{'estimator': XGBRegressor(base_score=None, booster=None, callbacks=None,
             colsample_bylevel=None, colsample_bynode=None,
             colsample_bytree=None, device=None, early_stopping_rounds=None,
             enable_categorical=False, eval_metric=None, feature_types=None,
             gamma=None, grow_policy=None, importance_type=None,
             interaction_constraints=None, learning_rate=None, max_bin=None,
             max_cat_threshold=None, max_cat_to_onehot=None,
             max_delta_step=None, max_depth=None, max_leaves=None,
             min_child_weight=None, missing=nan, monotone_constraints=None,
             multi_strategy=None, n_estimators=None, n_jobs=None,
             num_parallel_tree=None, random_state=None, ...), 'estimator__eta': 0.1, 'estimator__gamma': 20, 'estimator__max_delta_step': 6, 'estimator__max_depth': 9, 'estimator__min_child_weight': 0, 'estimator__random_state': 42}",0.03599063436210516,0.05799454693120446,0.037869750305241666,0.04029670713212541,0.06181477486725849,0.06275382538843341,0.0585904735445141,0.04645832659715925,0.03450532229957629,0.02795477719537449,0.04642291386229928,0.012199106700667508,589,0.11864891809116473,0.24119645742924045,0.028398407327837605,0.02066700403787869,0.03638325860846092,0.05050658596856494,0.03875581368426939,0.0028673913716468213,0.0025635766667464477,0.32101556741915505,0.0861002980604965,0.10382520714439339,606,0.16735711752593546,0.20491798351024226,0.17227371208473763,0.17249387732608762,0.22654835006323465,0.1898865125617788,0.19731434715480983,0.1877474386673681,0.17047527330852666,0.14259692533902762,0.18316115375417485,0.022160479939809095,631
493,0.028906607627868654,0.0007003750794027008,0.0051010847091674805,0.000538738761124727,"XGBRegressor(base_score=None, booster=None, callbacks=None,
             colsample_bylevel=None, colsample_bynode=None,
             colsample_bytree=None, device=None, early_stopping_rounds=None,
             enable_categorical=False, eval_metric=None, feature_types=None,
             gamma=None, grow_policy=None, importance_type=None,
             interaction_constraints=None, learning_rate=None, max_bin=None,
             max_cat_threshold=None, max_cat_to_onehot=None,
             max_delta_step=None, max_depth=None, max_leaves=None,
             min_child_weight=None, missing=nan, monotone_constraints=None,
             multi_strategy=None, n_estimators=None, n_jobs=None,
             num_parallel_tree=None, random_state=None, ...)",,,20,,,,,0.1,6,9,1,42,,,,,,"{'estimator': XGBRegressor(base_score=None, booster=None, callbacks=None,
             colsample_bylevel=None, colsample_bynode=None,
             colsample_bytree=None, device=None, early_stopping_rounds=None,
             enable_categorical=False, eval_metric=None, feature_types=None,
             gamma=None, grow_policy=None, importance_type=None,
             interaction_constraints=None, learning_rate=None, max_bin=None,
             max_cat_threshold=None, max_cat_to_onehot=None,
             max_delta_step=None, max_depth=None, max_leaves=None,
             min_child_weight=None, missing=nan, monotone_constraints=None,
             multi_strategy=None, n_estimators=None, n_jobs=None,
             num_parallel_tree=None, random_state=None, ...), 'estimator__eta': 0.1, 'estimator__gamma': 20, 'estimator__max_delta_step': 6, 'estimator__max_depth': 9, 'estimator__min_child_weight': 1, 'estimator__random_state': 42}",0.03599063436210516,0.05799454693120446,0.037869750305241666,0.04029670713212541,0.06181477486725849,0.06275382538843341,0.0585904735445141,0.04645832659715925,0.03450532229957629,0.02795477719537449,0.04642291386229928,0.012199106700667508,589,0.11864891809116473,0.24119645742924045,0.028398407327837605,0.02066700403787869,0.03638325860846092,0.05050658596856494,0.03875581368426939,0.0028673913716468213,0.0025635766667464477,0.32101556741915505,0.0861002980604965,0.10382520714439339,606,0.16735711752593546,0.20491798351024226,0.17227371208473763,0.17249387732608762,0.22654835006323465,0.1898865125617788,0.19731434715480983,0.1877474386673681,0.17047527330852666,0.14259692533902762,0.18316115375417485,0.022160479939809095,631
494,0.029306530952453613,0.0006403817249973836,0.0051010847091674805,0.00030036786458691937,"XGBRegressor(base_score=None, booster=None, callbacks=None,
             colsample_bylevel=None, colsample_bynode=None,
             colsample_bytree=None, device=None, early_stopping_rounds=None,
             enable_categorical=False, eval_metric=None, feature_types=None,
             gamma=None, grow_policy=None, importance_type=None,
             interaction_constraints=None, learning_rate=None, max_bin=None,
             max_cat_threshold=None, max_cat_to_onehot=None,
             max_delta_step=None, max_depth=None, max_leaves=None,
             min_child_weight=None, missing=nan, monotone_constraints=None,
             multi_strategy=None, n_estimators=None, n_jobs=None,
             num_parallel_tree=None, random_state=None, ...)",,,20,,,,,0.1,6,9,10,42,,,,,,"{'estimator': XGBRegressor(base_score=None, booster=None, callbacks=None,
             colsample_bylevel=None, colsample_bynode=None,
             colsample_bytree=None, device=None, early_stopping_rounds=None,
             enable_categorical=False, eval_metric=None, feature_types=None,
             gamma=None, grow_policy=None, importance_type=None,
             interaction_constraints=None, learning_rate=None, max_bin=None,
             max_cat_threshold=None, max_cat_to_onehot=None,
             max_delta_step=None, max_depth=None, max_leaves=None,
             min_child_weight=None, missing=nan, monotone_constraints=None,
             multi_strategy=None, n_estimators=None, n_jobs=None,
             num_parallel_tree=None, random_state=None, ...), 'estimator__eta': 0.1, 'estimator__gamma': 20, 'estimator__max_delta_step': 6, 'estimator__max_depth': 9, 'estimator__min_child_weight': 10, 'estimator__random_state': 42}",0.03599063436210516,0.05799454693120446,0.037869750305241666,0.04029670713212541,0.06181477486725849,0.06275382538843341,0.0585904735445141,0.04645832659715925,0.03450532229957629,0.02795477719537449,0.04642291386229928,0.012199106700667508,589,0.11864891809116473,0.24119645742924045,0.028398407327837605,0.02066700403787869,0.03638325860846092,0.05050658596856494,0.03875581368426939,0.0028673913716468213,0.0025635766667464477,0.32101556741915505,0.0861002980604965,0.10382520714439339,606,0.16735711752593546,0.20491798351024226,0.17227371208473763,0.17249387732608762,0.22654835006323465,0.1898865125617788,0.19731434715480983,0.1877474386673681,0.17047527330852666,0.14259692533902762,0.18316115375417485,0.022160479939809095,631
495,0.028706574440002443,0.0007810569686442512,0.005101299285888672,0.00030029637691697894,"XGBRegressor(base_score=None, booster=None, callbacks=None,
             colsample_bylevel=None, colsample_bynode=None,
             colsample_bytree=None, device=None, early_stopping_rounds=None,
             enable_categorical=False, eval_metric=None, feature_types=None,
             gamma=None, grow_policy=None, importance_type=None,
             interaction_constraints=None, learning_rate=None, max_bin=None,
             max_cat_threshold=None, max_cat_to_onehot=None,
             max_delta_step=None, max_depth=None, max_leaves=None,
             min_child_weight=None, missing=nan, monotone_constraints=None,
             multi_strategy=None, n_estimators=None, n_jobs=None,
             num_parallel_tree=None, random_state=None, ...)",,,30,,,,,0.1,0,3,0,42,,,,,,"{'estimator': XGBRegressor(base_score=None, booster=None, callbacks=None,
             colsample_bylevel=None, colsample_bynode=None,
             colsample_bytree=None, device=None, early_stopping_rounds=None,
             enable_categorical=False, eval_metric=None, feature_types=None,
             gamma=None, grow_policy=None, importance_type=None,
             interaction_constraints=None, learning_rate=None, max_bin=None,
             max_cat_threshold=None, max_cat_to_onehot=None,
             max_delta_step=None, max_depth=None, max_leaves=None,
             min_child_weight=None, missing=nan, monotone_constraints=None,
             multi_strategy=None, n_estimators=None, n_jobs=None,
             num_parallel_tree=None, random_state=None, ...), 'estimator__eta': 0.1, 'estimator__gamma': 30, 'estimator__max_delta_step': 0, 'estimator__max_depth': 3, 'estimator__min_child_weight': 0, 'estimator__random_state': 42}",0.03599063436210516,0.05799454693120446,0.037869750305241666,0.04029670713212541,0.06181477486725849,0.06275382538843341,0.0585904735445141,0.04645832659715925,0.03450532229957629,0.02795477719537449,0.04642291386229928,0.012199106700667508,589,0.11864891809116473,0.24119645742924045,0.028398407327837605,0.02066700403787869,0.03638325860846092,0.05050658596856494,0.03875581368426939,0.0028673913716468213,0.0025635766667464477,0.32101556741915505,0.0861002980604965,0.10382520714439339,606,0.16735711752593546,0.20491798351024226,0.17227371208473763,0.17249387732608762,0.22654835006323465,0.1898865125617788,0.19731434715480983,0.1877474386673681,0.17047527330852666,0.14259692533902762,0.18316115375417485,0.022160479939809095,631
496,0.02870650291442871,0.0007814874773568576,0.004800868034362793,0.0004002214889510779,"XGBRegressor(base_score=None, booster=None, callbacks=None,
             colsample_bylevel=None, colsample_bynode=None,
             colsample_bytree=None, device=None, early_stopping_rounds=None,
             enable_categorical=False, eval_metric=None, feature_types=None,
             gamma=None, grow_policy=None, importance_type=None,
             interaction_constraints=None, learning_rate=None, max_bin=None,
             max_cat_threshold=None, max_cat_to_onehot=None,
             max_delta_step=None, max_depth=None, max_leaves=None,
             min_child_weight=None, missing=nan, monotone_constraints=None,
             multi_strategy=None, n_estimators=None, n_jobs=None,
             num_parallel_tree=None, random_state=None, ...)",,,30,,,,,0.1,0,3,1,42,,,,,,"{'estimator': XGBRegressor(base_score=None, booster=None, callbacks=None,
             colsample_bylevel=None, colsample_bynode=None,
             colsample_bytree=None, device=None, early_stopping_rounds=None,
             enable_categorical=False, eval_metric=None, feature_types=None,
             gamma=None, grow_policy=None, importance_type=None,
             interaction_constraints=None, learning_rate=None, max_bin=None,
             max_cat_threshold=None, max_cat_to_onehot=None,
             max_delta_step=None, max_depth=None, max_leaves=None,
             min_child_weight=None, missing=nan, monotone_constraints=None,
             multi_strategy=None, n_estimators=None, n_jobs=None,
             num_parallel_tree=None, random_state=None, ...), 'estimator__eta': 0.1, 'estimator__gamma': 30, 'estimator__max_delta_step': 0, 'estimator__max_depth': 3, 'estimator__min_child_weight': 1, 'estimator__random_state': 42}",0.03599063436210516,0.05799454693120446,0.037869750305241666,0.04029670713212541,0.06181477486725849,0.06275382538843341,0.0585904735445141,0.04645832659715925,0.03450532229957629,0.02795477719537449,0.04642291386229928,0.012199106700667508,589,0.11864891809116473,0.24119645742924045,0.028398407327837605,0.02066700403787869,0.03638325860846092,0.05050658596856494,0.03875581368426939,0.0028673913716468213,0.0025635766667464477,0.32101556741915505,0.0861002980604965,0.10382520714439339,606,0.16735711752593546,0.20491798351024226,0.17227371208473763,0.17249387732608762,0.22654835006323465,0.1898865125617788,0.19731434715480983,0.1877474386673681,0.17047527330852666,0.14259692533902762,0.18316115375417485,0.022160479939809095,631
497,0.029106616973876953,0.000831015582645462,0.004801344871520996,0.00040022214228809395,"XGBRegressor(base_score=None, booster=None, callbacks=None,
             colsample_bylevel=None, colsample_bynode=None,
             colsample_bytree=None, device=None, early_stopping_rounds=None,
             enable_categorical=False, eval_metric=None, feature_types=None,
             gamma=None, grow_policy=None, importance_type=None,
             interaction_constraints=None, learning_rate=None, max_bin=None,
             max_cat_threshold=None, max_cat_to_onehot=None,
             max_delta_step=None, max_depth=None, max_leaves=None,
             min_child_weight=None, missing=nan, monotone_constraints=None,
             multi_strategy=None, n_estimators=None, n_jobs=None,
             num_parallel_tree=None, random_state=None, ...)",,,30,,,,,0.1,0,3,10,42,,,,,,"{'estimator': XGBRegressor(base_score=None, booster=None, callbacks=None,
             colsample_bylevel=None, colsample_bynode=None,
             colsample_bytree=None, device=None, early_stopping_rounds=None,
             enable_categorical=False, eval_metric=None, feature_types=None,
             gamma=None, grow_policy=None, importance_type=None,
             interaction_constraints=None, learning_rate=None, max_bin=None,
             max_cat_threshold=None, max_cat_to_onehot=None,
             max_delta_step=None, max_depth=None, max_leaves=None,
             min_child_weight=None, missing=nan, monotone_constraints=None,
             multi_strategy=None, n_estimators=None, n_jobs=None,
             num_parallel_tree=None, random_state=None, ...), 'estimator__eta': 0.1, 'estimator__gamma': 30, 'estimator__max_delta_step': 0, 'estimator__max_depth': 3, 'estimator__min_child_weight': 10, 'estimator__random_state': 42}",0.03599063436210516,0.05799454693120446,0.037869750305241666,0.04029670713212541,0.06181477486725849,0.06275382538843341,0.0585904735445141,0.04645832659715925,0.03450532229957629,0.02795477719537449,0.04642291386229928,0.012199106700667508,589,0.11864891809116473,0.24119645742924045,0.028398407327837605,0.02066700403787869,0.03638325860846092,0.05050658596856494,0.03875581368426939,0.0028673913716468213,0.0025635766667464477,0.32101556741915505,0.0861002980604965,0.10382520714439339,606,0.16735711752593546,0.20491798351024226,0.17227371208473763,0.17249387732608762,0.22654835006323465,0.1898865125617788,0.19731434715480983,0.1877474386673681,0.17047527330852666,0.14259692533902762,0.18316115375417485,0.022160479939809095,631
498,0.02920689582824707,0.0008718917119999999,0.005000805854797364,6.864633583492265e-07,"XGBRegressor(base_score=None, booster=None, callbacks=None,
             colsample_bylevel=None, colsample_bynode=None,
             colsample_bytree=None, device=None, early_stopping_rounds=None,
             enable_categorical=False, eval_metric=None, feature_types=None,
             gamma=None, grow_policy=None, importance_type=None,
             interaction_constraints=None, learning_rate=None, max_bin=None,
             max_cat_threshold=None, max_cat_to_onehot=None,
             max_delta_step=None, max_depth=None, max_leaves=None,
             min_child_weight=None, missing=nan, monotone_constraints=None,
             multi_strategy=None, n_estimators=None, n_jobs=None,
             num_parallel_tree=None, random_state=None, ...)",,,30,,,,,0.1,0,6,0,42,,,,,,"{'estimator': XGBRegressor(base_score=None, booster=None, callbacks=None,
             colsample_bylevel=None, colsample_bynode=None,
             colsample_bytree=None, device=None, early_stopping_rounds=None,
             enable_categorical=False, eval_metric=None, feature_types=None,
             gamma=None, grow_policy=None, importance_type=None,
             interaction_constraints=None, learning_rate=None, max_bin=None,
             max_cat_threshold=None, max_cat_to_onehot=None,
             max_delta_step=None, max_depth=None, max_leaves=None,
             min_child_weight=None, missing=nan, monotone_constraints=None,
             multi_strategy=None, n_estimators=None, n_jobs=None,
             num_parallel_tree=None, random_state=None, ...), 'estimator__eta': 0.1, 'estimator__gamma': 30, 'estimator__max_delta_step': 0, 'estimator__max_depth': 6, 'estimator__min_child_weight': 0, 'estimator__random_state': 42}",0.03599063436210516,0.05799454693120446,0.037869750305241666,0.04029670713212541,0.06181477486725849,0.06275382538843341,0.0585904735445141,0.04645832659715925,0.03450532229957629,0.02795477719537449,0.04642291386229928,0.012199106700667508,589,0.11864891809116473,0.24119645742924045,0.028398407327837605,0.02066700403787869,0.03638325860846092,0.05050658596856494,0.03875581368426939,0.0028673913716468213,0.0025635766667464477,0.32101556741915505,0.0861002980604965,0.10382520714439339,606,0.16735711752593546,0.20491798351024226,0.17227371208473763,0.17249387732608762,0.22654835006323465,0.1898865125617788,0.19731434715480983,0.1877474386673681,0.17047527330852666,0.14259692533902762,0.18316115375417485,0.022160479939809095,631
499,0.029106688499450684,0.0010440030360410653,0.005000901222229004,4.402681663660857e-07,"XGBRegressor(base_score=None, booster=None, callbacks=None,
             colsample_bylevel=None, colsample_bynode=None,
             colsample_bytree=None, device=None, early_stopping_rounds=None,
             enable_categorical=False, eval_metric=None, feature_types=None,
             gamma=None, grow_policy=None, importance_type=None,
             interaction_constraints=None, learning_rate=None, max_bin=None,
             max_cat_threshold=None, max_cat_to_onehot=None,
             max_delta_step=None, max_depth=None, max_leaves=None,
             min_child_weight=None, missing=nan, monotone_constraints=None,
             multi_strategy=None, n_estimators=None, n_jobs=None,
             num_parallel_tree=None, random_state=None, ...)",,,30,,,,,0.1,0,6,1,42,,,,,,"{'estimator': XGBRegressor(base_score=None, booster=None, callbacks=None,
             colsample_bylevel=None, colsample_bynode=None,
             colsample_bytree=None, device=None, early_stopping_rounds=None,
             enable_categorical=False, eval_metric=None, feature_types=None,
             gamma=None, grow_policy=None, importance_type=None,
             interaction_constraints=None, learning_rate=None, max_bin=None,
             max_cat_threshold=None, max_cat_to_onehot=None,
             max_delta_step=None, max_depth=None, max_leaves=None,
             min_child_weight=None, missing=nan, monotone_constraints=None,
             multi_strategy=None, n_estimators=None, n_jobs=None,
             num_parallel_tree=None, random_state=None, ...), 'estimator__eta': 0.1, 'estimator__gamma': 30, 'estimator__max_delta_step': 0, 'estimator__max_depth': 6, 'estimator__min_child_weight': 1, 'estimator__random_state': 42}",0.03599063436210516,0.05799454693120446,0.037869750305241666,0.04029670713212541,0.06181477486725849,0.06275382538843341,0.0585904735445141,0.04645832659715925,0.03450532229957629,0.02795477719537449,0.04642291386229928,0.012199106700667508,589,0.11864891809116473,0.24119645742924045,0.028398407327837605,0.02066700403787869,0.03638325860846092,0.05050658596856494,0.03875581368426939,0.0028673913716468213,0.0025635766667464477,0.32101556741915505,0.0861002980604965,0.10382520714439339,606,0.16735711752593546,0.20491798351024226,0.17227371208473763,0.17249387732608762,0.22654835006323465,0.1898865125617788,0.19731434715480983,0.1877474386673681,0.17047527330852666,0.14259692533902762,0.18316115375417485,0.022160479939809095,631
500,0.02940688133239746,0.0008000255639092838,0.005000996589660645,3.9966236625290416e-07,"XGBRegressor(base_score=None, booster=None, callbacks=None,
             colsample_bylevel=None, colsample_bynode=None,
             colsample_bytree=None, device=None, early_stopping_rounds=None,
             enable_categorical=False, eval_metric=None, feature_types=None,
             gamma=None, grow_policy=None, importance_type=None,
             interaction_constraints=None, learning_rate=None, max_bin=None,
             max_cat_threshold=None, max_cat_to_onehot=None,
             max_delta_step=None, max_depth=None, max_leaves=None,
             min_child_weight=None, missing=nan, monotone_constraints=None,
             multi_strategy=None, n_estimators=None, n_jobs=None,
             num_parallel_tree=None, random_state=None, ...)",,,30,,,,,0.1,0,6,10,42,,,,,,"{'estimator': XGBRegressor(base_score=None, booster=None, callbacks=None,
             colsample_bylevel=None, colsample_bynode=None,
             colsample_bytree=None, device=None, early_stopping_rounds=None,
             enable_categorical=False, eval_metric=None, feature_types=None,
             gamma=None, grow_policy=None, importance_type=None,
             interaction_constraints=None, learning_rate=None, max_bin=None,
             max_cat_threshold=None, max_cat_to_onehot=None,
             max_delta_step=None, max_depth=None, max_leaves=None,
             min_child_weight=None, missing=nan, monotone_constraints=None,
             multi_strategy=None, n_estimators=None, n_jobs=None,
             num_parallel_tree=None, random_state=None, ...), 'estimator__eta': 0.1, 'estimator__gamma': 30, 'estimator__max_delta_step': 0, 'estimator__max_depth': 6, 'estimator__min_child_weight': 10, 'estimator__random_state': 42}",0.03599063436210516,0.05799454693120446,0.037869750305241666,0.04029670713212541,0.06181477486725849,0.06275382538843341,0.0585904735445141,0.04645832659715925,0.03450532229957629,0.02795477719537449,0.04642291386229928,0.012199106700667508,589,0.11864891809116473,0.24119645742924045,0.028398407327837605,0.02066700403787869,0.03638325860846092,0.05050658596856494,0.03875581368426939,0.0028673913716468213,0.0025635766667464477,0.32101556741915505,0.0861002980604965,0.10382520714439339,606,0.16735711752593546,0.20491798351024226,0.17227371208473763,0.17249387732608762,0.22654835006323465,0.1898865125617788,0.19731434715480983,0.1877474386673681,0.17047527330852666,0.14259692533902762,0.18316115375417485,0.022160479939809095,631
501,0.0288067102432251,0.0007484621670791144,0.0051010847091674805,0.0003001296418693109,"XGBRegressor(base_score=None, booster=None, callbacks=None,
             colsample_bylevel=None, colsample_bynode=None,
             colsample_bytree=None, device=None, early_stopping_rounds=None,
             enable_categorical=False, eval_metric=None, feature_types=None,
             gamma=None, grow_policy=None, importance_type=None,
             interaction_constraints=None, learning_rate=None, max_bin=None,
             max_cat_threshold=None, max_cat_to_onehot=None,
             max_delta_step=None, max_depth=None, max_leaves=None,
             min_child_weight=None, missing=nan, monotone_constraints=None,
             multi_strategy=None, n_estimators=None, n_jobs=None,
             num_parallel_tree=None, random_state=None, ...)",,,30,,,,,0.1,0,9,0,42,,,,,,"{'estimator': XGBRegressor(base_score=None, booster=None, callbacks=None,
             colsample_bylevel=None, colsample_bynode=None,
             colsample_bytree=None, device=None, early_stopping_rounds=None,
             enable_categorical=False, eval_metric=None, feature_types=None,
             gamma=None, grow_policy=None, importance_type=None,
             interaction_constraints=None, learning_rate=None, max_bin=None,
             max_cat_threshold=None, max_cat_to_onehot=None,
             max_delta_step=None, max_depth=None, max_leaves=None,
             min_child_weight=None, missing=nan, monotone_constraints=None,
             multi_strategy=None, n_estimators=None, n_jobs=None,
             num_parallel_tree=None, random_state=None, ...), 'estimator__eta': 0.1, 'estimator__gamma': 30, 'estimator__max_delta_step': 0, 'estimator__max_depth': 9, 'estimator__min_child_weight': 0, 'estimator__random_state': 42}",0.03599063436210516,0.05799454693120446,0.037869750305241666,0.04029670713212541,0.06181477486725849,0.06275382538843341,0.0585904735445141,0.04645832659715925,0.03450532229957629,0.02795477719537449,0.04642291386229928,0.012199106700667508,589,0.11864891809116473,0.24119645742924045,0.028398407327837605,0.02066700403787869,0.03638325860846092,0.05050658596856494,0.03875581368426939,0.0028673913716468213,0.0025635766667464477,0.32101556741915505,0.0861002980604965,0.10382520714439339,606,0.16735711752593546,0.20491798351024226,0.17227371208473763,0.17249387732608762,0.22654835006323465,0.1898865125617788,0.19731434715480983,0.1877474386673681,0.17047527330852666,0.14259692533902762,0.18316115375417485,0.022160479939809095,631
502,0.02850642204284668,0.0011180809936152235,0.005201387405395508,0.00040069853518606935,"XGBRegressor(base_score=None, booster=None, callbacks=None,
             colsample_bylevel=None, colsample_bynode=None,
             colsample_bytree=None, device=None, early_stopping_rounds=None,
             enable_categorical=False, eval_metric=None, feature_types=None,
             gamma=None, grow_policy=None, importance_type=None,
             interaction_constraints=None, learning_rate=None, max_bin=None,
             max_cat_threshold=None, max_cat_to_onehot=None,
             max_delta_step=None, max_depth=None, max_leaves=None,
             min_child_weight=None, missing=nan, monotone_constraints=None,
             multi_strategy=None, n_estimators=None, n_jobs=None,
             num_parallel_tree=None, random_state=None, ...)",,,30,,,,,0.1,0,9,1,42,,,,,,"{'estimator': XGBRegressor(base_score=None, booster=None, callbacks=None,
             colsample_bylevel=None, colsample_bynode=None,
             colsample_bytree=None, device=None, early_stopping_rounds=None,
             enable_categorical=False, eval_metric=None, feature_types=None,
             gamma=None, grow_policy=None, importance_type=None,
             interaction_constraints=None, learning_rate=None, max_bin=None,
             max_cat_threshold=None, max_cat_to_onehot=None,
             max_delta_step=None, max_depth=None, max_leaves=None,
             min_child_weight=None, missing=nan, monotone_constraints=None,
             multi_strategy=None, n_estimators=None, n_jobs=None,
             num_parallel_tree=None, random_state=None, ...), 'estimator__eta': 0.1, 'estimator__gamma': 30, 'estimator__max_delta_step': 0, 'estimator__max_depth': 9, 'estimator__min_child_weight': 1, 'estimator__random_state': 42}",0.03599063436210516,0.05799454693120446,0.037869750305241666,0.04029670713212541,0.06181477486725849,0.06275382538843341,0.0585904735445141,0.04645832659715925,0.03450532229957629,0.02795477719537449,0.04642291386229928,0.012199106700667508,589,0.11864891809116473,0.24119645742924045,0.028398407327837605,0.02066700403787869,0.03638325860846092,0.05050658596856494,0.03875581368426939,0.0028673913716468213,0.0025635766667464477,0.32101556741915505,0.0861002980604965,0.10382520714439339,606,0.16735711752593546,0.20491798351024226,0.17227371208473763,0.17249387732608762,0.22654835006323465,0.1898865125617788,0.19731434715480983,0.1877474386673681,0.17047527330852666,0.14259692533902762,0.18316115375417485,0.022160479939809095,631
503,0.028406572341918946,0.0004896291530322773,0.004800939559936523,0.00040019811227694636,"XGBRegressor(base_score=None, booster=None, callbacks=None,
             colsample_bylevel=None, colsample_bynode=None,
             colsample_bytree=None, device=None, early_stopping_rounds=None,
             enable_categorical=False, eval_metric=None, feature_types=None,
             gamma=None, grow_policy=None, importance_type=None,
             interaction_constraints=None, learning_rate=None, max_bin=None,
             max_cat_threshold=None, max_cat_to_onehot=None,
             max_delta_step=None, max_depth=None, max_leaves=None,
             min_child_weight=None, missing=nan, monotone_constraints=None,
             multi_strategy=None, n_estimators=None, n_jobs=None,
             num_parallel_tree=None, random_state=None, ...)",,,30,,,,,0.1,0,9,10,42,,,,,,"{'estimator': XGBRegressor(base_score=None, booster=None, callbacks=None,
             colsample_bylevel=None, colsample_bynode=None,
             colsample_bytree=None, device=None, early_stopping_rounds=None,
             enable_categorical=False, eval_metric=None, feature_types=None,
             gamma=None, grow_policy=None, importance_type=None,
             interaction_constraints=None, learning_rate=None, max_bin=None,
             max_cat_threshold=None, max_cat_to_onehot=None,
             max_delta_step=None, max_depth=None, max_leaves=None,
             min_child_weight=None, missing=nan, monotone_constraints=None,
             multi_strategy=None, n_estimators=None, n_jobs=None,
             num_parallel_tree=None, random_state=None, ...), 'estimator__eta': 0.1, 'estimator__gamma': 30, 'estimator__max_delta_step': 0, 'estimator__max_depth': 9, 'estimator__min_child_weight': 10, 'estimator__random_state': 42}",0.03599063436210516,0.05799454693120446,0.037869750305241666,0.04029670713212541,0.06181477486725849,0.06275382538843341,0.0585904735445141,0.04645832659715925,0.03450532229957629,0.02795477719537449,0.04642291386229928,0.012199106700667508,589,0.11864891809116473,0.24119645742924045,0.028398407327837605,0.02066700403787869,0.03638325860846092,0.05050658596856494,0.03875581368426939,0.0028673913716468213,0.0025635766667464477,0.32101556741915505,0.0861002980604965,0.10382520714439339,606,0.16735711752593546,0.20491798351024226,0.17227371208473763,0.17249387732608762,0.22654835006323465,0.1898865125617788,0.19731434715480983,0.1877474386673681,0.17047527330852666,0.14259692533902762,0.18316115375417485,0.022160479939809095,631
504,0.02890655994415283,0.0009434132943699177,0.00510094165802002,0.0003000976170483179,"XGBRegressor(base_score=None, booster=None, callbacks=None,
             colsample_bylevel=None, colsample_bynode=None,
             colsample_bytree=None, device=None, early_stopping_rounds=None,
             enable_categorical=False, eval_metric=None, feature_types=None,
             gamma=None, grow_policy=None, importance_type=None,
             interaction_constraints=None, learning_rate=None, max_bin=None,
             max_cat_threshold=None, max_cat_to_onehot=None,
             max_delta_step=None, max_depth=None, max_leaves=None,
             min_child_weight=None, missing=nan, monotone_constraints=None,
             multi_strategy=None, n_estimators=None, n_jobs=None,
             num_parallel_tree=None, random_state=None, ...)",,,30,,,,,0.1,3,3,0,42,,,,,,"{'estimator': XGBRegressor(base_score=None, booster=None, callbacks=None,
             colsample_bylevel=None, colsample_bynode=None,
             colsample_bytree=None, device=None, early_stopping_rounds=None,
             enable_categorical=False, eval_metric=None, feature_types=None,
             gamma=None, grow_policy=None, importance_type=None,
             interaction_constraints=None, learning_rate=None, max_bin=None,
             max_cat_threshold=None, max_cat_to_onehot=None,
             max_delta_step=None, max_depth=None, max_leaves=None,
             min_child_weight=None, missing=nan, monotone_constraints=None,
             multi_strategy=None, n_estimators=None, n_jobs=None,
             num_parallel_tree=None, random_state=None, ...), 'estimator__eta': 0.1, 'estimator__gamma': 30, 'estimator__max_delta_step': 3, 'estimator__max_depth': 3, 'estimator__min_child_weight': 0, 'estimator__random_state': 42}",0.03599063436210516,0.05799454693120446,0.037869750305241666,0.04029670713212541,0.06181477486725849,0.06275382538843341,0.0585904735445141,0.04645832659715925,0.03450532229957629,0.02795477719537449,0.04642291386229928,0.012199106700667508,589,0.11864891809116473,0.24119645742924045,0.028398407327837605,0.02066700403787869,0.03638325860846092,0.05050658596856494,0.03875581368426939,0.0028673913716468213,0.0025635766667464477,0.32101556741915505,0.0861002980604965,0.10382520714439339,606,0.16735711752593546,0.20491798351024226,0.17227371208473763,0.17249387732608762,0.22654835006323465,0.1898865125617788,0.19731434715480983,0.1877474386673681,0.17047527330852666,0.14259692533902762,0.18316115375417485,0.022160479939809095,631
505,0.028406429290771484,0.0004898433476014926,0.005001044273376465,4.821717361487552e-07,"XGBRegressor(base_score=None, booster=None, callbacks=None,
             colsample_bylevel=None, colsample_bynode=None,
             colsample_bytree=None, device=None, early_stopping_rounds=None,
             enable_categorical=False, eval_metric=None, feature_types=None,
             gamma=None, grow_policy=None, importance_type=None,
             interaction_constraints=None, learning_rate=None, max_bin=None,
             max_cat_threshold=None, max_cat_to_onehot=None,
             max_delta_step=None, max_depth=None, max_leaves=None,
             min_child_weight=None, missing=nan, monotone_constraints=None,
             multi_strategy=None, n_estimators=None, n_jobs=None,
             num_parallel_tree=None, random_state=None, ...)",,,30,,,,,0.1,3,3,1,42,,,,,,"{'estimator': XGBRegressor(base_score=None, booster=None, callbacks=None,
             colsample_bylevel=None, colsample_bynode=None,
             colsample_bytree=None, device=None, early_stopping_rounds=None,
             enable_categorical=False, eval_metric=None, feature_types=None,
             gamma=None, grow_policy=None, importance_type=None,
             interaction_constraints=None, learning_rate=None, max_bin=None,
             max_cat_threshold=None, max_cat_to_onehot=None,
             max_delta_step=None, max_depth=None, max_leaves=None,
             min_child_weight=None, missing=nan, monotone_constraints=None,
             multi_strategy=None, n_estimators=None, n_jobs=None,
             num_parallel_tree=None, random_state=None, ...), 'estimator__eta': 0.1, 'estimator__gamma': 30, 'estimator__max_delta_step': 3, 'estimator__max_depth': 3, 'estimator__min_child_weight': 1, 'estimator__random_state': 42}",0.03599063436210516,0.05799454693120446,0.037869750305241666,0.04029670713212541,0.06181477486725849,0.06275382538843341,0.0585904735445141,0.04645832659715925,0.03450532229957629,0.02795477719537449,0.04642291386229928,0.012199106700667508,589,0.11864891809116473,0.24119645742924045,0.028398407327837605,0.02066700403787869,0.03638325860846092,0.05050658596856494,0.03875581368426939,0.0028673913716468213,0.0025635766667464477,0.32101556741915505,0.0861002980604965,0.10382520714439339,606,0.16735711752593546,0.20491798351024226,0.17227371208473763,0.17249387732608762,0.22654835006323465,0.1898865125617788,0.19731434715480983,0.1877474386673681,0.17047527330852666,0.14259692533902762,0.18316115375417485,0.022160479939809095,631
506,0.028706693649291994,0.0013455201430936062,0.005000972747802734,4.017901312435321e-07,"XGBRegressor(base_score=None, booster=None, callbacks=None,
             colsample_bylevel=None, colsample_bynode=None,
             colsample_bytree=None, device=None, early_stopping_rounds=None,
             enable_categorical=False, eval_metric=None, feature_types=None,
             gamma=None, grow_policy=None, importance_type=None,
             interaction_constraints=None, learning_rate=None, max_bin=None,
             max_cat_threshold=None, max_cat_to_onehot=None,
             max_delta_step=None, max_depth=None, max_leaves=None,
             min_child_weight=None, missing=nan, monotone_constraints=None,
             multi_strategy=None, n_estimators=None, n_jobs=None,
             num_parallel_tree=None, random_state=None, ...)",,,30,,,,,0.1,3,3,10,42,,,,,,"{'estimator': XGBRegressor(base_score=None, booster=None, callbacks=None,
             colsample_bylevel=None, colsample_bynode=None,
             colsample_bytree=None, device=None, early_stopping_rounds=None,
             enable_categorical=False, eval_metric=None, feature_types=None,
             gamma=None, grow_policy=None, importance_type=None,
             interaction_constraints=None, learning_rate=None, max_bin=None,
             max_cat_threshold=None, max_cat_to_onehot=None,
             max_delta_step=None, max_depth=None, max_leaves=None,
             min_child_weight=None, missing=nan, monotone_constraints=None,
             multi_strategy=None, n_estimators=None, n_jobs=None,
             num_parallel_tree=None, random_state=None, ...), 'estimator__eta': 0.1, 'estimator__gamma': 30, 'estimator__max_delta_step': 3, 'estimator__max_depth': 3, 'estimator__min_child_weight': 10, 'estimator__random_state': 42}",0.03599063436210516,0.05799454693120446,0.037869750305241666,0.04029670713212541,0.06181477486725849,0.06275382538843341,0.0585904735445141,0.04645832659715925,0.03450532229957629,0.02795477719537449,0.04642291386229928,0.012199106700667508,589,0.11864891809116473,0.24119645742924045,0.028398407327837605,0.02066700403787869,0.03638325860846092,0.05050658596856494,0.03875581368426939,0.0028673913716468213,0.0025635766667464477,0.32101556741915505,0.0861002980604965,0.10382520714439339,606,0.16735711752593546,0.20491798351024226,0.17227371208473763,0.17249387732608762,0.22654835006323465,0.1898865125617788,0.19731434715480983,0.1877474386673681,0.17047527330852666,0.14259692533902762,0.18316115375417485,0.022160479939809095,631
507,0.031406569480896,0.0021541933426649086,0.005701828002929688,0.0009008939261116402,"XGBRegressor(base_score=None, booster=None, callbacks=None,
             colsample_bylevel=None, colsample_bynode=None,
             colsample_bytree=None, device=None, early_stopping_rounds=None,
             enable_categorical=False, eval_metric=None, feature_types=None,
             gamma=None, grow_policy=None, importance_type=None,
             interaction_constraints=None, learning_rate=None, max_bin=None,
             max_cat_threshold=None, max_cat_to_onehot=None,
             max_delta_step=None, max_depth=None, max_leaves=None,
             min_child_weight=None, missing=nan, monotone_constraints=None,
             multi_strategy=None, n_estimators=None, n_jobs=None,
             num_parallel_tree=None, random_state=None, ...)",,,30,,,,,0.1,3,6,0,42,,,,,,"{'estimator': XGBRegressor(base_score=None, booster=None, callbacks=None,
             colsample_bylevel=None, colsample_bynode=None,
             colsample_bytree=None, device=None, early_stopping_rounds=None,
             enable_categorical=False, eval_metric=None, feature_types=None,
             gamma=None, grow_policy=None, importance_type=None,
             interaction_constraints=None, learning_rate=None, max_bin=None,
             max_cat_threshold=None, max_cat_to_onehot=None,
             max_delta_step=None, max_depth=None, max_leaves=None,
             min_child_weight=None, missing=nan, monotone_constraints=None,
             multi_strategy=None, n_estimators=None, n_jobs=None,
             num_parallel_tree=None, random_state=None, ...), 'estimator__eta': 0.1, 'estimator__gamma': 30, 'estimator__max_delta_step': 3, 'estimator__max_depth': 6, 'estimator__min_child_weight': 0, 'estimator__random_state': 42}",0.03599063436210516,0.05799454693120446,0.037869750305241666,0.04029670713212541,0.06181477486725849,0.06275382538843341,0.0585904735445141,0.04645832659715925,0.03450532229957629,0.02795477719537449,0.04642291386229928,0.012199106700667508,589,0.11864891809116473,0.24119645742924045,0.028398407327837605,0.02066700403787869,0.03638325860846092,0.05050658596856494,0.03875581368426939,0.0028673913716468213,0.0025635766667464477,0.32101556741915505,0.0861002980604965,0.10382520714439339,606,0.16735711752593546,0.20491798351024226,0.17227371208473763,0.17249387732608762,0.22654835006323465,0.1898865125617788,0.19731434715480983,0.1877474386673681,0.17047527330852666,0.14259692533902762,0.18316115375417485,0.022160479939809095,631
508,0.029506492614746093,0.0010251795622562394,0.005301380157470703,0.0004582664614383178,"XGBRegressor(base_score=None, booster=None, callbacks=None,
             colsample_bylevel=None, colsample_bynode=None,
             colsample_bytree=None, device=None, early_stopping_rounds=None,
             enable_categorical=False, eval_metric=None, feature_types=None,
             gamma=None, grow_policy=None, importance_type=None,
             interaction_constraints=None, learning_rate=None, max_bin=None,
             max_cat_threshold=None, max_cat_to_onehot=None,
             max_delta_step=None, max_depth=None, max_leaves=None,
             min_child_weight=None, missing=nan, monotone_constraints=None,
             multi_strategy=None, n_estimators=None, n_jobs=None,
             num_parallel_tree=None, random_state=None, ...)",,,30,,,,,0.1,3,6,1,42,,,,,,"{'estimator': XGBRegressor(base_score=None, booster=None, callbacks=None,
             colsample_bylevel=None, colsample_bynode=None,
             colsample_bytree=None, device=None, early_stopping_rounds=None,
             enable_categorical=False, eval_metric=None, feature_types=None,
             gamma=None, grow_policy=None, importance_type=None,
             interaction_constraints=None, learning_rate=None, max_bin=None,
             max_cat_threshold=None, max_cat_to_onehot=None,
             max_delta_step=None, max_depth=None, max_leaves=None,
             min_child_weight=None, missing=nan, monotone_constraints=None,
             multi_strategy=None, n_estimators=None, n_jobs=None,
             num_parallel_tree=None, random_state=None, ...), 'estimator__eta': 0.1, 'estimator__gamma': 30, 'estimator__max_delta_step': 3, 'estimator__max_depth': 6, 'estimator__min_child_weight': 1, 'estimator__random_state': 42}",0.03599063436210516,0.05799454693120446,0.037869750305241666,0.04029670713212541,0.06181477486725849,0.06275382538843341,0.0585904735445141,0.04645832659715925,0.03450532229957629,0.02795477719537449,0.04642291386229928,0.012199106700667508,589,0.11864891809116473,0.24119645742924045,0.028398407327837605,0.02066700403787869,0.03638325860846092,0.05050658596856494,0.03875581368426939,0.0028673913716468213,0.0025635766667464477,0.32101556741915505,0.0861002980604965,0.10382520714439339,606,0.16735711752593546,0.20491798351024226,0.17227371208473763,0.17249387732608762,0.22654835006323465,0.1898865125617788,0.19731434715480983,0.1877474386673681,0.17047527330852666,0.14259692533902762,0.18316115375417485,0.022160479939809095,631
509,0.02830643653869629,0.0004583388529667781,0.005101060867309571,0.00030037567939909793,"XGBRegressor(base_score=None, booster=None, callbacks=None,
             colsample_bylevel=None, colsample_bynode=None,
             colsample_bytree=None, device=None, early_stopping_rounds=None,
             enable_categorical=False, eval_metric=None, feature_types=None,
             gamma=None, grow_policy=None, importance_type=None,
             interaction_constraints=None, learning_rate=None, max_bin=None,
             max_cat_threshold=None, max_cat_to_onehot=None,
             max_delta_step=None, max_depth=None, max_leaves=None,
             min_child_weight=None, missing=nan, monotone_constraints=None,
             multi_strategy=None, n_estimators=None, n_jobs=None,
             num_parallel_tree=None, random_state=None, ...)",,,30,,,,,0.1,3,6,10,42,,,,,,"{'estimator': XGBRegressor(base_score=None, booster=None, callbacks=None,
             colsample_bylevel=None, colsample_bynode=None,
             colsample_bytree=None, device=None, early_stopping_rounds=None,
             enable_categorical=False, eval_metric=None, feature_types=None,
             gamma=None, grow_policy=None, importance_type=None,
             interaction_constraints=None, learning_rate=None, max_bin=None,
             max_cat_threshold=None, max_cat_to_onehot=None,
             max_delta_step=None, max_depth=None, max_leaves=None,
             min_child_weight=None, missing=nan, monotone_constraints=None,
             multi_strategy=None, n_estimators=None, n_jobs=None,
             num_parallel_tree=None, random_state=None, ...), 'estimator__eta': 0.1, 'estimator__gamma': 30, 'estimator__max_delta_step': 3, 'estimator__max_depth': 6, 'estimator__min_child_weight': 10, 'estimator__random_state': 42}",0.03599063436210516,0.05799454693120446,0.037869750305241666,0.04029670713212541,0.06181477486725849,0.06275382538843341,0.0585904735445141,0.04645832659715925,0.03450532229957629,0.02795477719537449,0.04642291386229928,0.012199106700667508,589,0.11864891809116473,0.24119645742924045,0.028398407327837605,0.02066700403787869,0.03638325860846092,0.05050658596856494,0.03875581368426939,0.0028673913716468213,0.0025635766667464477,0.32101556741915505,0.0861002980604965,0.10382520714439339,606,0.16735711752593546,0.20491798351024226,0.17227371208473763,0.17249387732608762,0.22654835006323465,0.1898865125617788,0.19731434715480983,0.1877474386673681,0.17047527330852666,0.14259692533902762,0.18316115375417485,0.022160479939809095,631
510,0.0285064697265625,0.0008063152848474871,0.005200982093811035,0.000399887866528836,"XGBRegressor(base_score=None, booster=None, callbacks=None,
             colsample_bylevel=None, colsample_bynode=None,
             colsample_bytree=None, device=None, early_stopping_rounds=None,
             enable_categorical=False, eval_metric=None, feature_types=None,
             gamma=None, grow_policy=None, importance_type=None,
             interaction_constraints=None, learning_rate=None, max_bin=None,
             max_cat_threshold=None, max_cat_to_onehot=None,
             max_delta_step=None, max_depth=None, max_leaves=None,
             min_child_weight=None, missing=nan, monotone_constraints=None,
             multi_strategy=None, n_estimators=None, n_jobs=None,
             num_parallel_tree=None, random_state=None, ...)",,,30,,,,,0.1,3,9,0,42,,,,,,"{'estimator': XGBRegressor(base_score=None, booster=None, callbacks=None,
             colsample_bylevel=None, colsample_bynode=None,
             colsample_bytree=None, device=None, early_stopping_rounds=None,
             enable_categorical=False, eval_metric=None, feature_types=None,
             gamma=None, grow_policy=None, importance_type=None,
             interaction_constraints=None, learning_rate=None, max_bin=None,
             max_cat_threshold=None, max_cat_to_onehot=None,
             max_delta_step=None, max_depth=None, max_leaves=None,
             min_child_weight=None, missing=nan, monotone_constraints=None,
             multi_strategy=None, n_estimators=None, n_jobs=None,
             num_parallel_tree=None, random_state=None, ...), 'estimator__eta': 0.1, 'estimator__gamma': 30, 'estimator__max_delta_step': 3, 'estimator__max_depth': 9, 'estimator__min_child_weight': 0, 'estimator__random_state': 42}",0.03599063436210516,0.05799454693120446,0.037869750305241666,0.04029670713212541,0.06181477486725849,0.06275382538843341,0.0585904735445141,0.04645832659715925,0.03450532229957629,0.02795477719537449,0.04642291386229928,0.012199106700667508,589,0.11864891809116473,0.24119645742924045,0.028398407327837605,0.02066700403787869,0.03638325860846092,0.05050658596856494,0.03875581368426939,0.0028673913716468213,0.0025635766667464477,0.32101556741915505,0.0861002980604965,0.10382520714439339,606,0.16735711752593546,0.20491798351024226,0.17227371208473763,0.17249387732608762,0.22654835006323465,0.1898865125617788,0.19731434715480983,0.1877474386673681,0.17047527330852666,0.14259692533902762,0.18316115375417485,0.022160479939809095,631
511,0.029006814956665038,0.0007745713736679917,0.005200958251953125,0.0004004956569142302,"XGBRegressor(base_score=None, booster=None, callbacks=None,
             colsample_bylevel=None, colsample_bynode=None,
             colsample_bytree=None, device=None, early_stopping_rounds=None,
             enable_categorical=False, eval_metric=None, feature_types=None,
             gamma=None, grow_policy=None, importance_type=None,
             interaction_constraints=None, learning_rate=None, max_bin=None,
             max_cat_threshold=None, max_cat_to_onehot=None,
             max_delta_step=None, max_depth=None, max_leaves=None,
             min_child_weight=None, missing=nan, monotone_constraints=None,
             multi_strategy=None, n_estimators=None, n_jobs=None,
             num_parallel_tree=None, random_state=None, ...)",,,30,,,,,0.1,3,9,1,42,,,,,,"{'estimator': XGBRegressor(base_score=None, booster=None, callbacks=None,
             colsample_bylevel=None, colsample_bynode=None,
             colsample_bytree=None, device=None, early_stopping_rounds=None,
             enable_categorical=False, eval_metric=None, feature_types=None,
             gamma=None, grow_policy=None, importance_type=None,
             interaction_constraints=None, learning_rate=None, max_bin=None,
             max_cat_threshold=None, max_cat_to_onehot=None,
             max_delta_step=None, max_depth=None, max_leaves=None,
             min_child_weight=None, missing=nan, monotone_constraints=None,
             multi_strategy=None, n_estimators=None, n_jobs=None,
             num_parallel_tree=None, random_state=None, ...), 'estimator__eta': 0.1, 'estimator__gamma': 30, 'estimator__max_delta_step': 3, 'estimator__max_depth': 9, 'estimator__min_child_weight': 1, 'estimator__random_state': 42}",0.03599063436210516,0.05799454693120446,0.037869750305241666,0.04029670713212541,0.06181477486725849,0.06275382538843341,0.0585904735445141,0.04645832659715925,0.03450532229957629,0.02795477719537449,0.04642291386229928,0.012199106700667508,589,0.11864891809116473,0.24119645742924045,0.028398407327837605,0.02066700403787869,0.03638325860846092,0.05050658596856494,0.03875581368426939,0.0028673913716468213,0.0025635766667464477,0.32101556741915505,0.0861002980604965,0.10382520714439339,606,0.16735711752593546,0.20491798351024226,0.17227371208473763,0.17249387732608762,0.22654835006323465,0.1898865125617788,0.19731434715480983,0.1877474386673681,0.17047527330852666,0.14259692533902762,0.18316115375417485,0.022160479939809095,631
512,0.03300776481628418,0.012682976839811446,0.005000972747802734,0.0004475014374974409,"XGBRegressor(base_score=None, booster=None, callbacks=None,
             colsample_bylevel=None, colsample_bynode=None,
             colsample_bytree=None, device=None, early_stopping_rounds=None,
             enable_categorical=False, eval_metric=None, feature_types=None,
             gamma=None, grow_policy=None, importance_type=None,
             interaction_constraints=None, learning_rate=None, max_bin=None,
             max_cat_threshold=None, max_cat_to_onehot=None,
             max_delta_step=None, max_depth=None, max_leaves=None,
             min_child_weight=None, missing=nan, monotone_constraints=None,
             multi_strategy=None, n_estimators=None, n_jobs=None,
             num_parallel_tree=None, random_state=None, ...)",,,30,,,,,0.1,3,9,10,42,,,,,,"{'estimator': XGBRegressor(base_score=None, booster=None, callbacks=None,
             colsample_bylevel=None, colsample_bynode=None,
             colsample_bytree=None, device=None, early_stopping_rounds=None,
             enable_categorical=False, eval_metric=None, feature_types=None,
             gamma=None, grow_policy=None, importance_type=None,
             interaction_constraints=None, learning_rate=None, max_bin=None,
             max_cat_threshold=None, max_cat_to_onehot=None,
             max_delta_step=None, max_depth=None, max_leaves=None,
             min_child_weight=None, missing=nan, monotone_constraints=None,
             multi_strategy=None, n_estimators=None, n_jobs=None,
             num_parallel_tree=None, random_state=None, ...), 'estimator__eta': 0.1, 'estimator__gamma': 30, 'estimator__max_delta_step': 3, 'estimator__max_depth': 9, 'estimator__min_child_weight': 10, 'estimator__random_state': 42}",0.03599063436210516,0.05799454693120446,0.037869750305241666,0.04029670713212541,0.06181477486725849,0.06275382538843341,0.0585904735445141,0.04645832659715925,0.03450532229957629,0.02795477719537449,0.04642291386229928,0.012199106700667508,589,0.11864891809116473,0.24119645742924045,0.028398407327837605,0.02066700403787869,0.03638325860846092,0.05050658596856494,0.03875581368426939,0.0028673913716468213,0.0025635766667464477,0.32101556741915505,0.0861002980604965,0.10382520714439339,606,0.16735711752593546,0.20491798351024226,0.17227371208473763,0.17249387732608762,0.22654835006323465,0.1898865125617788,0.19731434715480983,0.1877474386673681,0.17047527330852666,0.14259692533902762,0.18316115375417485,0.022160479939809095,631
513,0.028906655311584473,0.0008309094362816673,0.005401229858398438,0.0006635575774968748,"XGBRegressor(base_score=None, booster=None, callbacks=None,
             colsample_bylevel=None, colsample_bynode=None,
             colsample_bytree=None, device=None, early_stopping_rounds=None,
             enable_categorical=False, eval_metric=None, feature_types=None,
             gamma=None, grow_policy=None, importance_type=None,
             interaction_constraints=None, learning_rate=None, max_bin=None,
             max_cat_threshold=None, max_cat_to_onehot=None,
             max_delta_step=None, max_depth=None, max_leaves=None,
             min_child_weight=None, missing=nan, monotone_constraints=None,
             multi_strategy=None, n_estimators=None, n_jobs=None,
             num_parallel_tree=None, random_state=None, ...)",,,30,,,,,0.1,6,3,0,42,,,,,,"{'estimator': XGBRegressor(base_score=None, booster=None, callbacks=None,
             colsample_bylevel=None, colsample_bynode=None,
             colsample_bytree=None, device=None, early_stopping_rounds=None,
             enable_categorical=False, eval_metric=None, feature_types=None,
             gamma=None, grow_policy=None, importance_type=None,
             interaction_constraints=None, learning_rate=None, max_bin=None,
             max_cat_threshold=None, max_cat_to_onehot=None,
             max_delta_step=None, max_depth=None, max_leaves=None,
             min_child_weight=None, missing=nan, monotone_constraints=None,
             multi_strategy=None, n_estimators=None, n_jobs=None,
             num_parallel_tree=None, random_state=None, ...), 'estimator__eta': 0.1, 'estimator__gamma': 30, 'estimator__max_delta_step': 6, 'estimator__max_depth': 3, 'estimator__min_child_weight': 0, 'estimator__random_state': 42}",0.03599063436210516,0.05799454693120446,0.037869750305241666,0.04029670713212541,0.06181477486725849,0.06275382538843341,0.0585904735445141,0.04645832659715925,0.03450532229957629,0.02795477719537449,0.04642291386229928,0.012199106700667508,589,0.11864891809116473,0.24119645742924045,0.028398407327837605,0.02066700403787869,0.03638325860846092,0.05050658596856494,0.03875581368426939,0.0028673913716468213,0.0025635766667464477,0.32101556741915505,0.0861002980604965,0.10382520714439339,606,0.16735711752593546,0.20491798351024226,0.17227371208473763,0.17249387732608762,0.22654835006323465,0.1898865125617788,0.19731434715480983,0.1877474386673681,0.17047527330852666,0.14259692533902762,0.18316115375417485,0.022160479939809095,631
514,0.02870655059814453,0.0007812615526800826,0.00510096549987793,0.0003002487247910855,"XGBRegressor(base_score=None, booster=None, callbacks=None,
             colsample_bylevel=None, colsample_bynode=None,
             colsample_bytree=None, device=None, early_stopping_rounds=None,
             enable_categorical=False, eval_metric=None, feature_types=None,
             gamma=None, grow_policy=None, importance_type=None,
             interaction_constraints=None, learning_rate=None, max_bin=None,
             max_cat_threshold=None, max_cat_to_onehot=None,
             max_delta_step=None, max_depth=None, max_leaves=None,
             min_child_weight=None, missing=nan, monotone_constraints=None,
             multi_strategy=None, n_estimators=None, n_jobs=None,
             num_parallel_tree=None, random_state=None, ...)",,,30,,,,,0.1,6,3,1,42,,,,,,"{'estimator': XGBRegressor(base_score=None, booster=None, callbacks=None,
             colsample_bylevel=None, colsample_bynode=None,
             colsample_bytree=None, device=None, early_stopping_rounds=None,
             enable_categorical=False, eval_metric=None, feature_types=None,
             gamma=None, grow_policy=None, importance_type=None,
             interaction_constraints=None, learning_rate=None, max_bin=None,
             max_cat_threshold=None, max_cat_to_onehot=None,
             max_delta_step=None, max_depth=None, max_leaves=None,
             min_child_weight=None, missing=nan, monotone_constraints=None,
             multi_strategy=None, n_estimators=None, n_jobs=None,
             num_parallel_tree=None, random_state=None, ...), 'estimator__eta': 0.1, 'estimator__gamma': 30, 'estimator__max_delta_step': 6, 'estimator__max_depth': 3, 'estimator__min_child_weight': 1, 'estimator__random_state': 42}",0.03599063436210516,0.05799454693120446,0.037869750305241666,0.04029670713212541,0.06181477486725849,0.06275382538843341,0.0585904735445141,0.04645832659715925,0.03450532229957629,0.02795477719537449,0.04642291386229928,0.012199106700667508,589,0.11864891809116473,0.24119645742924045,0.028398407327837605,0.02066700403787869,0.03638325860846092,0.05050658596856494,0.03875581368426939,0.0028673913716468213,0.0025635766667464477,0.32101556741915505,0.0861002980604965,0.10382520714439339,606,0.16735711752593546,0.20491798351024226,0.17227371208473763,0.17249387732608762,0.22654835006323465,0.1898865125617788,0.19731434715480983,0.1877474386673681,0.17047527330852666,0.14259692533902762,0.18316115375417485,0.022160479939809095,631
515,0.02870664596557617,0.0004582662381660789,0.004900884628295898,0.0003000738509750293,"XGBRegressor(base_score=None, booster=None, callbacks=None,
             colsample_bylevel=None, colsample_bynode=None,
             colsample_bytree=None, device=None, early_stopping_rounds=None,
             enable_categorical=False, eval_metric=None, feature_types=None,
             gamma=None, grow_policy=None, importance_type=None,
             interaction_constraints=None, learning_rate=None, max_bin=None,
             max_cat_threshold=None, max_cat_to_onehot=None,
             max_delta_step=None, max_depth=None, max_leaves=None,
             min_child_weight=None, missing=nan, monotone_constraints=None,
             multi_strategy=None, n_estimators=None, n_jobs=None,
             num_parallel_tree=None, random_state=None, ...)",,,30,,,,,0.1,6,3,10,42,,,,,,"{'estimator': XGBRegressor(base_score=None, booster=None, callbacks=None,
             colsample_bylevel=None, colsample_bynode=None,
             colsample_bytree=None, device=None, early_stopping_rounds=None,
             enable_categorical=False, eval_metric=None, feature_types=None,
             gamma=None, grow_policy=None, importance_type=None,
             interaction_constraints=None, learning_rate=None, max_bin=None,
             max_cat_threshold=None, max_cat_to_onehot=None,
             max_delta_step=None, max_depth=None, max_leaves=None,
             min_child_weight=None, missing=nan, monotone_constraints=None,
             multi_strategy=None, n_estimators=None, n_jobs=None,
             num_parallel_tree=None, random_state=None, ...), 'estimator__eta': 0.1, 'estimator__gamma': 30, 'estimator__max_delta_step': 6, 'estimator__max_depth': 3, 'estimator__min_child_weight': 10, 'estimator__random_state': 42}",0.03599063436210516,0.05799454693120446,0.037869750305241666,0.04029670713212541,0.06181477486725849,0.06275382538843341,0.0585904735445141,0.04645832659715925,0.03450532229957629,0.02795477719537449,0.04642291386229928,0.012199106700667508,589,0.11864891809116473,0.24119645742924045,0.028398407327837605,0.02066700403787869,0.03638325860846092,0.05050658596856494,0.03875581368426939,0.0028673913716468213,0.0025635766667464477,0.32101556741915505,0.0861002980604965,0.10382520714439339,606,0.16735711752593546,0.20491798351024226,0.17227371208473763,0.17249387732608762,0.22654835006323465,0.1898865125617788,0.19731434715480983,0.1877474386673681,0.17047527330852666,0.14259692533902762,0.18316115375417485,0.022160479939809095,631
516,0.02960686683654785,0.0010199217815541346,0.0051011800765991214,0.00029985919858970065,"XGBRegressor(base_score=None, booster=None, callbacks=None,
             colsample_bylevel=None, colsample_bynode=None,
             colsample_bytree=None, device=None, early_stopping_rounds=None,
             enable_categorical=False, eval_metric=None, feature_types=None,
             gamma=None, grow_policy=None, importance_type=None,
             interaction_constraints=None, learning_rate=None, max_bin=None,
             max_cat_threshold=None, max_cat_to_onehot=None,
             max_delta_step=None, max_depth=None, max_leaves=None,
             min_child_weight=None, missing=nan, monotone_constraints=None,
             multi_strategy=None, n_estimators=None, n_jobs=None,
             num_parallel_tree=None, random_state=None, ...)",,,30,,,,,0.1,6,6,0,42,,,,,,"{'estimator': XGBRegressor(base_score=None, booster=None, callbacks=None,
             colsample_bylevel=None, colsample_bynode=None,
             colsample_bytree=None, device=None, early_stopping_rounds=None,
             enable_categorical=False, eval_metric=None, feature_types=None,
             gamma=None, grow_policy=None, importance_type=None,
             interaction_constraints=None, learning_rate=None, max_bin=None,
             max_cat_threshold=None, max_cat_to_onehot=None,
             max_delta_step=None, max_depth=None, max_leaves=None,
             min_child_weight=None, missing=nan, monotone_constraints=None,
             multi_strategy=None, n_estimators=None, n_jobs=None,
             num_parallel_tree=None, random_state=None, ...), 'estimator__eta': 0.1, 'estimator__gamma': 30, 'estimator__max_delta_step': 6, 'estimator__max_depth': 6, 'estimator__min_child_weight': 0, 'estimator__random_state': 42}",0.03599063436210516,0.05799454693120446,0.037869750305241666,0.04029670713212541,0.06181477486725849,0.06275382538843341,0.0585904735445141,0.04645832659715925,0.03450532229957629,0.02795477719537449,0.04642291386229928,0.012199106700667508,589,0.11864891809116473,0.24119645742924045,0.028398407327837605,0.02066700403787869,0.03638325860846092,0.05050658596856494,0.03875581368426939,0.0028673913716468213,0.0025635766667464477,0.32101556741915505,0.0861002980604965,0.10382520714439339,606,0.16735711752593546,0.20491798351024226,0.17227371208473763,0.17249387732608762,0.22654835006323465,0.1898865125617788,0.19731434715480983,0.1877474386673681,0.17047527330852666,0.14259692533902762,0.18316115375417485,0.022160479939809095,631
517,0.028206419944763184,0.0003999711681844531,0.005201148986816406,0.0004000428002996187,"XGBRegressor(base_score=None, booster=None, callbacks=None,
             colsample_bylevel=None, colsample_bynode=None,
             colsample_bytree=None, device=None, early_stopping_rounds=None,
             enable_categorical=False, eval_metric=None, feature_types=None,
             gamma=None, grow_policy=None, importance_type=None,
             interaction_constraints=None, learning_rate=None, max_bin=None,
             max_cat_threshold=None, max_cat_to_onehot=None,
             max_delta_step=None, max_depth=None, max_leaves=None,
             min_child_weight=None, missing=nan, monotone_constraints=None,
             multi_strategy=None, n_estimators=None, n_jobs=None,
             num_parallel_tree=None, random_state=None, ...)",,,30,,,,,0.1,6,6,1,42,,,,,,"{'estimator': XGBRegressor(base_score=None, booster=None, callbacks=None,
             colsample_bylevel=None, colsample_bynode=None,
             colsample_bytree=None, device=None, early_stopping_rounds=None,
             enable_categorical=False, eval_metric=None, feature_types=None,
             gamma=None, grow_policy=None, importance_type=None,
             interaction_constraints=None, learning_rate=None, max_bin=None,
             max_cat_threshold=None, max_cat_to_onehot=None,
             max_delta_step=None, max_depth=None, max_leaves=None,
             min_child_weight=None, missing=nan, monotone_constraints=None,
             multi_strategy=None, n_estimators=None, n_jobs=None,
             num_parallel_tree=None, random_state=None, ...), 'estimator__eta': 0.1, 'estimator__gamma': 30, 'estimator__max_delta_step': 6, 'estimator__max_depth': 6, 'estimator__min_child_weight': 1, 'estimator__random_state': 42}",0.03599063436210516,0.05799454693120446,0.037869750305241666,0.04029670713212541,0.06181477486725849,0.06275382538843341,0.0585904735445141,0.04645832659715925,0.03450532229957629,0.02795477719537449,0.04642291386229928,0.012199106700667508,589,0.11864891809116473,0.24119645742924045,0.028398407327837605,0.02066700403787869,0.03638325860846092,0.05050658596856494,0.03875581368426939,0.0028673913716468213,0.0025635766667464477,0.32101556741915505,0.0861002980604965,0.10382520714439339,606,0.16735711752593546,0.20491798351024226,0.17227371208473763,0.17249387732608762,0.22654835006323465,0.1898865125617788,0.19731434715480983,0.1877474386673681,0.17047527330852666,0.14259692533902762,0.18316115375417485,0.022160479939809095,631
518,0.028606700897216796,0.0006635357634952042,0.005101060867309571,0.00030045533933207186,"XGBRegressor(base_score=None, booster=None, callbacks=None,
             colsample_bylevel=None, colsample_bynode=None,
             colsample_bytree=None, device=None, early_stopping_rounds=None,
             enable_categorical=False, eval_metric=None, feature_types=None,
             gamma=None, grow_policy=None, importance_type=None,
             interaction_constraints=None, learning_rate=None, max_bin=None,
             max_cat_threshold=None, max_cat_to_onehot=None,
             max_delta_step=None, max_depth=None, max_leaves=None,
             min_child_weight=None, missing=nan, monotone_constraints=None,
             multi_strategy=None, n_estimators=None, n_jobs=None,
             num_parallel_tree=None, random_state=None, ...)",,,30,,,,,0.1,6,6,10,42,,,,,,"{'estimator': XGBRegressor(base_score=None, booster=None, callbacks=None,
             colsample_bylevel=None, colsample_bynode=None,
             colsample_bytree=None, device=None, early_stopping_rounds=None,
             enable_categorical=False, eval_metric=None, feature_types=None,
             gamma=None, grow_policy=None, importance_type=None,
             interaction_constraints=None, learning_rate=None, max_bin=None,
             max_cat_threshold=None, max_cat_to_onehot=None,
             max_delta_step=None, max_depth=None, max_leaves=None,
             min_child_weight=None, missing=nan, monotone_constraints=None,
             multi_strategy=None, n_estimators=None, n_jobs=None,
             num_parallel_tree=None, random_state=None, ...), 'estimator__eta': 0.1, 'estimator__gamma': 30, 'estimator__max_delta_step': 6, 'estimator__max_depth': 6, 'estimator__min_child_weight': 10, 'estimator__random_state': 42}",0.03599063436210516,0.05799454693120446,0.037869750305241666,0.04029670713212541,0.06181477486725849,0.06275382538843341,0.0585904735445141,0.04645832659715925,0.03450532229957629,0.02795477719537449,0.04642291386229928,0.012199106700667508,589,0.11864891809116473,0.24119645742924045,0.028398407327837605,0.02066700403787869,0.03638325860846092,0.05050658596856494,0.03875581368426939,0.0028673913716468213,0.0025635766667464477,0.32101556741915505,0.0861002980604965,0.10382520714439339,606,0.16735711752593546,0.20491798351024226,0.17227371208473763,0.17249387732608762,0.22654835006323465,0.1898865125617788,0.19731434715480983,0.1877474386673681,0.17047527330852666,0.14259692533902762,0.18316115375417485,0.022160479939809095,631
519,0.029706811904907225,0.0011000460868067024,0.0051009893417358395,0.0003000026665131708,"XGBRegressor(base_score=None, booster=None, callbacks=None,
             colsample_bylevel=None, colsample_bynode=None,
             colsample_bytree=None, device=None, early_stopping_rounds=None,
             enable_categorical=False, eval_metric=None, feature_types=None,
             gamma=None, grow_policy=None, importance_type=None,
             interaction_constraints=None, learning_rate=None, max_bin=None,
             max_cat_threshold=None, max_cat_to_onehot=None,
             max_delta_step=None, max_depth=None, max_leaves=None,
             min_child_weight=None, missing=nan, monotone_constraints=None,
             multi_strategy=None, n_estimators=None, n_jobs=None,
             num_parallel_tree=None, random_state=None, ...)",,,30,,,,,0.1,6,9,0,42,,,,,,"{'estimator': XGBRegressor(base_score=None, booster=None, callbacks=None,
             colsample_bylevel=None, colsample_bynode=None,
             colsample_bytree=None, device=None, early_stopping_rounds=None,
             enable_categorical=False, eval_metric=None, feature_types=None,
             gamma=None, grow_policy=None, importance_type=None,
             interaction_constraints=None, learning_rate=None, max_bin=None,
             max_cat_threshold=None, max_cat_to_onehot=None,
             max_delta_step=None, max_depth=None, max_leaves=None,
             min_child_weight=None, missing=nan, monotone_constraints=None,
             multi_strategy=None, n_estimators=None, n_jobs=None,
             num_parallel_tree=None, random_state=None, ...), 'estimator__eta': 0.1, 'estimator__gamma': 30, 'estimator__max_delta_step': 6, 'estimator__max_depth': 9, 'estimator__min_child_weight': 0, 'estimator__random_state': 42}",0.03599063436210516,0.05799454693120446,0.037869750305241666,0.04029670713212541,0.06181477486725849,0.06275382538843341,0.0585904735445141,0.04645832659715925,0.03450532229957629,0.02795477719537449,0.04642291386229928,0.012199106700667508,589,0.11864891809116473,0.24119645742924045,0.028398407327837605,0.02066700403787869,0.03638325860846092,0.05050658596856494,0.03875581368426939,0.0028673913716468213,0.0025635766667464477,0.32101556741915505,0.0861002980604965,0.10382520714439339,606,0.16735711752593546,0.20491798351024226,0.17227371208473763,0.17249387732608762,0.22654835006323465,0.1898865125617788,0.19731434715480983,0.1877474386673681,0.17047527330852666,0.14259692533902762,0.18316115375417485,0.022160479939809095,631
520,0.029657721519470215,0.0008387301928407516,0.0055010318756103516,0.0005001547884606105,"XGBRegressor(base_score=None, booster=None, callbacks=None,
             colsample_bylevel=None, colsample_bynode=None,
             colsample_bytree=None, device=None, early_stopping_rounds=None,
             enable_categorical=False, eval_metric=None, feature_types=None,
             gamma=None, grow_policy=None, importance_type=None,
             interaction_constraints=None, learning_rate=None, max_bin=None,
             max_cat_threshold=None, max_cat_to_onehot=None,
             max_delta_step=None, max_depth=None, max_leaves=None,
             min_child_weight=None, missing=nan, monotone_constraints=None,
             multi_strategy=None, n_estimators=None, n_jobs=None,
             num_parallel_tree=None, random_state=None, ...)",,,30,,,,,0.1,6,9,1,42,,,,,,"{'estimator': XGBRegressor(base_score=None, booster=None, callbacks=None,
             colsample_bylevel=None, colsample_bynode=None,
             colsample_bytree=None, device=None, early_stopping_rounds=None,
             enable_categorical=False, eval_metric=None, feature_types=None,
             gamma=None, grow_policy=None, importance_type=None,
             interaction_constraints=None, learning_rate=None, max_bin=None,
             max_cat_threshold=None, max_cat_to_onehot=None,
             max_delta_step=None, max_depth=None, max_leaves=None,
             min_child_weight=None, missing=nan, monotone_constraints=None,
             multi_strategy=None, n_estimators=None, n_jobs=None,
             num_parallel_tree=None, random_state=None, ...), 'estimator__eta': 0.1, 'estimator__gamma': 30, 'estimator__max_delta_step': 6, 'estimator__max_depth': 9, 'estimator__min_child_weight': 1, 'estimator__random_state': 42}",0.03599063436210516,0.05799454693120446,0.037869750305241666,0.04029670713212541,0.06181477486725849,0.06275382538843341,0.0585904735445141,0.04645832659715925,0.03450532229957629,0.02795477719537449,0.04642291386229928,0.012199106700667508,589,0.11864891809116473,0.24119645742924045,0.028398407327837605,0.02066700403787869,0.03638325860846092,0.05050658596856494,0.03875581368426939,0.0028673913716468213,0.0025635766667464477,0.32101556741915505,0.0861002980604965,0.10382520714439339,606,0.16735711752593546,0.20491798351024226,0.17227371208473763,0.17249387732608762,0.22654835006323465,0.1898865125617788,0.19731434715480983,0.1877474386673681,0.17047527330852666,0.14259692533902762,0.18316115375417485,0.022160479939809095,631
521,0.029006695747375487,0.0006324851222068253,0.0051009893417358395,0.0002998433314091548,"XGBRegressor(base_score=None, booster=None, callbacks=None,
             colsample_bylevel=None, colsample_bynode=None,
             colsample_bytree=None, device=None, early_stopping_rounds=None,
             enable_categorical=False, eval_metric=None, feature_types=None,
             gamma=None, grow_policy=None, importance_type=None,
             interaction_constraints=None, learning_rate=None, max_bin=None,
             max_cat_threshold=None, max_cat_to_onehot=None,
             max_delta_step=None, max_depth=None, max_leaves=None,
             min_child_weight=None, missing=nan, monotone_constraints=None,
             multi_strategy=None, n_estimators=None, n_jobs=None,
             num_parallel_tree=None, random_state=None, ...)",,,30,,,,,0.1,6,9,10,42,,,,,,"{'estimator': XGBRegressor(base_score=None, booster=None, callbacks=None,
             colsample_bylevel=None, colsample_bynode=None,
             colsample_bytree=None, device=None, early_stopping_rounds=None,
             enable_categorical=False, eval_metric=None, feature_types=None,
             gamma=None, grow_policy=None, importance_type=None,
             interaction_constraints=None, learning_rate=None, max_bin=None,
             max_cat_threshold=None, max_cat_to_onehot=None,
             max_delta_step=None, max_depth=None, max_leaves=None,
             min_child_weight=None, missing=nan, monotone_constraints=None,
             multi_strategy=None, n_estimators=None, n_jobs=None,
             num_parallel_tree=None, random_state=None, ...), 'estimator__eta': 0.1, 'estimator__gamma': 30, 'estimator__max_delta_step': 6, 'estimator__max_depth': 9, 'estimator__min_child_weight': 10, 'estimator__random_state': 42}",0.03599063436210516,0.05799454693120446,0.037869750305241666,0.04029670713212541,0.06181477486725849,0.06275382538843341,0.0585904735445141,0.04645832659715925,0.03450532229957629,0.02795477719537449,0.04642291386229928,0.012199106700667508,589,0.11864891809116473,0.24119645742924045,0.028398407327837605,0.02066700403787869,0.03638325860846092,0.05050658596856494,0.03875581368426939,0.0028673913716468213,0.0025635766667464477,0.32101556741915505,0.0861002980604965,0.10382520714439339,606,0.16735711752593546,0.20491798351024226,0.17227371208473763,0.17249387732608762,0.22654835006323465,0.1898865125617788,0.19731434715480983,0.1877474386673681,0.17047527330852666,0.14259692533902762,0.18316115375417485,0.022160479939809095,631
522,0.04581055641174316,0.001600337127070457,0.005100917816162109,0.00030018536747988665,"XGBRegressor(base_score=None, booster=None, callbacks=None,
             colsample_bylevel=None, colsample_bynode=None,
             colsample_bytree=None, device=None, early_stopping_rounds=None,
             enable_categorical=False, eval_metric=None, feature_types=None,
             gamma=None, grow_policy=None, importance_type=None,
             interaction_constraints=None, learning_rate=None, max_bin=None,
             max_cat_threshold=None, max_cat_to_onehot=None,
             max_delta_step=None, max_depth=None, max_leaves=None,
             min_child_weight=None, missing=nan, monotone_constraints=None,
             multi_strategy=None, n_estimators=None, n_jobs=None,
             num_parallel_tree=None, random_state=None, ...)",,,0,,,,,0.3,0,3,0,42,,,,,,"{'estimator': XGBRegressor(base_score=None, booster=None, callbacks=None,
             colsample_bylevel=None, colsample_bynode=None,
             colsample_bytree=None, device=None, early_stopping_rounds=None,
             enable_categorical=False, eval_metric=None, feature_types=None,
             gamma=None, grow_policy=None, importance_type=None,
             interaction_constraints=None, learning_rate=None, max_bin=None,
             max_cat_threshold=None, max_cat_to_onehot=None,
             max_delta_step=None, max_depth=None, max_leaves=None,
             min_child_weight=None, missing=nan, monotone_constraints=None,
             multi_strategy=None, n_estimators=None, n_jobs=None,
             num_parallel_tree=None, random_state=None, ...), 'estimator__eta': 0.3, 'estimator__gamma': 0, 'estimator__max_delta_step': 0, 'estimator__max_depth': 3, 'estimator__min_child_weight': 0, 'estimator__random_state': 42}",0.01669355816235937,0.016030404240600232,0.011282383610202569,0.009163322874713959,0.013182599541318049,0.018916183851120403,0.017212461309961534,0.013864218571172348,0.009318981594599977,0.006956116901996963,0.01326202306580454,0.0037870061486468057,23,0.48113638149491755,0.656918072345764,0.6936133657583677,0.7679040802291788,0.7789812306378213,0.6833408068114862,0.6948387140111758,0.7007216202072992,0.7292339008672741,0.671285567683009,0.6857973740046294,0.07785486886210141,85,0.07465507819444624,0.10674073582800526,0.08704283509749182,0.06800792306113665,0.09471469294265464,0.09131561184681315,0.07540831591636825,0.09109440964678474,0.07632622638302673,0.06252790234200961,0.08278337312587372,0.012911547060009453,39
523,0.04521002769470215,0.0023582231000400283,0.005201148986816406,0.0006004017098426413,"XGBRegressor(base_score=None, booster=None, callbacks=None,
             colsample_bylevel=None, colsample_bynode=None,
             colsample_bytree=None, device=None, early_stopping_rounds=None,
             enable_categorical=False, eval_metric=None, feature_types=None,
             gamma=None, grow_policy=None, importance_type=None,
             interaction_constraints=None, learning_rate=None, max_bin=None,
             max_cat_threshold=None, max_cat_to_onehot=None,
             max_delta_step=None, max_depth=None, max_leaves=None,
             min_child_weight=None, missing=nan, monotone_constraints=None,
             multi_strategy=None, n_estimators=None, n_jobs=None,
             num_parallel_tree=None, random_state=None, ...)",,,0,,,,,0.3,0,3,1,42,,,,,,"{'estimator': XGBRegressor(base_score=None, booster=None, callbacks=None,
             colsample_bylevel=None, colsample_bynode=None,
             colsample_bytree=None, device=None, early_stopping_rounds=None,
             enable_categorical=False, eval_metric=None, feature_types=None,
             gamma=None, grow_policy=None, importance_type=None,
             interaction_constraints=None, learning_rate=None, max_bin=None,
             max_cat_threshold=None, max_cat_to_onehot=None,
             max_delta_step=None, max_depth=None, max_leaves=None,
             min_child_weight=None, missing=nan, monotone_constraints=None,
             multi_strategy=None, n_estimators=None, n_jobs=None,
             num_parallel_tree=None, random_state=None, ...), 'estimator__eta': 0.3, 'estimator__gamma': 0, 'estimator__max_delta_step': 0, 'estimator__max_depth': 3, 'estimator__min_child_weight': 1, 'estimator__random_state': 42}",0.01669355816235937,0.016030404240600232,0.011282383610202569,0.009163322874713959,0.013182599541318049,0.018916183851120403,0.017212461309961534,0.013864218571172348,0.009318981594599977,0.006956116901996963,0.01326202306580454,0.0037870061486468057,23,0.48113638149491755,0.656918072345764,0.6936133657583677,0.7679040802291788,0.7789812306378213,0.6833408068114862,0.6948387140111758,0.7007216202072992,0.7292339008672741,0.671285567683009,0.6857973740046294,0.07785486886210141,85,0.07465507819444624,0.10674073582800526,0.08704283509749182,0.06800792306113665,0.09471469294265464,0.09131561184681315,0.07540831591636825,0.09109440964678474,0.07632622638302673,0.06252790234200961,0.08278337312587372,0.012911547060009453,39
524,0.048710989952087405,0.003926510036121667,0.005401039123535156,0.0004903492404572486,"XGBRegressor(base_score=None, booster=None, callbacks=None,
             colsample_bylevel=None, colsample_bynode=None,
             colsample_bytree=None, device=None, early_stopping_rounds=None,
             enable_categorical=False, eval_metric=None, feature_types=None,
             gamma=None, grow_policy=None, importance_type=None,
             interaction_constraints=None, learning_rate=None, max_bin=None,
             max_cat_threshold=None, max_cat_to_onehot=None,
             max_delta_step=None, max_depth=None, max_leaves=None,
             min_child_weight=None, missing=nan, monotone_constraints=None,
             multi_strategy=None, n_estimators=None, n_jobs=None,
             num_parallel_tree=None, random_state=None, ...)",,,0,,,,,0.3,0,3,10,42,,,,,,"{'estimator': XGBRegressor(base_score=None, booster=None, callbacks=None,
             colsample_bylevel=None, colsample_bynode=None,
             colsample_bytree=None, device=None, early_stopping_rounds=None,
             enable_categorical=False, eval_metric=None, feature_types=None,
             gamma=None, grow_policy=None, importance_type=None,
             interaction_constraints=None, learning_rate=None, max_bin=None,
             max_cat_threshold=None, max_cat_to_onehot=None,
             max_delta_step=None, max_depth=None, max_leaves=None,
             min_child_weight=None, missing=nan, monotone_constraints=None,
             multi_strategy=None, n_estimators=None, n_jobs=None,
             num_parallel_tree=None, random_state=None, ...), 'estimator__eta': 0.3, 'estimator__gamma': 0, 'estimator__max_delta_step': 0, 'estimator__max_depth': 3, 'estimator__min_child_weight': 10, 'estimator__random_state': 42}",0.01639973346787223,0.01929372037948624,0.009145449321968003,0.009893258963483,0.016326551752964574,0.02271163690414262,0.018923823223833867,0.023378747024076406,0.007722913445655762,0.006353590516007564,0.015014942499949026,0.005960644954325232,159,0.4902689428521184,0.5870767399208077,0.7516443747001007,0.7494156792186387,0.726269893501797,0.619804466130186,0.6644978235931778,0.4953373322101795,0.7756081899730749,0.6997582230044936,0.6559681665104573,0.09921950720822222,164,0.08427475997326167,0.10709633596813631,0.0786671069715007,0.0723438912880534,0.09100099895319859,0.10354327622892538,0.09264185994533489,0.10781899479916879,0.0673544350732312,0.05852673471056475,0.08632683939113758,0.016256140365813087,111
525,0.05521252155303955,0.0041193858762772215,0.005501508712768555,0.0009223537460036727,"XGBRegressor(base_score=None, booster=None, callbacks=None,
             colsample_bylevel=None, colsample_bynode=None,
             colsample_bytree=None, device=None, early_stopping_rounds=None,
             enable_categorical=False, eval_metric=None, feature_types=None,
             gamma=None, grow_policy=None, importance_type=None,
             interaction_constraints=None, learning_rate=None, max_bin=None,
             max_cat_threshold=None, max_cat_to_onehot=None,
             max_delta_step=None, max_depth=None, max_leaves=None,
             min_child_weight=None, missing=nan, monotone_constraints=None,
             multi_strategy=None, n_estimators=None, n_jobs=None,
             num_parallel_tree=None, random_state=None, ...)",,,0,,,,,0.3,0,6,0,42,,,,,,"{'estimator': XGBRegressor(base_score=None, booster=None, callbacks=None,
             colsample_bylevel=None, colsample_bynode=None,
             colsample_bytree=None, device=None, early_stopping_rounds=None,
             enable_categorical=False, eval_metric=None, feature_types=None,
             gamma=None, grow_policy=None, importance_type=None,
             interaction_constraints=None, learning_rate=None, max_bin=None,
             max_cat_threshold=None, max_cat_to_onehot=None,
             max_delta_step=None, max_depth=None, max_leaves=None,
             min_child_weight=None, missing=nan, monotone_constraints=None,
             multi_strategy=None, n_estimators=None, n_jobs=None,
             num_parallel_tree=None, random_state=None, ...), 'estimator__eta': 0.3, 'estimator__gamma': 0, 'estimator__max_delta_step': 0, 'estimator__max_depth': 6, 'estimator__min_child_weight': 0, 'estimator__random_state': 42}",0.013231629082988902,0.011930820262043427,0.009809815291529682,0.012933485140244016,0.017123612230713268,0.034214493986525166,0.024836737614499834,0.014270599929080283,0.00826915530397402,0.004490272081374654,0.015111062092297322,0.008187739271156387,168,0.5887389088686417,0.7446571681810059,0.7336027214155403,0.6724104159037518,0.7129064195263421,0.42724525483586906,0.559667228659426,0.6919493151727025,0.7597369517204368,0.7878101735532697,0.6678724557836986,0.10561287186052502,127,0.06634800023973017,0.09356171201322552,0.08437460756275066,0.0862692034951078,0.10402733381823256,0.13266364983333054,0.09618844775430099,0.09000871084454717,0.0686588664708503,0.05046149294753458,0.08725620249796104,0.021485739720380915,124
526,0.053311824798583984,0.0016762636705496849,0.005301380157470703,0.0007815728330214176,"XGBRegressor(base_score=None, booster=None, callbacks=None,
             colsample_bylevel=None, colsample_bynode=None,
             colsample_bytree=None, device=None, early_stopping_rounds=None,
             enable_categorical=False, eval_metric=None, feature_types=None,
             gamma=None, grow_policy=None, importance_type=None,
             interaction_constraints=None, learning_rate=None, max_bin=None,
             max_cat_threshold=None, max_cat_to_onehot=None,
             max_delta_step=None, max_depth=None, max_leaves=None,
             min_child_weight=None, missing=nan, monotone_constraints=None,
             multi_strategy=None, n_estimators=None, n_jobs=None,
             num_parallel_tree=None, random_state=None, ...)",,,0,,,,,0.3,0,6,1,42,,,,,,"{'estimator': XGBRegressor(base_score=None, booster=None, callbacks=None,
             colsample_bylevel=None, colsample_bynode=None,
             colsample_bytree=None, device=None, early_stopping_rounds=None,
             enable_categorical=False, eval_metric=None, feature_types=None,
             gamma=None, grow_policy=None, importance_type=None,
             interaction_constraints=None, learning_rate=None, max_bin=None,
             max_cat_threshold=None, max_cat_to_onehot=None,
             max_delta_step=None, max_depth=None, max_leaves=None,
             min_child_weight=None, missing=nan, monotone_constraints=None,
             multi_strategy=None, n_estimators=None, n_jobs=None,
             num_parallel_tree=None, random_state=None, ...), 'estimator__eta': 0.3, 'estimator__gamma': 0, 'estimator__max_delta_step': 0, 'estimator__max_depth': 6, 'estimator__min_child_weight': 1, 'estimator__random_state': 42}",0.013231629082988902,0.011930820262043427,0.009809815291529682,0.012933485140244016,0.017123612230713268,0.034214493986525166,0.024836737614499834,0.014270599929080283,0.00826915530397402,0.004490272081374654,0.015111062092297322,0.008187739271156387,168,0.5887389088686417,0.7446571681810059,0.7336027214155403,0.6724104159037518,0.7129064195263421,0.42724525483586906,0.559667228659426,0.6919493151727025,0.7597369517204368,0.7878101735532697,0.6678724557836986,0.10561287186052502,127,0.06634800023973017,0.09356171201322552,0.08437460756275066,0.0862692034951078,0.10402733381823256,0.13266364983333054,0.09618844775430099,0.09000871084454717,0.0686588664708503,0.05046149294753458,0.08725620249796104,0.021485739720380915,124
527,0.06241426467895508,0.0025383095224037104,0.00530095100402832,0.0004589118044718806,"XGBRegressor(base_score=None, booster=None, callbacks=None,
             colsample_bylevel=None, colsample_bynode=None,
             colsample_bytree=None, device=None, early_stopping_rounds=None,
             enable_categorical=False, eval_metric=None, feature_types=None,
             gamma=None, grow_policy=None, importance_type=None,
             interaction_constraints=None, learning_rate=None, max_bin=None,
             max_cat_threshold=None, max_cat_to_onehot=None,
             max_delta_step=None, max_depth=None, max_leaves=None,
             min_child_weight=None, missing=nan, monotone_constraints=None,
             multi_strategy=None, n_estimators=None, n_jobs=None,
             num_parallel_tree=None, random_state=None, ...)",,,0,,,,,0.3,0,6,10,42,,,,,,"{'estimator': XGBRegressor(base_score=None, booster=None, callbacks=None,
             colsample_bylevel=None, colsample_bynode=None,
             colsample_bytree=None, device=None, early_stopping_rounds=None,
             enable_categorical=False, eval_metric=None, feature_types=None,
             gamma=None, grow_policy=None, importance_type=None,
             interaction_constraints=None, learning_rate=None, max_bin=None,
             max_cat_threshold=None, max_cat_to_onehot=None,
             max_delta_step=None, max_depth=None, max_leaves=None,
             min_child_weight=None, missing=nan, monotone_constraints=None,
             multi_strategy=None, n_estimators=None, n_jobs=None,
             num_parallel_tree=None, random_state=None, ...), 'estimator__eta': 0.3, 'estimator__gamma': 0, 'estimator__max_delta_step': 0, 'estimator__max_depth': 6, 'estimator__min_child_weight': 10, 'estimator__random_state': 42}",0.013579248825734642,0.017525678624023197,0.008911759797143363,0.009799114267004689,0.01539589035275514,0.021889790752367074,0.01952311137109187,0.022629592621804553,0.009928116568765168,0.007543937033477767,0.014672624021416747,0.005282553924063869,145,0.5779343077266543,0.6249162831121857,0.7579904935205777,0.7518002508657837,0.741873313504238,0.6335622695748229,0.6538729897357867,0.5115088686422924,0.7115352822869353,0.6435078630316193,0.6608501922000897,0.0764232065237185,133,0.07256673416414251,0.10975949382092215,0.07892155534438483,0.06496262001733488,0.09467579276286617,0.10115541568098588,0.09748241442010999,0.10804954277140154,0.08215345284231802,0.06877212704427911,0.0878499148868745,0.015614095476586275,137
528,0.07101583480834961,0.011535237097530399,0.005001425743103027,0.0004473419946186247,"XGBRegressor(base_score=None, booster=None, callbacks=None,
             colsample_bylevel=None, colsample_bynode=None,
             colsample_bytree=None, device=None, early_stopping_rounds=None,
             enable_categorical=False, eval_metric=None, feature_types=None,
             gamma=None, grow_policy=None, importance_type=None,
             interaction_constraints=None, learning_rate=None, max_bin=None,
             max_cat_threshold=None, max_cat_to_onehot=None,
             max_delta_step=None, max_depth=None, max_leaves=None,
             min_child_weight=None, missing=nan, monotone_constraints=None,
             multi_strategy=None, n_estimators=None, n_jobs=None,
             num_parallel_tree=None, random_state=None, ...)",,,0,,,,,0.3,0,9,0,42,,,,,,"{'estimator': XGBRegressor(base_score=None, booster=None, callbacks=None,
             colsample_bylevel=None, colsample_bynode=None,
             colsample_bytree=None, device=None, early_stopping_rounds=None,
             enable_categorical=False, eval_metric=None, feature_types=None,
             gamma=None, grow_policy=None, importance_type=None,
             interaction_constraints=None, learning_rate=None, max_bin=None,
             max_cat_threshold=None, max_cat_to_onehot=None,
             max_delta_step=None, max_depth=None, max_leaves=None,
             min_child_weight=None, missing=nan, monotone_constraints=None,
             multi_strategy=None, n_estimators=None, n_jobs=None,
             num_parallel_tree=None, random_state=None, ...), 'estimator__eta': 0.3, 'estimator__gamma': 0, 'estimator__max_delta_step': 0, 'estimator__max_depth': 9, 'estimator__min_child_weight': 0, 'estimator__random_state': 42}",0.010324154045985502,0.013896371359608773,0.010431043517780915,0.018285150673818362,0.01670508479625283,0.03563983731504704,0.024028978740685478,0.013735272751324589,0.010828033488736153,0.005313464153213586,0.015918739084245324,0.008182754834088368,248,0.6791080802424435,0.7025905397083625,0.7167325251952226,0.536859180691,0.71992342844168,0.4033848360548561,0.573988058915086,0.7035050945046044,0.6853878978876273,0.7489098620152764,0.647038950365616,0.10303583907779154,180,0.06612567360088391,0.09721908037424412,0.08486564715738602,0.09981724622645485,0.10243327591274978,0.1320940161904981,0.09884712783566849,0.08670932918385238,0.07383112002004495,0.05927111960796852,0.09012136361097511,0.019914770141950654,203
529,0.06631526947021485,0.0031958117035889686,0.005300998687744141,0.00045846403705778117,"XGBRegressor(base_score=None, booster=None, callbacks=None,
             colsample_bylevel=None, colsample_bynode=None,
             colsample_bytree=None, device=None, early_stopping_rounds=None,
             enable_categorical=False, eval_metric=None, feature_types=None,
             gamma=None, grow_policy=None, importance_type=None,
             interaction_constraints=None, learning_rate=None, max_bin=None,
             max_cat_threshold=None, max_cat_to_onehot=None,
             max_delta_step=None, max_depth=None, max_leaves=None,
             min_child_weight=None, missing=nan, monotone_constraints=None,
             multi_strategy=None, n_estimators=None, n_jobs=None,
             num_parallel_tree=None, random_state=None, ...)",,,0,,,,,0.3,0,9,1,42,,,,,,"{'estimator': XGBRegressor(base_score=None, booster=None, callbacks=None,
             colsample_bylevel=None, colsample_bynode=None,
             colsample_bytree=None, device=None, early_stopping_rounds=None,
             enable_categorical=False, eval_metric=None, feature_types=None,
             gamma=None, grow_policy=None, importance_type=None,
             interaction_constraints=None, learning_rate=None, max_bin=None,
             max_cat_threshold=None, max_cat_to_onehot=None,
             max_delta_step=None, max_depth=None, max_leaves=None,
             min_child_weight=None, missing=nan, monotone_constraints=None,
             multi_strategy=None, n_estimators=None, n_jobs=None,
             num_parallel_tree=None, random_state=None, ...), 'estimator__eta': 0.3, 'estimator__gamma': 0, 'estimator__max_delta_step': 0, 'estimator__max_depth': 9, 'estimator__min_child_weight': 1, 'estimator__random_state': 42}",0.010324154045985502,0.013896371359608773,0.010431043517780915,0.018285150673818362,0.01670508479625283,0.03563983731504704,0.024028978740685478,0.013735272751324589,0.010828033488736153,0.005313464153213586,0.015918739084245324,0.008182754834088368,248,0.6791080802424435,0.7025905397083625,0.7167325251952226,0.536859180691,0.71992342844168,0.4033848360548561,0.573988058915086,0.7035050945046044,0.6853878978876273,0.7489098620152764,0.647038950365616,0.10303583907779154,180,0.06612567360088391,0.09721908037424412,0.08486564715738602,0.09981724622645485,0.10243327591274978,0.1320940161904981,0.09884712783566849,0.08670932918385238,0.07383112002004495,0.05927111960796852,0.09012136361097511,0.019914770141950654,203
530,0.07001614570617676,0.0013420234837657388,0.005200958251953125,0.00040019775718129285,"XGBRegressor(base_score=None, booster=None, callbacks=None,
             colsample_bylevel=None, colsample_bynode=None,
             colsample_bytree=None, device=None, early_stopping_rounds=None,
             enable_categorical=False, eval_metric=None, feature_types=None,
             gamma=None, grow_policy=None, importance_type=None,
             interaction_constraints=None, learning_rate=None, max_bin=None,
             max_cat_threshold=None, max_cat_to_onehot=None,
             max_delta_step=None, max_depth=None, max_leaves=None,
             min_child_weight=None, missing=nan, monotone_constraints=None,
             multi_strategy=None, n_estimators=None, n_jobs=None,
             num_parallel_tree=None, random_state=None, ...)",,,0,,,,,0.3,0,9,10,42,,,,,,"{'estimator': XGBRegressor(base_score=None, booster=None, callbacks=None,
             colsample_bylevel=None, colsample_bynode=None,
             colsample_bytree=None, device=None, early_stopping_rounds=None,
             enable_categorical=False, eval_metric=None, feature_types=None,
             gamma=None, grow_policy=None, importance_type=None,
             interaction_constraints=None, learning_rate=None, max_bin=None,
             max_cat_threshold=None, max_cat_to_onehot=None,
             max_delta_step=None, max_depth=None, max_leaves=None,
             min_child_weight=None, missing=nan, monotone_constraints=None,
             multi_strategy=None, n_estimators=None, n_jobs=None,
             num_parallel_tree=None, random_state=None, ...), 'estimator__eta': 0.3, 'estimator__gamma': 0, 'estimator__max_delta_step': 0, 'estimator__max_depth': 9, 'estimator__min_child_weight': 10, 'estimator__random_state': 42}",0.015490527107673166,0.017600120359797307,0.008945099401919577,0.009183982633789362,0.014656076310875317,0.0230064163943919,0.01890077232383059,0.022903615505650357,0.010897253248798072,0.006347798953528926,0.014793166224025458,0.005573675479408137,154,0.518528592318847,0.6233230847234248,0.7570851166385957,0.7673807934422338,0.7542769967520406,0.6148698220029387,0.6649064950877146,0.5055937047776649,0.6833766948152091,0.7000319058938436,0.6589373206452513,0.08901882005246743,148,0.07246977759256812,0.1102655521562264,0.07951006737883397,0.06720064839670596,0.09218467652553769,0.10293923070726914,0.09506521833505431,0.10734181596996639,0.08811561965759199,0.06230045721973882,0.08773930639394928,0.01601920767771958,133
531,0.0450103759765625,0.0006326358965221238,0.005201125144958496,0.0004001738265590991,"XGBRegressor(base_score=None, booster=None, callbacks=None,
             colsample_bylevel=None, colsample_bynode=None,
             colsample_bytree=None, device=None, early_stopping_rounds=None,
             enable_categorical=False, eval_metric=None, feature_types=None,
             gamma=None, grow_policy=None, importance_type=None,
             interaction_constraints=None, learning_rate=None, max_bin=None,
             max_cat_threshold=None, max_cat_to_onehot=None,
             max_delta_step=None, max_depth=None, max_leaves=None,
             min_child_weight=None, missing=nan, monotone_constraints=None,
             multi_strategy=None, n_estimators=None, n_jobs=None,
             num_parallel_tree=None, random_state=None, ...)",,,0,,,,,0.3,3,3,0,42,,,,,,"{'estimator': XGBRegressor(base_score=None, booster=None, callbacks=None,
             colsample_bylevel=None, colsample_bynode=None,
             colsample_bytree=None, device=None, early_stopping_rounds=None,
             enable_categorical=False, eval_metric=None, feature_types=None,
             gamma=None, grow_policy=None, importance_type=None,
             interaction_constraints=None, learning_rate=None, max_bin=None,
             max_cat_threshold=None, max_cat_to_onehot=None,
             max_delta_step=None, max_depth=None, max_leaves=None,
             min_child_weight=None, missing=nan, monotone_constraints=None,
             multi_strategy=None, n_estimators=None, n_jobs=None,
             num_parallel_tree=None, random_state=None, ...), 'estimator__eta': 0.3, 'estimator__gamma': 0, 'estimator__max_delta_step': 3, 'estimator__max_depth': 3, 'estimator__min_child_weight': 0, 'estimator__random_state': 42}",0.01669355816235937,0.016030404240600232,0.011282383610202569,0.009163322874713959,0.013182599541318049,0.018916183851120403,0.017212461309961534,0.013864218571172348,0.009318981594599977,0.006956116901996963,0.01326202306580454,0.0037870061486468057,23,0.48113638149491755,0.656918072345764,0.6936133657583677,0.7679040802291788,0.7789812306378213,0.6833408068114862,0.6948387140111758,0.7007216202072992,0.7292339008672741,0.671285567683009,0.6857973740046294,0.07785486886210141,85,0.07465507819444624,0.10674073582800526,0.08704283509749182,0.06800792306113665,0.09471469294265464,0.09131561184681315,0.07540831591636825,0.09109440964678474,0.07632622638302673,0.06252790234200961,0.08278337312587372,0.012911547060009453,39
532,0.04550988674163818,0.0017467286121607725,0.005001163482666016,2.431401974483864e-07,"XGBRegressor(base_score=None, booster=None, callbacks=None,
             colsample_bylevel=None, colsample_bynode=None,
             colsample_bytree=None, device=None, early_stopping_rounds=None,
             enable_categorical=False, eval_metric=None, feature_types=None,
             gamma=None, grow_policy=None, importance_type=None,
             interaction_constraints=None, learning_rate=None, max_bin=None,
             max_cat_threshold=None, max_cat_to_onehot=None,
             max_delta_step=None, max_depth=None, max_leaves=None,
             min_child_weight=None, missing=nan, monotone_constraints=None,
             multi_strategy=None, n_estimators=None, n_jobs=None,
             num_parallel_tree=None, random_state=None, ...)",,,0,,,,,0.3,3,3,1,42,,,,,,"{'estimator': XGBRegressor(base_score=None, booster=None, callbacks=None,
             colsample_bylevel=None, colsample_bynode=None,
             colsample_bytree=None, device=None, early_stopping_rounds=None,
             enable_categorical=False, eval_metric=None, feature_types=None,
             gamma=None, grow_policy=None, importance_type=None,
             interaction_constraints=None, learning_rate=None, max_bin=None,
             max_cat_threshold=None, max_cat_to_onehot=None,
             max_delta_step=None, max_depth=None, max_leaves=None,
             min_child_weight=None, missing=nan, monotone_constraints=None,
             multi_strategy=None, n_estimators=None, n_jobs=None,
             num_parallel_tree=None, random_state=None, ...), 'estimator__eta': 0.3, 'estimator__gamma': 0, 'estimator__max_delta_step': 3, 'estimator__max_depth': 3, 'estimator__min_child_weight': 1, 'estimator__random_state': 42}",0.01669355816235937,0.016030404240600232,0.011282383610202569,0.009163322874713959,0.013182599541318049,0.018916183851120403,0.017212461309961534,0.013864218571172348,0.009318981594599977,0.006956116901996963,0.01326202306580454,0.0037870061486468057,23,0.48113638149491755,0.656918072345764,0.6936133657583677,0.7679040802291788,0.7789812306378213,0.6833408068114862,0.6948387140111758,0.7007216202072992,0.7292339008672741,0.671285567683009,0.6857973740046294,0.07785486886210141,85,0.07465507819444624,0.10674073582800526,0.08704283509749182,0.06800792306113665,0.09471469294265464,0.09131561184681315,0.07540831591636825,0.09109440964678474,0.07632622638302673,0.06252790234200961,0.08278337312587372,0.012911547060009453,39
533,0.04310963153839111,0.0008314202786098938,0.005001044273376465,4.938200754453655e-07,"XGBRegressor(base_score=None, booster=None, callbacks=None,
             colsample_bylevel=None, colsample_bynode=None,
             colsample_bytree=None, device=None, early_stopping_rounds=None,
             enable_categorical=False, eval_metric=None, feature_types=None,
             gamma=None, grow_policy=None, importance_type=None,
             interaction_constraints=None, learning_rate=None, max_bin=None,
             max_cat_threshold=None, max_cat_to_onehot=None,
             max_delta_step=None, max_depth=None, max_leaves=None,
             min_child_weight=None, missing=nan, monotone_constraints=None,
             multi_strategy=None, n_estimators=None, n_jobs=None,
             num_parallel_tree=None, random_state=None, ...)",,,0,,,,,0.3,3,3,10,42,,,,,,"{'estimator': XGBRegressor(base_score=None, booster=None, callbacks=None,
             colsample_bylevel=None, colsample_bynode=None,
             colsample_bytree=None, device=None, early_stopping_rounds=None,
             enable_categorical=False, eval_metric=None, feature_types=None,
             gamma=None, grow_policy=None, importance_type=None,
             interaction_constraints=None, learning_rate=None, max_bin=None,
             max_cat_threshold=None, max_cat_to_onehot=None,
             max_delta_step=None, max_depth=None, max_leaves=None,
             min_child_weight=None, missing=nan, monotone_constraints=None,
             multi_strategy=None, n_estimators=None, n_jobs=None,
             num_parallel_tree=None, random_state=None, ...), 'estimator__eta': 0.3, 'estimator__gamma': 0, 'estimator__max_delta_step': 3, 'estimator__max_depth': 3, 'estimator__min_child_weight': 10, 'estimator__random_state': 42}",0.01639973346787223,0.01929372037948624,0.009145449321968003,0.009893258963483,0.016326551752964574,0.02271163690414262,0.018923823223833867,0.023378747024076406,0.007722913445655762,0.006353590516007564,0.015014942499949026,0.005960644954325232,159,0.4902689428521184,0.5870767399208077,0.7516443747001007,0.7494156792186387,0.726269893501797,0.619804466130186,0.6644978235931778,0.4953373322101795,0.7756081899730749,0.6997582230044936,0.6559681665104573,0.09921950720822222,164,0.08427475997326167,0.10709633596813631,0.0786671069715007,0.0723438912880534,0.09100099895319859,0.10354327622892538,0.09264185994533489,0.10781899479916879,0.0673544350732312,0.05852673471056475,0.08632683939113758,0.016256140365813087,111
534,0.053912115097045896,0.0027008481168845303,0.005101203918457031,0.00030009003177157065,"XGBRegressor(base_score=None, booster=None, callbacks=None,
             colsample_bylevel=None, colsample_bynode=None,
             colsample_bytree=None, device=None, early_stopping_rounds=None,
             enable_categorical=False, eval_metric=None, feature_types=None,
             gamma=None, grow_policy=None, importance_type=None,
             interaction_constraints=None, learning_rate=None, max_bin=None,
             max_cat_threshold=None, max_cat_to_onehot=None,
             max_delta_step=None, max_depth=None, max_leaves=None,
             min_child_weight=None, missing=nan, monotone_constraints=None,
             multi_strategy=None, n_estimators=None, n_jobs=None,
             num_parallel_tree=None, random_state=None, ...)",,,0,,,,,0.3,3,6,0,42,,,,,,"{'estimator': XGBRegressor(base_score=None, booster=None, callbacks=None,
             colsample_bylevel=None, colsample_bynode=None,
             colsample_bytree=None, device=None, early_stopping_rounds=None,
             enable_categorical=False, eval_metric=None, feature_types=None,
             gamma=None, grow_policy=None, importance_type=None,
             interaction_constraints=None, learning_rate=None, max_bin=None,
             max_cat_threshold=None, max_cat_to_onehot=None,
             max_delta_step=None, max_depth=None, max_leaves=None,
             min_child_weight=None, missing=nan, monotone_constraints=None,
             multi_strategy=None, n_estimators=None, n_jobs=None,
             num_parallel_tree=None, random_state=None, ...), 'estimator__eta': 0.3, 'estimator__gamma': 0, 'estimator__max_delta_step': 3, 'estimator__max_depth': 6, 'estimator__min_child_weight': 0, 'estimator__random_state': 42}",0.013231629082988902,0.011930820262043427,0.009809815291529682,0.012933485140244016,0.017123612230713268,0.034214493986525166,0.024836737614499834,0.014270599929080283,0.00826915530397402,0.004490272081374654,0.015111062092297322,0.008187739271156387,168,0.5887389088686417,0.7446571681810059,0.7336027214155403,0.6724104159037518,0.7129064195263421,0.42724525483586906,0.559667228659426,0.6919493151727025,0.7597369517204368,0.7878101735532697,0.6678724557836986,0.10561287186052502,127,0.06634800023973017,0.09356171201322552,0.08437460756275066,0.0862692034951078,0.10402733381823256,0.13266364983333054,0.09618844775430099,0.09000871084454717,0.0686588664708503,0.05046149294753458,0.08725620249796104,0.021485739720380915,124
535,0.05141174793243408,0.0014284393054480482,0.005001068115234375,6.572746635480032e-07,"XGBRegressor(base_score=None, booster=None, callbacks=None,
             colsample_bylevel=None, colsample_bynode=None,
             colsample_bytree=None, device=None, early_stopping_rounds=None,
             enable_categorical=False, eval_metric=None, feature_types=None,
             gamma=None, grow_policy=None, importance_type=None,
             interaction_constraints=None, learning_rate=None, max_bin=None,
             max_cat_threshold=None, max_cat_to_onehot=None,
             max_delta_step=None, max_depth=None, max_leaves=None,
             min_child_weight=None, missing=nan, monotone_constraints=None,
             multi_strategy=None, n_estimators=None, n_jobs=None,
             num_parallel_tree=None, random_state=None, ...)",,,0,,,,,0.3,3,6,1,42,,,,,,"{'estimator': XGBRegressor(base_score=None, booster=None, callbacks=None,
             colsample_bylevel=None, colsample_bynode=None,
             colsample_bytree=None, device=None, early_stopping_rounds=None,
             enable_categorical=False, eval_metric=None, feature_types=None,
             gamma=None, grow_policy=None, importance_type=None,
             interaction_constraints=None, learning_rate=None, max_bin=None,
             max_cat_threshold=None, max_cat_to_onehot=None,
             max_delta_step=None, max_depth=None, max_leaves=None,
             min_child_weight=None, missing=nan, monotone_constraints=None,
             multi_strategy=None, n_estimators=None, n_jobs=None,
             num_parallel_tree=None, random_state=None, ...), 'estimator__eta': 0.3, 'estimator__gamma': 0, 'estimator__max_delta_step': 3, 'estimator__max_depth': 6, 'estimator__min_child_weight': 1, 'estimator__random_state': 42}",0.013231629082988902,0.011930820262043427,0.009809815291529682,0.012933485140244016,0.017123612230713268,0.034214493986525166,0.024836737614499834,0.014270599929080283,0.00826915530397402,0.004490272081374654,0.015111062092297322,0.008187739271156387,168,0.5887389088686417,0.7446571681810059,0.7336027214155403,0.6724104159037518,0.7129064195263421,0.42724525483586906,0.559667228659426,0.6919493151727025,0.7597369517204368,0.7878101735532697,0.6678724557836986,0.10561287186052502,127,0.06634800023973017,0.09356171201322552,0.08437460756275066,0.0862692034951078,0.10402733381823256,0.13266364983333054,0.09618844775430099,0.09000871084454717,0.0686588664708503,0.05046149294753458,0.08725620249796104,0.021485739720380915,124
536,0.06171410083770752,0.001791872752571746,0.005000925064086914,0.00044718128602909624,"XGBRegressor(base_score=None, booster=None, callbacks=None,
             colsample_bylevel=None, colsample_bynode=None,
             colsample_bytree=None, device=None, early_stopping_rounds=None,
             enable_categorical=False, eval_metric=None, feature_types=None,
             gamma=None, grow_policy=None, importance_type=None,
             interaction_constraints=None, learning_rate=None, max_bin=None,
             max_cat_threshold=None, max_cat_to_onehot=None,
             max_delta_step=None, max_depth=None, max_leaves=None,
             min_child_weight=None, missing=nan, monotone_constraints=None,
             multi_strategy=None, n_estimators=None, n_jobs=None,
             num_parallel_tree=None, random_state=None, ...)",,,0,,,,,0.3,3,6,10,42,,,,,,"{'estimator': XGBRegressor(base_score=None, booster=None, callbacks=None,
             colsample_bylevel=None, colsample_bynode=None,
             colsample_bytree=None, device=None, early_stopping_rounds=None,
             enable_categorical=False, eval_metric=None, feature_types=None,
             gamma=None, grow_policy=None, importance_type=None,
             interaction_constraints=None, learning_rate=None, max_bin=None,
             max_cat_threshold=None, max_cat_to_onehot=None,
             max_delta_step=None, max_depth=None, max_leaves=None,
             min_child_weight=None, missing=nan, monotone_constraints=None,
             multi_strategy=None, n_estimators=None, n_jobs=None,
             num_parallel_tree=None, random_state=None, ...), 'estimator__eta': 0.3, 'estimator__gamma': 0, 'estimator__max_delta_step': 3, 'estimator__max_depth': 6, 'estimator__min_child_weight': 10, 'estimator__random_state': 42}",0.013579248825734642,0.017525678624023197,0.008911759797143363,0.009799114267004689,0.01539589035275514,0.021889790752367074,0.01952311137109187,0.022629592621804553,0.009928116568765168,0.007543937033477767,0.014672624021416747,0.005282553924063869,145,0.5779343077266543,0.6249162831121857,0.7579904935205777,0.7518002508657837,0.741873313504238,0.6335622695748229,0.6538729897357867,0.5115088686422924,0.7115352822869353,0.6435078630316193,0.6608501922000897,0.0764232065237185,133,0.07256673416414251,0.10975949382092215,0.07892155534438483,0.06496262001733488,0.09467579276286617,0.10115541568098588,0.09748241442010999,0.10804954277140154,0.08215345284231802,0.06877212704427911,0.0878499148868745,0.015614095476586275,137
537,0.07071619033813477,0.003744003771064759,0.005000972747802734,5.352483825837052e-07,"XGBRegressor(base_score=None, booster=None, callbacks=None,
             colsample_bylevel=None, colsample_bynode=None,
             colsample_bytree=None, device=None, early_stopping_rounds=None,
             enable_categorical=False, eval_metric=None, feature_types=None,
             gamma=None, grow_policy=None, importance_type=None,
             interaction_constraints=None, learning_rate=None, max_bin=None,
             max_cat_threshold=None, max_cat_to_onehot=None,
             max_delta_step=None, max_depth=None, max_leaves=None,
             min_child_weight=None, missing=nan, monotone_constraints=None,
             multi_strategy=None, n_estimators=None, n_jobs=None,
             num_parallel_tree=None, random_state=None, ...)",,,0,,,,,0.3,3,9,0,42,,,,,,"{'estimator': XGBRegressor(base_score=None, booster=None, callbacks=None,
             colsample_bylevel=None, colsample_bynode=None,
             colsample_bytree=None, device=None, early_stopping_rounds=None,
             enable_categorical=False, eval_metric=None, feature_types=None,
             gamma=None, grow_policy=None, importance_type=None,
             interaction_constraints=None, learning_rate=None, max_bin=None,
             max_cat_threshold=None, max_cat_to_onehot=None,
             max_delta_step=None, max_depth=None, max_leaves=None,
             min_child_weight=None, missing=nan, monotone_constraints=None,
             multi_strategy=None, n_estimators=None, n_jobs=None,
             num_parallel_tree=None, random_state=None, ...), 'estimator__eta': 0.3, 'estimator__gamma': 0, 'estimator__max_delta_step': 3, 'estimator__max_depth': 9, 'estimator__min_child_weight': 0, 'estimator__random_state': 42}",0.010324154045985502,0.013896371359608773,0.010431043517780915,0.018285150673818362,0.01670508479625283,0.03563983731504704,0.024028978740685478,0.013735272751324589,0.010828033488736153,0.005313464153213586,0.015918739084245324,0.008182754834088368,248,0.6791080802424435,0.7025905397083625,0.7167325251952226,0.536859180691,0.71992342844168,0.4033848360548561,0.573988058915086,0.7035050945046044,0.6853878978876273,0.7489098620152764,0.647038950365616,0.10303583907779154,180,0.06612567360088391,0.09721908037424412,0.08486564715738602,0.09981724622645485,0.10243327591274978,0.1320940161904981,0.09884712783566849,0.08670932918385238,0.07383112002004495,0.05927111960796852,0.09012136361097511,0.019914770141950654,203
538,0.06361439228057861,0.0012002666888300266,0.005201029777526856,0.0004001021802530141,"XGBRegressor(base_score=None, booster=None, callbacks=None,
             colsample_bylevel=None, colsample_bynode=None,
             colsample_bytree=None, device=None, early_stopping_rounds=None,
             enable_categorical=False, eval_metric=None, feature_types=None,
             gamma=None, grow_policy=None, importance_type=None,
             interaction_constraints=None, learning_rate=None, max_bin=None,
             max_cat_threshold=None, max_cat_to_onehot=None,
             max_delta_step=None, max_depth=None, max_leaves=None,
             min_child_weight=None, missing=nan, monotone_constraints=None,
             multi_strategy=None, n_estimators=None, n_jobs=None,
             num_parallel_tree=None, random_state=None, ...)",,,0,,,,,0.3,3,9,1,42,,,,,,"{'estimator': XGBRegressor(base_score=None, booster=None, callbacks=None,
             colsample_bylevel=None, colsample_bynode=None,
             colsample_bytree=None, device=None, early_stopping_rounds=None,
             enable_categorical=False, eval_metric=None, feature_types=None,
             gamma=None, grow_policy=None, importance_type=None,
             interaction_constraints=None, learning_rate=None, max_bin=None,
             max_cat_threshold=None, max_cat_to_onehot=None,
             max_delta_step=None, max_depth=None, max_leaves=None,
             min_child_weight=None, missing=nan, monotone_constraints=None,
             multi_strategy=None, n_estimators=None, n_jobs=None,
             num_parallel_tree=None, random_state=None, ...), 'estimator__eta': 0.3, 'estimator__gamma': 0, 'estimator__max_delta_step': 3, 'estimator__max_depth': 9, 'estimator__min_child_weight': 1, 'estimator__random_state': 42}",0.010324154045985502,0.013896371359608773,0.010431043517780915,0.018285150673818362,0.01670508479625283,0.03563983731504704,0.024028978740685478,0.013735272751324589,0.010828033488736153,0.005313464153213586,0.015918739084245324,0.008182754834088368,248,0.6791080802424435,0.7025905397083625,0.7167325251952226,0.536859180691,0.71992342844168,0.4033848360548561,0.573988058915086,0.7035050945046044,0.6853878978876273,0.7489098620152764,0.647038950365616,0.10303583907779154,180,0.06612567360088391,0.09721908037424412,0.08486564715738602,0.09981724622645485,0.10243327591274978,0.1320940161904981,0.09884712783566849,0.08670932918385238,0.07383112002004495,0.05927111960796852,0.09012136361097511,0.019914770141950654,203
539,0.07141611576080323,0.0024581983792907234,0.005301046371459961,0.0004586409541857095,"XGBRegressor(base_score=None, booster=None, callbacks=None,
             colsample_bylevel=None, colsample_bynode=None,
             colsample_bytree=None, device=None, early_stopping_rounds=None,
             enable_categorical=False, eval_metric=None, feature_types=None,
             gamma=None, grow_policy=None, importance_type=None,
             interaction_constraints=None, learning_rate=None, max_bin=None,
             max_cat_threshold=None, max_cat_to_onehot=None,
             max_delta_step=None, max_depth=None, max_leaves=None,
             min_child_weight=None, missing=nan, monotone_constraints=None,
             multi_strategy=None, n_estimators=None, n_jobs=None,
             num_parallel_tree=None, random_state=None, ...)",,,0,,,,,0.3,3,9,10,42,,,,,,"{'estimator': XGBRegressor(base_score=None, booster=None, callbacks=None,
             colsample_bylevel=None, colsample_bynode=None,
             colsample_bytree=None, device=None, early_stopping_rounds=None,
             enable_categorical=False, eval_metric=None, feature_types=None,
             gamma=None, grow_policy=None, importance_type=None,
             interaction_constraints=None, learning_rate=None, max_bin=None,
             max_cat_threshold=None, max_cat_to_onehot=None,
             max_delta_step=None, max_depth=None, max_leaves=None,
             min_child_weight=None, missing=nan, monotone_constraints=None,
             multi_strategy=None, n_estimators=None, n_jobs=None,
             num_parallel_tree=None, random_state=None, ...), 'estimator__eta': 0.3, 'estimator__gamma': 0, 'estimator__max_delta_step': 3, 'estimator__max_depth': 9, 'estimator__min_child_weight': 10, 'estimator__random_state': 42}",0.015490527107673166,0.017600120359797307,0.008945099401919577,0.009183982633789362,0.014656076310875317,0.0230064163943919,0.01890077232383059,0.022903615505650357,0.010897253248798072,0.006347798953528926,0.014793166224025458,0.005573675479408137,154,0.518528592318847,0.6233230847234248,0.7570851166385957,0.7673807934422338,0.7542769967520406,0.6148698220029387,0.6649064950877146,0.5055937047776649,0.6833766948152091,0.7000319058938436,0.6589373206452513,0.08901882005246743,148,0.07246977759256812,0.1102655521562264,0.07951006737883397,0.06720064839670596,0.09218467652553769,0.10293923070726914,0.09506521833505431,0.10734181596996639,0.08811561965759199,0.06230045721973882,0.08773930639394928,0.01601920767771958,133
540,0.04501039981842041,0.0011835332266552237,0.004900932312011719,0.0003001693508942912,"XGBRegressor(base_score=None, booster=None, callbacks=None,
             colsample_bylevel=None, colsample_bynode=None,
             colsample_bytree=None, device=None, early_stopping_rounds=None,
             enable_categorical=False, eval_metric=None, feature_types=None,
             gamma=None, grow_policy=None, importance_type=None,
             interaction_constraints=None, learning_rate=None, max_bin=None,
             max_cat_threshold=None, max_cat_to_onehot=None,
             max_delta_step=None, max_depth=None, max_leaves=None,
             min_child_weight=None, missing=nan, monotone_constraints=None,
             multi_strategy=None, n_estimators=None, n_jobs=None,
             num_parallel_tree=None, random_state=None, ...)",,,0,,,,,0.3,6,3,0,42,,,,,,"{'estimator': XGBRegressor(base_score=None, booster=None, callbacks=None,
             colsample_bylevel=None, colsample_bynode=None,
             colsample_bytree=None, device=None, early_stopping_rounds=None,
             enable_categorical=False, eval_metric=None, feature_types=None,
             gamma=None, grow_policy=None, importance_type=None,
             interaction_constraints=None, learning_rate=None, max_bin=None,
             max_cat_threshold=None, max_cat_to_onehot=None,
             max_delta_step=None, max_depth=None, max_leaves=None,
             min_child_weight=None, missing=nan, monotone_constraints=None,
             multi_strategy=None, n_estimators=None, n_jobs=None,
             num_parallel_tree=None, random_state=None, ...), 'estimator__eta': 0.3, 'estimator__gamma': 0, 'estimator__max_delta_step': 6, 'estimator__max_depth': 3, 'estimator__min_child_weight': 0, 'estimator__random_state': 42}",0.01669355816235937,0.016030404240600232,0.011282383610202569,0.009163322874713959,0.013182599541318049,0.018916183851120403,0.017212461309961534,0.013864218571172348,0.009318981594599977,0.006956116901996963,0.01326202306580454,0.0037870061486468057,23,0.48113638149491755,0.656918072345764,0.6936133657583677,0.7679040802291788,0.7789812306378213,0.6833408068114862,0.6948387140111758,0.7007216202072992,0.7292339008672741,0.671285567683009,0.6857973740046294,0.07785486886210141,85,0.07465507819444624,0.10674073582800526,0.08704283509749182,0.06800792306113665,0.09471469294265464,0.09131561184681315,0.07540831591636825,0.09109440964678474,0.07632622638302673,0.06252790234200961,0.08278337312587372,0.012911547060009453,39
541,0.045009732246398926,0.0017325585563809243,0.0049011468887329105,0.0005387122685135272,"XGBRegressor(base_score=None, booster=None, callbacks=None,
             colsample_bylevel=None, colsample_bynode=None,
             colsample_bytree=None, device=None, early_stopping_rounds=None,
             enable_categorical=False, eval_metric=None, feature_types=None,
             gamma=None, grow_policy=None, importance_type=None,
             interaction_constraints=None, learning_rate=None, max_bin=None,
             max_cat_threshold=None, max_cat_to_onehot=None,
             max_delta_step=None, max_depth=None, max_leaves=None,
             min_child_weight=None, missing=nan, monotone_constraints=None,
             multi_strategy=None, n_estimators=None, n_jobs=None,
             num_parallel_tree=None, random_state=None, ...)",,,0,,,,,0.3,6,3,1,42,,,,,,"{'estimator': XGBRegressor(base_score=None, booster=None, callbacks=None,
             colsample_bylevel=None, colsample_bynode=None,
             colsample_bytree=None, device=None, early_stopping_rounds=None,
             enable_categorical=False, eval_metric=None, feature_types=None,
             gamma=None, grow_policy=None, importance_type=None,
             interaction_constraints=None, learning_rate=None, max_bin=None,
             max_cat_threshold=None, max_cat_to_onehot=None,
             max_delta_step=None, max_depth=None, max_leaves=None,
             min_child_weight=None, missing=nan, monotone_constraints=None,
             multi_strategy=None, n_estimators=None, n_jobs=None,
             num_parallel_tree=None, random_state=None, ...), 'estimator__eta': 0.3, 'estimator__gamma': 0, 'estimator__max_delta_step': 6, 'estimator__max_depth': 3, 'estimator__min_child_weight': 1, 'estimator__random_state': 42}",0.01669355816235937,0.016030404240600232,0.011282383610202569,0.009163322874713959,0.013182599541318049,0.018916183851120403,0.017212461309961534,0.013864218571172348,0.009318981594599977,0.006956116901996963,0.01326202306580454,0.0037870061486468057,23,0.48113638149491755,0.656918072345764,0.6936133657583677,0.7679040802291788,0.7789812306378213,0.6833408068114862,0.6948387140111758,0.7007216202072992,0.7292339008672741,0.671285567683009,0.6857973740046294,0.07785486886210141,85,0.07465507819444624,0.10674073582800526,0.08704283509749182,0.06800792306113665,0.09471469294265464,0.09131561184681315,0.07540831591636825,0.09109440964678474,0.07632622638302673,0.06252790234200961,0.08278337312587372,0.012911547060009453,39
542,0.04280977249145508,0.0006001154844819069,0.005201148986816406,0.00040016184259982553,"XGBRegressor(base_score=None, booster=None, callbacks=None,
             colsample_bylevel=None, colsample_bynode=None,
             colsample_bytree=None, device=None, early_stopping_rounds=None,
             enable_categorical=False, eval_metric=None, feature_types=None,
             gamma=None, grow_policy=None, importance_type=None,
             interaction_constraints=None, learning_rate=None, max_bin=None,
             max_cat_threshold=None, max_cat_to_onehot=None,
             max_delta_step=None, max_depth=None, max_leaves=None,
             min_child_weight=None, missing=nan, monotone_constraints=None,
             multi_strategy=None, n_estimators=None, n_jobs=None,
             num_parallel_tree=None, random_state=None, ...)",,,0,,,,,0.3,6,3,10,42,,,,,,"{'estimator': XGBRegressor(base_score=None, booster=None, callbacks=None,
             colsample_bylevel=None, colsample_bynode=None,
             colsample_bytree=None, device=None, early_stopping_rounds=None,
             enable_categorical=False, eval_metric=None, feature_types=None,
             gamma=None, grow_policy=None, importance_type=None,
             interaction_constraints=None, learning_rate=None, max_bin=None,
             max_cat_threshold=None, max_cat_to_onehot=None,
             max_delta_step=None, max_depth=None, max_leaves=None,
             min_child_weight=None, missing=nan, monotone_constraints=None,
             multi_strategy=None, n_estimators=None, n_jobs=None,
             num_parallel_tree=None, random_state=None, ...), 'estimator__eta': 0.3, 'estimator__gamma': 0, 'estimator__max_delta_step': 6, 'estimator__max_depth': 3, 'estimator__min_child_weight': 10, 'estimator__random_state': 42}",0.01639973346787223,0.01929372037948624,0.009145449321968003,0.009893258963483,0.016326551752964574,0.02271163690414262,0.018923823223833867,0.023378747024076406,0.007722913445655762,0.006353590516007564,0.015014942499949026,0.005960644954325232,159,0.4902689428521184,0.5870767399208077,0.7516443747001007,0.7494156792186387,0.726269893501797,0.619804466130186,0.6644978235931778,0.4953373322101795,0.7756081899730749,0.6997582230044936,0.6559681665104573,0.09921950720822222,164,0.08427475997326167,0.10709633596813631,0.0786671069715007,0.0723438912880534,0.09100099895319859,0.10354327622892538,0.09264185994533489,0.10781899479916879,0.0673544350732312,0.05852673471056475,0.08632683939113758,0.016256140365813087,111
543,0.05311188697814941,0.000943532092118943,0.005300998687744141,0.00045830782446499934,"XGBRegressor(base_score=None, booster=None, callbacks=None,
             colsample_bylevel=None, colsample_bynode=None,
             colsample_bytree=None, device=None, early_stopping_rounds=None,
             enable_categorical=False, eval_metric=None, feature_types=None,
             gamma=None, grow_policy=None, importance_type=None,
             interaction_constraints=None, learning_rate=None, max_bin=None,
             max_cat_threshold=None, max_cat_to_onehot=None,
             max_delta_step=None, max_depth=None, max_leaves=None,
             min_child_weight=None, missing=nan, monotone_constraints=None,
             multi_strategy=None, n_estimators=None, n_jobs=None,
             num_parallel_tree=None, random_state=None, ...)",,,0,,,,,0.3,6,6,0,42,,,,,,"{'estimator': XGBRegressor(base_score=None, booster=None, callbacks=None,
             colsample_bylevel=None, colsample_bynode=None,
             colsample_bytree=None, device=None, early_stopping_rounds=None,
             enable_categorical=False, eval_metric=None, feature_types=None,
             gamma=None, grow_policy=None, importance_type=None,
             interaction_constraints=None, learning_rate=None, max_bin=None,
             max_cat_threshold=None, max_cat_to_onehot=None,
             max_delta_step=None, max_depth=None, max_leaves=None,
             min_child_weight=None, missing=nan, monotone_constraints=None,
             multi_strategy=None, n_estimators=None, n_jobs=None,
             num_parallel_tree=None, random_state=None, ...), 'estimator__eta': 0.3, 'estimator__gamma': 0, 'estimator__max_delta_step': 6, 'estimator__max_depth': 6, 'estimator__min_child_weight': 0, 'estimator__random_state': 42}",0.013231629082988902,0.011930820262043427,0.009809815291529682,0.012933485140244016,0.017123612230713268,0.034214493986525166,0.024836737614499834,0.014270599929080283,0.00826915530397402,0.004490272081374654,0.015111062092297322,0.008187739271156387,168,0.5887389088686417,0.7446571681810059,0.7336027214155403,0.6724104159037518,0.7129064195263421,0.42724525483586906,0.559667228659426,0.6919493151727025,0.7597369517204368,0.7878101735532697,0.6678724557836986,0.10561287186052502,127,0.06634800023973017,0.09356171201322552,0.08437460756275066,0.0862692034951078,0.10402733381823256,0.13266364983333054,0.09618844775430099,0.09000871084454717,0.0686588664708503,0.05046149294753458,0.08725620249796104,0.021485739720380915,124
544,0.052612018585205075,0.0019081975085027184,0.005000877380371094,0.0004474478886001172,"XGBRegressor(base_score=None, booster=None, callbacks=None,
             colsample_bylevel=None, colsample_bynode=None,
             colsample_bytree=None, device=None, early_stopping_rounds=None,
             enable_categorical=False, eval_metric=None, feature_types=None,
             gamma=None, grow_policy=None, importance_type=None,
             interaction_constraints=None, learning_rate=None, max_bin=None,
             max_cat_threshold=None, max_cat_to_onehot=None,
             max_delta_step=None, max_depth=None, max_leaves=None,
             min_child_weight=None, missing=nan, monotone_constraints=None,
             multi_strategy=None, n_estimators=None, n_jobs=None,
             num_parallel_tree=None, random_state=None, ...)",,,0,,,,,0.3,6,6,1,42,,,,,,"{'estimator': XGBRegressor(base_score=None, booster=None, callbacks=None,
             colsample_bylevel=None, colsample_bynode=None,
             colsample_bytree=None, device=None, early_stopping_rounds=None,
             enable_categorical=False, eval_metric=None, feature_types=None,
             gamma=None, grow_policy=None, importance_type=None,
             interaction_constraints=None, learning_rate=None, max_bin=None,
             max_cat_threshold=None, max_cat_to_onehot=None,
             max_delta_step=None, max_depth=None, max_leaves=None,
             min_child_weight=None, missing=nan, monotone_constraints=None,
             multi_strategy=None, n_estimators=None, n_jobs=None,
             num_parallel_tree=None, random_state=None, ...), 'estimator__eta': 0.3, 'estimator__gamma': 0, 'estimator__max_delta_step': 6, 'estimator__max_depth': 6, 'estimator__min_child_weight': 1, 'estimator__random_state': 42}",0.013231629082988902,0.011930820262043427,0.009809815291529682,0.012933485140244016,0.017123612230713268,0.034214493986525166,0.024836737614499834,0.014270599929080283,0.00826915530397402,0.004490272081374654,0.015111062092297322,0.008187739271156387,168,0.5887389088686417,0.7446571681810059,0.7336027214155403,0.6724104159037518,0.7129064195263421,0.42724525483586906,0.559667228659426,0.6919493151727025,0.7597369517204368,0.7878101735532697,0.6678724557836986,0.10561287186052502,127,0.06634800023973017,0.09356171201322552,0.08437460756275066,0.0862692034951078,0.10402733381823256,0.13266364983333054,0.09618844775430099,0.09000871084454717,0.0686588664708503,0.05046149294753458,0.08725620249796104,0.021485739720380915,124
545,0.061414027214050294,0.0025774379528449264,0.00510103702545166,0.0005389690425536658,"XGBRegressor(base_score=None, booster=None, callbacks=None,
             colsample_bylevel=None, colsample_bynode=None,
             colsample_bytree=None, device=None, early_stopping_rounds=None,
             enable_categorical=False, eval_metric=None, feature_types=None,
             gamma=None, grow_policy=None, importance_type=None,
             interaction_constraints=None, learning_rate=None, max_bin=None,
             max_cat_threshold=None, max_cat_to_onehot=None,
             max_delta_step=None, max_depth=None, max_leaves=None,
             min_child_weight=None, missing=nan, monotone_constraints=None,
             multi_strategy=None, n_estimators=None, n_jobs=None,
             num_parallel_tree=None, random_state=None, ...)",,,0,,,,,0.3,6,6,10,42,,,,,,"{'estimator': XGBRegressor(base_score=None, booster=None, callbacks=None,
             colsample_bylevel=None, colsample_bynode=None,
             colsample_bytree=None, device=None, early_stopping_rounds=None,
             enable_categorical=False, eval_metric=None, feature_types=None,
             gamma=None, grow_policy=None, importance_type=None,
             interaction_constraints=None, learning_rate=None, max_bin=None,
             max_cat_threshold=None, max_cat_to_onehot=None,
             max_delta_step=None, max_depth=None, max_leaves=None,
             min_child_weight=None, missing=nan, monotone_constraints=None,
             multi_strategy=None, n_estimators=None, n_jobs=None,
             num_parallel_tree=None, random_state=None, ...), 'estimator__eta': 0.3, 'estimator__gamma': 0, 'estimator__max_delta_step': 6, 'estimator__max_depth': 6, 'estimator__min_child_weight': 10, 'estimator__random_state': 42}",0.013579248825734642,0.017525678624023197,0.008911759797143363,0.009799114267004689,0.01539589035275514,0.021889790752367074,0.01952311137109187,0.022629592621804553,0.009928116568765168,0.007543937033477767,0.014672624021416747,0.005282553924063869,145,0.5779343077266543,0.6249162831121857,0.7579904935205777,0.7518002508657837,0.741873313504238,0.6335622695748229,0.6538729897357867,0.5115088686422924,0.7115352822869353,0.6435078630316193,0.6608501922000897,0.0764232065237185,133,0.07256673416414251,0.10975949382092215,0.07892155534438483,0.06496262001733488,0.09467579276286617,0.10115541568098588,0.09748241442010999,0.10804954277140154,0.08215345284231802,0.06877212704427911,0.0878499148868745,0.015614095476586275,137
546,0.06831548213958741,0.004584712323742146,0.005100822448730469,0.0005386988966783581,"XGBRegressor(base_score=None, booster=None, callbacks=None,
             colsample_bylevel=None, colsample_bynode=None,
             colsample_bytree=None, device=None, early_stopping_rounds=None,
             enable_categorical=False, eval_metric=None, feature_types=None,
             gamma=None, grow_policy=None, importance_type=None,
             interaction_constraints=None, learning_rate=None, max_bin=None,
             max_cat_threshold=None, max_cat_to_onehot=None,
             max_delta_step=None, max_depth=None, max_leaves=None,
             min_child_weight=None, missing=nan, monotone_constraints=None,
             multi_strategy=None, n_estimators=None, n_jobs=None,
             num_parallel_tree=None, random_state=None, ...)",,,0,,,,,0.3,6,9,0,42,,,,,,"{'estimator': XGBRegressor(base_score=None, booster=None, callbacks=None,
             colsample_bylevel=None, colsample_bynode=None,
             colsample_bytree=None, device=None, early_stopping_rounds=None,
             enable_categorical=False, eval_metric=None, feature_types=None,
             gamma=None, grow_policy=None, importance_type=None,
             interaction_constraints=None, learning_rate=None, max_bin=None,
             max_cat_threshold=None, max_cat_to_onehot=None,
             max_delta_step=None, max_depth=None, max_leaves=None,
             min_child_weight=None, missing=nan, monotone_constraints=None,
             multi_strategy=None, n_estimators=None, n_jobs=None,
             num_parallel_tree=None, random_state=None, ...), 'estimator__eta': 0.3, 'estimator__gamma': 0, 'estimator__max_delta_step': 6, 'estimator__max_depth': 9, 'estimator__min_child_weight': 0, 'estimator__random_state': 42}",0.010324154045985502,0.013896371359608773,0.010431043517780915,0.018285150673818362,0.01670508479625283,0.03563983731504704,0.024028978740685478,0.013735272751324589,0.010828033488736153,0.005313464153213586,0.015918739084245324,0.008182754834088368,248,0.6791080802424435,0.7025905397083625,0.7167325251952226,0.536859180691,0.71992342844168,0.4033848360548561,0.573988058915086,0.7035050945046044,0.6853878978876273,0.7489098620152764,0.647038950365616,0.10303583907779154,180,0.06612567360088391,0.09721908037424412,0.08486564715738602,0.09981724622645485,0.10243327591274978,0.1320940161904981,0.09884712783566849,0.08670932918385238,0.07383112002004495,0.05927111960796852,0.09012136361097511,0.019914770141950654,203
547,0.06601476669311523,0.0029673655182808675,0.00510096549987793,0.00030001031273499423,"XGBRegressor(base_score=None, booster=None, callbacks=None,
             colsample_bylevel=None, colsample_bynode=None,
             colsample_bytree=None, device=None, early_stopping_rounds=None,
             enable_categorical=False, eval_metric=None, feature_types=None,
             gamma=None, grow_policy=None, importance_type=None,
             interaction_constraints=None, learning_rate=None, max_bin=None,
             max_cat_threshold=None, max_cat_to_onehot=None,
             max_delta_step=None, max_depth=None, max_leaves=None,
             min_child_weight=None, missing=nan, monotone_constraints=None,
             multi_strategy=None, n_estimators=None, n_jobs=None,
             num_parallel_tree=None, random_state=None, ...)",,,0,,,,,0.3,6,9,1,42,,,,,,"{'estimator': XGBRegressor(base_score=None, booster=None, callbacks=None,
             colsample_bylevel=None, colsample_bynode=None,
             colsample_bytree=None, device=None, early_stopping_rounds=None,
             enable_categorical=False, eval_metric=None, feature_types=None,
             gamma=None, grow_policy=None, importance_type=None,
             interaction_constraints=None, learning_rate=None, max_bin=None,
             max_cat_threshold=None, max_cat_to_onehot=None,
             max_delta_step=None, max_depth=None, max_leaves=None,
             min_child_weight=None, missing=nan, monotone_constraints=None,
             multi_strategy=None, n_estimators=None, n_jobs=None,
             num_parallel_tree=None, random_state=None, ...), 'estimator__eta': 0.3, 'estimator__gamma': 0, 'estimator__max_delta_step': 6, 'estimator__max_depth': 9, 'estimator__min_child_weight': 1, 'estimator__random_state': 42}",0.010324154045985502,0.013896371359608773,0.010431043517780915,0.018285150673818362,0.01670508479625283,0.03563983731504704,0.024028978740685478,0.013735272751324589,0.010828033488736153,0.005313464153213586,0.015918739084245324,0.008182754834088368,248,0.6791080802424435,0.7025905397083625,0.7167325251952226,0.536859180691,0.71992342844168,0.4033848360548561,0.573988058915086,0.7035050945046044,0.6853878978876273,0.7489098620152764,0.647038950365616,0.10303583907779154,180,0.06612567360088391,0.09721908037424412,0.08486564715738602,0.09981724622645485,0.10243327591274978,0.1320940161904981,0.09884712783566849,0.08670932918385238,0.07383112002004495,0.05927111960796852,0.09012136361097511,0.019914770141950654,203
548,0.07041575908660888,0.00135687746675463,0.005201315879821778,0.00040007847337425337,"XGBRegressor(base_score=None, booster=None, callbacks=None,
             colsample_bylevel=None, colsample_bynode=None,
             colsample_bytree=None, device=None, early_stopping_rounds=None,
             enable_categorical=False, eval_metric=None, feature_types=None,
             gamma=None, grow_policy=None, importance_type=None,
             interaction_constraints=None, learning_rate=None, max_bin=None,
             max_cat_threshold=None, max_cat_to_onehot=None,
             max_delta_step=None, max_depth=None, max_leaves=None,
             min_child_weight=None, missing=nan, monotone_constraints=None,
             multi_strategy=None, n_estimators=None, n_jobs=None,
             num_parallel_tree=None, random_state=None, ...)",,,0,,,,,0.3,6,9,10,42,,,,,,"{'estimator': XGBRegressor(base_score=None, booster=None, callbacks=None,
             colsample_bylevel=None, colsample_bynode=None,
             colsample_bytree=None, device=None, early_stopping_rounds=None,
             enable_categorical=False, eval_metric=None, feature_types=None,
             gamma=None, grow_policy=None, importance_type=None,
             interaction_constraints=None, learning_rate=None, max_bin=None,
             max_cat_threshold=None, max_cat_to_onehot=None,
             max_delta_step=None, max_depth=None, max_leaves=None,
             min_child_weight=None, missing=nan, monotone_constraints=None,
             multi_strategy=None, n_estimators=None, n_jobs=None,
             num_parallel_tree=None, random_state=None, ...), 'estimator__eta': 0.3, 'estimator__gamma': 0, 'estimator__max_delta_step': 6, 'estimator__max_depth': 9, 'estimator__min_child_weight': 10, 'estimator__random_state': 42}",0.015490527107673166,0.017600120359797307,0.008945099401919577,0.009183982633789362,0.014656076310875317,0.0230064163943919,0.01890077232383059,0.022903615505650357,0.010897253248798072,0.006347798953528926,0.014793166224025458,0.005573675479408137,154,0.518528592318847,0.6233230847234248,0.7570851166385957,0.7673807934422338,0.7542769967520406,0.6148698220029387,0.6649064950877146,0.5055937047776649,0.6833766948152091,0.7000319058938436,0.6589373206452513,0.08901882005246743,148,0.07246977759256812,0.1102655521562264,0.07951006737883397,0.06720064839670596,0.09218467652553769,0.10293923070726914,0.09506521833505431,0.10734181596996639,0.08811561965759199,0.06230045721973882,0.08773930639394928,0.01601920767771958,133
549,0.029506659507751463,0.00128464380756602,0.004900813102722168,0.0005387390882119124,"XGBRegressor(base_score=None, booster=None, callbacks=None,
             colsample_bylevel=None, colsample_bynode=None,
             colsample_bytree=None, device=None, early_stopping_rounds=None,
             enable_categorical=False, eval_metric=None, feature_types=None,
             gamma=None, grow_policy=None, importance_type=None,
             interaction_constraints=None, learning_rate=None, max_bin=None,
             max_cat_threshold=None, max_cat_to_onehot=None,
             max_delta_step=None, max_depth=None, max_leaves=None,
             min_child_weight=None, missing=nan, monotone_constraints=None,
             multi_strategy=None, n_estimators=None, n_jobs=None,
             num_parallel_tree=None, random_state=None, ...)",,,10,,,,,0.3,0,3,0,42,,,,,,"{'estimator': XGBRegressor(base_score=None, booster=None, callbacks=None,
             colsample_bylevel=None, colsample_bynode=None,
             colsample_bytree=None, device=None, early_stopping_rounds=None,
             enable_categorical=False, eval_metric=None, feature_types=None,
             gamma=None, grow_policy=None, importance_type=None,
             interaction_constraints=None, learning_rate=None, max_bin=None,
             max_cat_threshold=None, max_cat_to_onehot=None,
             max_delta_step=None, max_depth=None, max_leaves=None,
             min_child_weight=None, missing=nan, monotone_constraints=None,
             multi_strategy=None, n_estimators=None, n_jobs=None,
             num_parallel_tree=None, random_state=None, ...), 'estimator__eta': 0.3, 'estimator__gamma': 10, 'estimator__max_delta_step': 0, 'estimator__max_depth': 3, 'estimator__min_child_weight': 0, 'estimator__random_state': 42}",0.03599063436210516,0.05799454693120446,0.037869750305241666,0.04029670713212541,0.06181477486725849,0.06275382538843341,0.0585904735445141,0.04645832659715925,0.03450532229957629,0.02795477719537449,0.04642291386229928,0.012199106700667508,589,0.11864891809116473,0.24119645742924045,0.028398407327837605,0.02066700403787869,0.03638325860846092,0.05050658596856494,0.03875581368426939,0.0028673913716468213,0.0025635766667464477,0.32101556741915505,0.0861002980604965,0.10382520714439339,606,0.16735711752593546,0.20491798351024226,0.17227371208473763,0.17249387732608762,0.22654835006323465,0.1898865125617788,0.19731434715480983,0.1877474386673681,0.17047527330852666,0.14259692533902762,0.18316115375417485,0.022160479939809095,631
550,0.029006338119506835,0.00044686145217550266,0.005101299285888672,0.0003007731066168344,"XGBRegressor(base_score=None, booster=None, callbacks=None,
             colsample_bylevel=None, colsample_bynode=None,
             colsample_bytree=None, device=None, early_stopping_rounds=None,
             enable_categorical=False, eval_metric=None, feature_types=None,
             gamma=None, grow_policy=None, importance_type=None,
             interaction_constraints=None, learning_rate=None, max_bin=None,
             max_cat_threshold=None, max_cat_to_onehot=None,
             max_delta_step=None, max_depth=None, max_leaves=None,
             min_child_weight=None, missing=nan, monotone_constraints=None,
             multi_strategy=None, n_estimators=None, n_jobs=None,
             num_parallel_tree=None, random_state=None, ...)",,,10,,,,,0.3,0,3,1,42,,,,,,"{'estimator': XGBRegressor(base_score=None, booster=None, callbacks=None,
             colsample_bylevel=None, colsample_bynode=None,
             colsample_bytree=None, device=None, early_stopping_rounds=None,
             enable_categorical=False, eval_metric=None, feature_types=None,
             gamma=None, grow_policy=None, importance_type=None,
             interaction_constraints=None, learning_rate=None, max_bin=None,
             max_cat_threshold=None, max_cat_to_onehot=None,
             max_delta_step=None, max_depth=None, max_leaves=None,
             min_child_weight=None, missing=nan, monotone_constraints=None,
             multi_strategy=None, n_estimators=None, n_jobs=None,
             num_parallel_tree=None, random_state=None, ...), 'estimator__eta': 0.3, 'estimator__gamma': 10, 'estimator__max_delta_step': 0, 'estimator__max_depth': 3, 'estimator__min_child_weight': 1, 'estimator__random_state': 42}",0.03599063436210516,0.05799454693120446,0.037869750305241666,0.04029670713212541,0.06181477486725849,0.06275382538843341,0.0585904735445141,0.04645832659715925,0.03450532229957629,0.02795477719537449,0.04642291386229928,0.012199106700667508,589,0.11864891809116473,0.24119645742924045,0.028398407327837605,0.02066700403787869,0.03638325860846092,0.05050658596856494,0.03875581368426939,0.0028673913716468213,0.0025635766667464477,0.32101556741915505,0.0861002980604965,0.10382520714439339,606,0.16735711752593546,0.20491798351024226,0.17227371208473763,0.17249387732608762,0.22654835006323465,0.1898865125617788,0.19731434715480983,0.1877474386673681,0.17047527330852666,0.14259692533902762,0.18316115375417485,0.022160479939809095,631
551,0.0287067174911499,0.0006407391418613188,0.00510103702545166,0.00030014520604688125,"XGBRegressor(base_score=None, booster=None, callbacks=None,
             colsample_bylevel=None, colsample_bynode=None,
             colsample_bytree=None, device=None, early_stopping_rounds=None,
             enable_categorical=False, eval_metric=None, feature_types=None,
             gamma=None, grow_policy=None, importance_type=None,
             interaction_constraints=None, learning_rate=None, max_bin=None,
             max_cat_threshold=None, max_cat_to_onehot=None,
             max_delta_step=None, max_depth=None, max_leaves=None,
             min_child_weight=None, missing=nan, monotone_constraints=None,
             multi_strategy=None, n_estimators=None, n_jobs=None,
             num_parallel_tree=None, random_state=None, ...)",,,10,,,,,0.3,0,3,10,42,,,,,,"{'estimator': XGBRegressor(base_score=None, booster=None, callbacks=None,
             colsample_bylevel=None, colsample_bynode=None,
             colsample_bytree=None, device=None, early_stopping_rounds=None,
             enable_categorical=False, eval_metric=None, feature_types=None,
             gamma=None, grow_policy=None, importance_type=None,
             interaction_constraints=None, learning_rate=None, max_bin=None,
             max_cat_threshold=None, max_cat_to_onehot=None,
             max_delta_step=None, max_depth=None, max_leaves=None,
             min_child_weight=None, missing=nan, monotone_constraints=None,
             multi_strategy=None, n_estimators=None, n_jobs=None,
             num_parallel_tree=None, random_state=None, ...), 'estimator__eta': 0.3, 'estimator__gamma': 10, 'estimator__max_delta_step': 0, 'estimator__max_depth': 3, 'estimator__min_child_weight': 10, 'estimator__random_state': 42}",0.03599063436210516,0.05799454693120446,0.037869750305241666,0.04029670713212541,0.06181477486725849,0.06275382538843341,0.0585904735445141,0.04645832659715925,0.03450532229957629,0.02795477719537449,0.04642291386229928,0.012199106700667508,589,0.11864891809116473,0.24119645742924045,0.028398407327837605,0.02066700403787869,0.03638325860846092,0.05050658596856494,0.03875581368426939,0.0028673913716468213,0.0025635766667464477,0.32101556741915505,0.0861002980604965,0.10382520714439339,606,0.16735711752593546,0.20491798351024226,0.17227371208473763,0.17249387732608762,0.22654835006323465,0.1898865125617788,0.19731434715480983,0.1877474386673681,0.17047527330852666,0.14259692533902762,0.18316115375417485,0.022160479939809095,631
552,0.02920658588409424,0.0005999966762618393,0.005100870132446289,0.00030028060855786555,"XGBRegressor(base_score=None, booster=None, callbacks=None,
             colsample_bylevel=None, colsample_bynode=None,
             colsample_bytree=None, device=None, early_stopping_rounds=None,
             enable_categorical=False, eval_metric=None, feature_types=None,
             gamma=None, grow_policy=None, importance_type=None,
             interaction_constraints=None, learning_rate=None, max_bin=None,
             max_cat_threshold=None, max_cat_to_onehot=None,
             max_delta_step=None, max_depth=None, max_leaves=None,
             min_child_weight=None, missing=nan, monotone_constraints=None,
             multi_strategy=None, n_estimators=None, n_jobs=None,
             num_parallel_tree=None, random_state=None, ...)",,,10,,,,,0.3,0,6,0,42,,,,,,"{'estimator': XGBRegressor(base_score=None, booster=None, callbacks=None,
             colsample_bylevel=None, colsample_bynode=None,
             colsample_bytree=None, device=None, early_stopping_rounds=None,
             enable_categorical=False, eval_metric=None, feature_types=None,
             gamma=None, grow_policy=None, importance_type=None,
             interaction_constraints=None, learning_rate=None, max_bin=None,
             max_cat_threshold=None, max_cat_to_onehot=None,
             max_delta_step=None, max_depth=None, max_leaves=None,
             min_child_weight=None, missing=nan, monotone_constraints=None,
             multi_strategy=None, n_estimators=None, n_jobs=None,
             num_parallel_tree=None, random_state=None, ...), 'estimator__eta': 0.3, 'estimator__gamma': 10, 'estimator__max_delta_step': 0, 'estimator__max_depth': 6, 'estimator__min_child_weight': 0, 'estimator__random_state': 42}",0.03599063436210516,0.05799454693120446,0.037869750305241666,0.04029670713212541,0.06181477486725849,0.06275382538843341,0.0585904735445141,0.04645832659715925,0.03450532229957629,0.02795477719537449,0.04642291386229928,0.012199106700667508,589,0.11864891809116473,0.24119645742924045,0.028398407327837605,0.02066700403787869,0.03638325860846092,0.05050658596856494,0.03875581368426939,0.0028673913716468213,0.0025635766667464477,0.32101556741915505,0.0861002980604965,0.10382520714439339,606,0.16735711752593546,0.20491798351024226,0.17227371208473763,0.17249387732608762,0.22654835006323465,0.1898865125617788,0.19731434715480983,0.1877474386673681,0.17047527330852666,0.14259692533902762,0.18316115375417485,0.022160479939809095,631
553,0.029406809806823732,0.0010200574472779805,0.005200886726379394,0.0006002110373747653,"XGBRegressor(base_score=None, booster=None, callbacks=None,
             colsample_bylevel=None, colsample_bynode=None,
             colsample_bytree=None, device=None, early_stopping_rounds=None,
             enable_categorical=False, eval_metric=None, feature_types=None,
             gamma=None, grow_policy=None, importance_type=None,
             interaction_constraints=None, learning_rate=None, max_bin=None,
             max_cat_threshold=None, max_cat_to_onehot=None,
             max_delta_step=None, max_depth=None, max_leaves=None,
             min_child_weight=None, missing=nan, monotone_constraints=None,
             multi_strategy=None, n_estimators=None, n_jobs=None,
             num_parallel_tree=None, random_state=None, ...)",,,10,,,,,0.3,0,6,1,42,,,,,,"{'estimator': XGBRegressor(base_score=None, booster=None, callbacks=None,
             colsample_bylevel=None, colsample_bynode=None,
             colsample_bytree=None, device=None, early_stopping_rounds=None,
             enable_categorical=False, eval_metric=None, feature_types=None,
             gamma=None, grow_policy=None, importance_type=None,
             interaction_constraints=None, learning_rate=None, max_bin=None,
             max_cat_threshold=None, max_cat_to_onehot=None,
             max_delta_step=None, max_depth=None, max_leaves=None,
             min_child_weight=None, missing=nan, monotone_constraints=None,
             multi_strategy=None, n_estimators=None, n_jobs=None,
             num_parallel_tree=None, random_state=None, ...), 'estimator__eta': 0.3, 'estimator__gamma': 10, 'estimator__max_delta_step': 0, 'estimator__max_depth': 6, 'estimator__min_child_weight': 1, 'estimator__random_state': 42}",0.03599063436210516,0.05799454693120446,0.037869750305241666,0.04029670713212541,0.06181477486725849,0.06275382538843341,0.0585904735445141,0.04645832659715925,0.03450532229957629,0.02795477719537449,0.04642291386229928,0.012199106700667508,589,0.11864891809116473,0.24119645742924045,0.028398407327837605,0.02066700403787869,0.03638325860846092,0.05050658596856494,0.03875581368426939,0.0028673913716468213,0.0025635766667464477,0.32101556741915505,0.0861002980604965,0.10382520714439339,606,0.16735711752593546,0.20491798351024226,0.17227371208473763,0.17249387732608762,0.22654835006323465,0.1898865125617788,0.19731434715480983,0.1877474386673681,0.17047527330852666,0.14259692533902762,0.18316115375417485,0.022160479939809095,631
554,0.028606557846069337,0.0007999661693351264,0.005101346969604492,0.0005388675226391091,"XGBRegressor(base_score=None, booster=None, callbacks=None,
             colsample_bylevel=None, colsample_bynode=None,
             colsample_bytree=None, device=None, early_stopping_rounds=None,
             enable_categorical=False, eval_metric=None, feature_types=None,
             gamma=None, grow_policy=None, importance_type=None,
             interaction_constraints=None, learning_rate=None, max_bin=None,
             max_cat_threshold=None, max_cat_to_onehot=None,
             max_delta_step=None, max_depth=None, max_leaves=None,
             min_child_weight=None, missing=nan, monotone_constraints=None,
             multi_strategy=None, n_estimators=None, n_jobs=None,
             num_parallel_tree=None, random_state=None, ...)",,,10,,,,,0.3,0,6,10,42,,,,,,"{'estimator': XGBRegressor(base_score=None, booster=None, callbacks=None,
             colsample_bylevel=None, colsample_bynode=None,
             colsample_bytree=None, device=None, early_stopping_rounds=None,
             enable_categorical=False, eval_metric=None, feature_types=None,
             gamma=None, grow_policy=None, importance_type=None,
             interaction_constraints=None, learning_rate=None, max_bin=None,
             max_cat_threshold=None, max_cat_to_onehot=None,
             max_delta_step=None, max_depth=None, max_leaves=None,
             min_child_weight=None, missing=nan, monotone_constraints=None,
             multi_strategy=None, n_estimators=None, n_jobs=None,
             num_parallel_tree=None, random_state=None, ...), 'estimator__eta': 0.3, 'estimator__gamma': 10, 'estimator__max_delta_step': 0, 'estimator__max_depth': 6, 'estimator__min_child_weight': 10, 'estimator__random_state': 42}",0.03599063436210516,0.05799454693120446,0.037869750305241666,0.04029670713212541,0.06181477486725849,0.06275382538843341,0.0585904735445141,0.04645832659715925,0.03450532229957629,0.02795477719537449,0.04642291386229928,0.012199106700667508,589,0.11864891809116473,0.24119645742924045,0.028398407327837605,0.02066700403787869,0.03638325860846092,0.05050658596856494,0.03875581368426939,0.0028673913716468213,0.0025635766667464477,0.32101556741915505,0.0861002980604965,0.10382520714439339,606,0.16735711752593546,0.20491798351024226,0.17227371208473763,0.17249387732608762,0.22654835006323465,0.1898865125617788,0.19731434715480983,0.1877474386673681,0.17047527330852666,0.14259692533902762,0.18316115375417485,0.022160479939809095,631
555,0.028506541252136232,0.0008063300233263131,0.0049008607864379885,0.00030014524392415803,"XGBRegressor(base_score=None, booster=None, callbacks=None,
             colsample_bylevel=None, colsample_bynode=None,
             colsample_bytree=None, device=None, early_stopping_rounds=None,
             enable_categorical=False, eval_metric=None, feature_types=None,
             gamma=None, grow_policy=None, importance_type=None,
             interaction_constraints=None, learning_rate=None, max_bin=None,
             max_cat_threshold=None, max_cat_to_onehot=None,
             max_delta_step=None, max_depth=None, max_leaves=None,
             min_child_weight=None, missing=nan, monotone_constraints=None,
             multi_strategy=None, n_estimators=None, n_jobs=None,
             num_parallel_tree=None, random_state=None, ...)",,,10,,,,,0.3,0,9,0,42,,,,,,"{'estimator': XGBRegressor(base_score=None, booster=None, callbacks=None,
             colsample_bylevel=None, colsample_bynode=None,
             colsample_bytree=None, device=None, early_stopping_rounds=None,
             enable_categorical=False, eval_metric=None, feature_types=None,
             gamma=None, grow_policy=None, importance_type=None,
             interaction_constraints=None, learning_rate=None, max_bin=None,
             max_cat_threshold=None, max_cat_to_onehot=None,
             max_delta_step=None, max_depth=None, max_leaves=None,
             min_child_weight=None, missing=nan, monotone_constraints=None,
             multi_strategy=None, n_estimators=None, n_jobs=None,
             num_parallel_tree=None, random_state=None, ...), 'estimator__eta': 0.3, 'estimator__gamma': 10, 'estimator__max_delta_step': 0, 'estimator__max_depth': 9, 'estimator__min_child_weight': 0, 'estimator__random_state': 42}",0.03599063436210516,0.05799454693120446,0.037869750305241666,0.04029670713212541,0.06181477486725849,0.06275382538843341,0.0585904735445141,0.04645832659715925,0.03450532229957629,0.02795477719537449,0.04642291386229928,0.012199106700667508,589,0.11864891809116473,0.24119645742924045,0.028398407327837605,0.02066700403787869,0.03638325860846092,0.05050658596856494,0.03875581368426939,0.0028673913716468213,0.0025635766667464477,0.32101556741915505,0.0861002980604965,0.10382520714439339,606,0.16735711752593546,0.20491798351024226,0.17227371208473763,0.17249387732608762,0.22654835006323465,0.1898865125617788,0.19731434715480983,0.1877474386673681,0.17047527330852666,0.14259692533902762,0.18316115375417485,0.022160479939809095,631
556,0.029106640815734865,0.0013747650315995663,0.005000925064086914,2.6549169363165e-07,"XGBRegressor(base_score=None, booster=None, callbacks=None,
             colsample_bylevel=None, colsample_bynode=None,
             colsample_bytree=None, device=None, early_stopping_rounds=None,
             enable_categorical=False, eval_metric=None, feature_types=None,
             gamma=None, grow_policy=None, importance_type=None,
             interaction_constraints=None, learning_rate=None, max_bin=None,
             max_cat_threshold=None, max_cat_to_onehot=None,
             max_delta_step=None, max_depth=None, max_leaves=None,
             min_child_weight=None, missing=nan, monotone_constraints=None,
             multi_strategy=None, n_estimators=None, n_jobs=None,
             num_parallel_tree=None, random_state=None, ...)",,,10,,,,,0.3,0,9,1,42,,,,,,"{'estimator': XGBRegressor(base_score=None, booster=None, callbacks=None,
             colsample_bylevel=None, colsample_bynode=None,
             colsample_bytree=None, device=None, early_stopping_rounds=None,
             enable_categorical=False, eval_metric=None, feature_types=None,
             gamma=None, grow_policy=None, importance_type=None,
             interaction_constraints=None, learning_rate=None, max_bin=None,
             max_cat_threshold=None, max_cat_to_onehot=None,
             max_delta_step=None, max_depth=None, max_leaves=None,
             min_child_weight=None, missing=nan, monotone_constraints=None,
             multi_strategy=None, n_estimators=None, n_jobs=None,
             num_parallel_tree=None, random_state=None, ...), 'estimator__eta': 0.3, 'estimator__gamma': 10, 'estimator__max_delta_step': 0, 'estimator__max_depth': 9, 'estimator__min_child_weight': 1, 'estimator__random_state': 42}",0.03599063436210516,0.05799454693120446,0.037869750305241666,0.04029670713212541,0.06181477486725849,0.06275382538843341,0.0585904735445141,0.04645832659715925,0.03450532229957629,0.02795477719537449,0.04642291386229928,0.012199106700667508,589,0.11864891809116473,0.24119645742924045,0.028398407327837605,0.02066700403787869,0.03638325860846092,0.05050658596856494,0.03875581368426939,0.0028673913716468213,0.0025635766667464477,0.32101556741915505,0.0861002980604965,0.10382520714439339,606,0.16735711752593546,0.20491798351024226,0.17227371208473763,0.17249387732608762,0.22654835006323465,0.1898865125617788,0.19731434715480983,0.1877474386673681,0.17047527330852666,0.14259692533902762,0.18316115375417485,0.022160479939809095,631
557,0.02970724105834961,0.0009001520516389368,0.005100774765014649,0.0005386197045522754,"XGBRegressor(base_score=None, booster=None, callbacks=None,
             colsample_bylevel=None, colsample_bynode=None,
             colsample_bytree=None, device=None, early_stopping_rounds=None,
             enable_categorical=False, eval_metric=None, feature_types=None,
             gamma=None, grow_policy=None, importance_type=None,
             interaction_constraints=None, learning_rate=None, max_bin=None,
             max_cat_threshold=None, max_cat_to_onehot=None,
             max_delta_step=None, max_depth=None, max_leaves=None,
             min_child_weight=None, missing=nan, monotone_constraints=None,
             multi_strategy=None, n_estimators=None, n_jobs=None,
             num_parallel_tree=None, random_state=None, ...)",,,10,,,,,0.3,0,9,10,42,,,,,,"{'estimator': XGBRegressor(base_score=None, booster=None, callbacks=None,
             colsample_bylevel=None, colsample_bynode=None,
             colsample_bytree=None, device=None, early_stopping_rounds=None,
             enable_categorical=False, eval_metric=None, feature_types=None,
             gamma=None, grow_policy=None, importance_type=None,
             interaction_constraints=None, learning_rate=None, max_bin=None,
             max_cat_threshold=None, max_cat_to_onehot=None,
             max_delta_step=None, max_depth=None, max_leaves=None,
             min_child_weight=None, missing=nan, monotone_constraints=None,
             multi_strategy=None, n_estimators=None, n_jobs=None,
             num_parallel_tree=None, random_state=None, ...), 'estimator__eta': 0.3, 'estimator__gamma': 10, 'estimator__max_delta_step': 0, 'estimator__max_depth': 9, 'estimator__min_child_weight': 10, 'estimator__random_state': 42}",0.03599063436210516,0.05799454693120446,0.037869750305241666,0.04029670713212541,0.06181477486725849,0.06275382538843341,0.0585904735445141,0.04645832659715925,0.03450532229957629,0.02795477719537449,0.04642291386229928,0.012199106700667508,589,0.11864891809116473,0.24119645742924045,0.028398407327837605,0.02066700403787869,0.03638325860846092,0.05050658596856494,0.03875581368426939,0.0028673913716468213,0.0025635766667464477,0.32101556741915505,0.0861002980604965,0.10382520714439339,606,0.16735711752593546,0.20491798351024226,0.17227371208473763,0.17249387732608762,0.22654835006323465,0.1898865125617788,0.19731434715480983,0.1877474386673681,0.17047527330852666,0.14259692533902762,0.18316115375417485,0.022160479939809095,631
558,0.0299069881439209,0.0010440098634706368,0.005101203918457031,0.0003004077313436572,"XGBRegressor(base_score=None, booster=None, callbacks=None,
             colsample_bylevel=None, colsample_bynode=None,
             colsample_bytree=None, device=None, early_stopping_rounds=None,
             enable_categorical=False, eval_metric=None, feature_types=None,
             gamma=None, grow_policy=None, importance_type=None,
             interaction_constraints=None, learning_rate=None, max_bin=None,
             max_cat_threshold=None, max_cat_to_onehot=None,
             max_delta_step=None, max_depth=None, max_leaves=None,
             min_child_weight=None, missing=nan, monotone_constraints=None,
             multi_strategy=None, n_estimators=None, n_jobs=None,
             num_parallel_tree=None, random_state=None, ...)",,,10,,,,,0.3,3,3,0,42,,,,,,"{'estimator': XGBRegressor(base_score=None, booster=None, callbacks=None,
             colsample_bylevel=None, colsample_bynode=None,
             colsample_bytree=None, device=None, early_stopping_rounds=None,
             enable_categorical=False, eval_metric=None, feature_types=None,
             gamma=None, grow_policy=None, importance_type=None,
             interaction_constraints=None, learning_rate=None, max_bin=None,
             max_cat_threshold=None, max_cat_to_onehot=None,
             max_delta_step=None, max_depth=None, max_leaves=None,
             min_child_weight=None, missing=nan, monotone_constraints=None,
             multi_strategy=None, n_estimators=None, n_jobs=None,
             num_parallel_tree=None, random_state=None, ...), 'estimator__eta': 0.3, 'estimator__gamma': 10, 'estimator__max_delta_step': 3, 'estimator__max_depth': 3, 'estimator__min_child_weight': 0, 'estimator__random_state': 42}",0.03599063436210516,0.05799454693120446,0.037869750305241666,0.04029670713212541,0.06181477486725849,0.06275382538843341,0.0585904735445141,0.04645832659715925,0.03450532229957629,0.02795477719537449,0.04642291386229928,0.012199106700667508,589,0.11864891809116473,0.24119645742924045,0.028398407327837605,0.02066700403787869,0.03638325860846092,0.05050658596856494,0.03875581368426939,0.0028673913716468213,0.0025635766667464477,0.32101556741915505,0.0861002980604965,0.10382520714439339,606,0.16735711752593546,0.20491798351024226,0.17227371208473763,0.17249387732608762,0.22654835006323465,0.1898865125617788,0.19731434715480983,0.1877474386673681,0.17047527330852666,0.14259692533902762,0.18316115375417485,0.022160479939809095,631
559,0.028906750679016113,0.0005387033902218035,0.004900813102722168,0.0003000502743601403,"XGBRegressor(base_score=None, booster=None, callbacks=None,
             colsample_bylevel=None, colsample_bynode=None,
             colsample_bytree=None, device=None, early_stopping_rounds=None,
             enable_categorical=False, eval_metric=None, feature_types=None,
             gamma=None, grow_policy=None, importance_type=None,
             interaction_constraints=None, learning_rate=None, max_bin=None,
             max_cat_threshold=None, max_cat_to_onehot=None,
             max_delta_step=None, max_depth=None, max_leaves=None,
             min_child_weight=None, missing=nan, monotone_constraints=None,
             multi_strategy=None, n_estimators=None, n_jobs=None,
             num_parallel_tree=None, random_state=None, ...)",,,10,,,,,0.3,3,3,1,42,,,,,,"{'estimator': XGBRegressor(base_score=None, booster=None, callbacks=None,
             colsample_bylevel=None, colsample_bynode=None,
             colsample_bytree=None, device=None, early_stopping_rounds=None,
             enable_categorical=False, eval_metric=None, feature_types=None,
             gamma=None, grow_policy=None, importance_type=None,
             interaction_constraints=None, learning_rate=None, max_bin=None,
             max_cat_threshold=None, max_cat_to_onehot=None,
             max_delta_step=None, max_depth=None, max_leaves=None,
             min_child_weight=None, missing=nan, monotone_constraints=None,
             multi_strategy=None, n_estimators=None, n_jobs=None,
             num_parallel_tree=None, random_state=None, ...), 'estimator__eta': 0.3, 'estimator__gamma': 10, 'estimator__max_delta_step': 3, 'estimator__max_depth': 3, 'estimator__min_child_weight': 1, 'estimator__random_state': 42}",0.03599063436210516,0.05799454693120446,0.037869750305241666,0.04029670713212541,0.06181477486725849,0.06275382538843341,0.0585904735445141,0.04645832659715925,0.03450532229957629,0.02795477719537449,0.04642291386229928,0.012199106700667508,589,0.11864891809116473,0.24119645742924045,0.028398407327837605,0.02066700403787869,0.03638325860846092,0.05050658596856494,0.03875581368426939,0.0028673913716468213,0.0025635766667464477,0.32101556741915505,0.0861002980604965,0.10382520714439339,606,0.16735711752593546,0.20491798351024226,0.17227371208473763,0.17249387732608762,0.22654835006323465,0.1898865125617788,0.19731434715480983,0.1877474386673681,0.17047527330852666,0.14259692533902762,0.18316115375417485,0.022160479939809095,631
560,0.028906726837158205,0.0007001536909091105,0.005000948905944824,0.000447234811559247,"XGBRegressor(base_score=None, booster=None, callbacks=None,
             colsample_bylevel=None, colsample_bynode=None,
             colsample_bytree=None, device=None, early_stopping_rounds=None,
             enable_categorical=False, eval_metric=None, feature_types=None,
             gamma=None, grow_policy=None, importance_type=None,
             interaction_constraints=None, learning_rate=None, max_bin=None,
             max_cat_threshold=None, max_cat_to_onehot=None,
             max_delta_step=None, max_depth=None, max_leaves=None,
             min_child_weight=None, missing=nan, monotone_constraints=None,
             multi_strategy=None, n_estimators=None, n_jobs=None,
             num_parallel_tree=None, random_state=None, ...)",,,10,,,,,0.3,3,3,10,42,,,,,,"{'estimator': XGBRegressor(base_score=None, booster=None, callbacks=None,
             colsample_bylevel=None, colsample_bynode=None,
             colsample_bytree=None, device=None, early_stopping_rounds=None,
             enable_categorical=False, eval_metric=None, feature_types=None,
             gamma=None, grow_policy=None, importance_type=None,
             interaction_constraints=None, learning_rate=None, max_bin=None,
             max_cat_threshold=None, max_cat_to_onehot=None,
             max_delta_step=None, max_depth=None, max_leaves=None,
             min_child_weight=None, missing=nan, monotone_constraints=None,
             multi_strategy=None, n_estimators=None, n_jobs=None,
             num_parallel_tree=None, random_state=None, ...), 'estimator__eta': 0.3, 'estimator__gamma': 10, 'estimator__max_delta_step': 3, 'estimator__max_depth': 3, 'estimator__min_child_weight': 10, 'estimator__random_state': 42}",0.03599063436210516,0.05799454693120446,0.037869750305241666,0.04029670713212541,0.06181477486725849,0.06275382538843341,0.0585904735445141,0.04645832659715925,0.03450532229957629,0.02795477719537449,0.04642291386229928,0.012199106700667508,589,0.11864891809116473,0.24119645742924045,0.028398407327837605,0.02066700403787869,0.03638325860846092,0.05050658596856494,0.03875581368426939,0.0028673913716468213,0.0025635766667464477,0.32101556741915505,0.0861002980604965,0.10382520714439339,606,0.16735711752593546,0.20491798351024226,0.17227371208473763,0.17249387732608762,0.22654835006323465,0.1898865125617788,0.19731434715480983,0.1877474386673681,0.17047527330852666,0.14259692533902762,0.18316115375417485,0.022160479939809095,631
561,0.028906750679016113,0.0007000208388215793,0.005201077461242676,0.00040007857283071234,"XGBRegressor(base_score=None, booster=None, callbacks=None,
             colsample_bylevel=None, colsample_bynode=None,
             colsample_bytree=None, device=None, early_stopping_rounds=None,
             enable_categorical=False, eval_metric=None, feature_types=None,
             gamma=None, grow_policy=None, importance_type=None,
             interaction_constraints=None, learning_rate=None, max_bin=None,
             max_cat_threshold=None, max_cat_to_onehot=None,
             max_delta_step=None, max_depth=None, max_leaves=None,
             min_child_weight=None, missing=nan, monotone_constraints=None,
             multi_strategy=None, n_estimators=None, n_jobs=None,
             num_parallel_tree=None, random_state=None, ...)",,,10,,,,,0.3,3,6,0,42,,,,,,"{'estimator': XGBRegressor(base_score=None, booster=None, callbacks=None,
             colsample_bylevel=None, colsample_bynode=None,
             colsample_bytree=None, device=None, early_stopping_rounds=None,
             enable_categorical=False, eval_metric=None, feature_types=None,
             gamma=None, grow_policy=None, importance_type=None,
             interaction_constraints=None, learning_rate=None, max_bin=None,
             max_cat_threshold=None, max_cat_to_onehot=None,
             max_delta_step=None, max_depth=None, max_leaves=None,
             min_child_weight=None, missing=nan, monotone_constraints=None,
             multi_strategy=None, n_estimators=None, n_jobs=None,
             num_parallel_tree=None, random_state=None, ...), 'estimator__eta': 0.3, 'estimator__gamma': 10, 'estimator__max_delta_step': 3, 'estimator__max_depth': 6, 'estimator__min_child_weight': 0, 'estimator__random_state': 42}",0.03599063436210516,0.05799454693120446,0.037869750305241666,0.04029670713212541,0.06181477486725849,0.06275382538843341,0.0585904735445141,0.04645832659715925,0.03450532229957629,0.02795477719537449,0.04642291386229928,0.012199106700667508,589,0.11864891809116473,0.24119645742924045,0.028398407327837605,0.02066700403787869,0.03638325860846092,0.05050658596856494,0.03875581368426939,0.0028673913716468213,0.0025635766667464477,0.32101556741915505,0.0861002980604965,0.10382520714439339,606,0.16735711752593546,0.20491798351024226,0.17227371208473763,0.17249387732608762,0.22654835006323465,0.1898865125617788,0.19731434715480983,0.1877474386673681,0.17047527330852666,0.14259692533902762,0.18316115375417485,0.022160479939809095,631
562,0.029506564140319824,0.0006709674439920598,0.005001068115234375,3.371747880871523e-07,"XGBRegressor(base_score=None, booster=None, callbacks=None,
             colsample_bylevel=None, colsample_bynode=None,
             colsample_bytree=None, device=None, early_stopping_rounds=None,
             enable_categorical=False, eval_metric=None, feature_types=None,
             gamma=None, grow_policy=None, importance_type=None,
             interaction_constraints=None, learning_rate=None, max_bin=None,
             max_cat_threshold=None, max_cat_to_onehot=None,
             max_delta_step=None, max_depth=None, max_leaves=None,
             min_child_weight=None, missing=nan, monotone_constraints=None,
             multi_strategy=None, n_estimators=None, n_jobs=None,
             num_parallel_tree=None, random_state=None, ...)",,,10,,,,,0.3,3,6,1,42,,,,,,"{'estimator': XGBRegressor(base_score=None, booster=None, callbacks=None,
             colsample_bylevel=None, colsample_bynode=None,
             colsample_bytree=None, device=None, early_stopping_rounds=None,
             enable_categorical=False, eval_metric=None, feature_types=None,
             gamma=None, grow_policy=None, importance_type=None,
             interaction_constraints=None, learning_rate=None, max_bin=None,
             max_cat_threshold=None, max_cat_to_onehot=None,
             max_delta_step=None, max_depth=None, max_leaves=None,
             min_child_weight=None, missing=nan, monotone_constraints=None,
             multi_strategy=None, n_estimators=None, n_jobs=None,
             num_parallel_tree=None, random_state=None, ...), 'estimator__eta': 0.3, 'estimator__gamma': 10, 'estimator__max_delta_step': 3, 'estimator__max_depth': 6, 'estimator__min_child_weight': 1, 'estimator__random_state': 42}",0.03599063436210516,0.05799454693120446,0.037869750305241666,0.04029670713212541,0.06181477486725849,0.06275382538843341,0.0585904735445141,0.04645832659715925,0.03450532229957629,0.02795477719537449,0.04642291386229928,0.012199106700667508,589,0.11864891809116473,0.24119645742924045,0.028398407327837605,0.02066700403787869,0.03638325860846092,0.05050658596856494,0.03875581368426939,0.0028673913716468213,0.0025635766667464477,0.32101556741915505,0.0861002980604965,0.10382520714439339,606,0.16735711752593546,0.20491798351024226,0.17227371208473763,0.17249387732608762,0.22654835006323465,0.1898865125617788,0.19731434715480983,0.1877474386673681,0.17047527330852666,0.14259692533902762,0.18316115375417485,0.022160479939809095,631
563,0.02890667915344238,0.0008308835843553812,0.0051009893417358395,0.0005385793848458475,"XGBRegressor(base_score=None, booster=None, callbacks=None,
             colsample_bylevel=None, colsample_bynode=None,
             colsample_bytree=None, device=None, early_stopping_rounds=None,
             enable_categorical=False, eval_metric=None, feature_types=None,
             gamma=None, grow_policy=None, importance_type=None,
             interaction_constraints=None, learning_rate=None, max_bin=None,
             max_cat_threshold=None, max_cat_to_onehot=None,
             max_delta_step=None, max_depth=None, max_leaves=None,
             min_child_weight=None, missing=nan, monotone_constraints=None,
             multi_strategy=None, n_estimators=None, n_jobs=None,
             num_parallel_tree=None, random_state=None, ...)",,,10,,,,,0.3,3,6,10,42,,,,,,"{'estimator': XGBRegressor(base_score=None, booster=None, callbacks=None,
             colsample_bylevel=None, colsample_bynode=None,
             colsample_bytree=None, device=None, early_stopping_rounds=None,
             enable_categorical=False, eval_metric=None, feature_types=None,
             gamma=None, grow_policy=None, importance_type=None,
             interaction_constraints=None, learning_rate=None, max_bin=None,
             max_cat_threshold=None, max_cat_to_onehot=None,
             max_delta_step=None, max_depth=None, max_leaves=None,
             min_child_weight=None, missing=nan, monotone_constraints=None,
             multi_strategy=None, n_estimators=None, n_jobs=None,
             num_parallel_tree=None, random_state=None, ...), 'estimator__eta': 0.3, 'estimator__gamma': 10, 'estimator__max_delta_step': 3, 'estimator__max_depth': 6, 'estimator__min_child_weight': 10, 'estimator__random_state': 42}",0.03599063436210516,0.05799454693120446,0.037869750305241666,0.04029670713212541,0.06181477486725849,0.06275382538843341,0.0585904735445141,0.04645832659715925,0.03450532229957629,0.02795477719537449,0.04642291386229928,0.012199106700667508,589,0.11864891809116473,0.24119645742924045,0.028398407327837605,0.02066700403787869,0.03638325860846092,0.05050658596856494,0.03875581368426939,0.0028673913716468213,0.0025635766667464477,0.32101556741915505,0.0861002980604965,0.10382520714439339,606,0.16735711752593546,0.20491798351024226,0.17227371208473763,0.17249387732608762,0.22654835006323465,0.1898865125617788,0.19731434715480983,0.1877474386673681,0.17047527330852666,0.14259692533902762,0.18316115375417485,0.022160479939809095,631
564,0.02850663661956787,0.0005002261139940648,0.005200862884521484,0.00040006657465132997,"XGBRegressor(base_score=None, booster=None, callbacks=None,
             colsample_bylevel=None, colsample_bynode=None,
             colsample_bytree=None, device=None, early_stopping_rounds=None,
             enable_categorical=False, eval_metric=None, feature_types=None,
             gamma=None, grow_policy=None, importance_type=None,
             interaction_constraints=None, learning_rate=None, max_bin=None,
             max_cat_threshold=None, max_cat_to_onehot=None,
             max_delta_step=None, max_depth=None, max_leaves=None,
             min_child_weight=None, missing=nan, monotone_constraints=None,
             multi_strategy=None, n_estimators=None, n_jobs=None,
             num_parallel_tree=None, random_state=None, ...)",,,10,,,,,0.3,3,9,0,42,,,,,,"{'estimator': XGBRegressor(base_score=None, booster=None, callbacks=None,
             colsample_bylevel=None, colsample_bynode=None,
             colsample_bytree=None, device=None, early_stopping_rounds=None,
             enable_categorical=False, eval_metric=None, feature_types=None,
             gamma=None, grow_policy=None, importance_type=None,
             interaction_constraints=None, learning_rate=None, max_bin=None,
             max_cat_threshold=None, max_cat_to_onehot=None,
             max_delta_step=None, max_depth=None, max_leaves=None,
             min_child_weight=None, missing=nan, monotone_constraints=None,
             multi_strategy=None, n_estimators=None, n_jobs=None,
             num_parallel_tree=None, random_state=None, ...), 'estimator__eta': 0.3, 'estimator__gamma': 10, 'estimator__max_delta_step': 3, 'estimator__max_depth': 9, 'estimator__min_child_weight': 0, 'estimator__random_state': 42}",0.03599063436210516,0.05799454693120446,0.037869750305241666,0.04029670713212541,0.06181477486725849,0.06275382538843341,0.0585904735445141,0.04645832659715925,0.03450532229957629,0.02795477719537449,0.04642291386229928,0.012199106700667508,589,0.11864891809116473,0.24119645742924045,0.028398407327837605,0.02066700403787869,0.03638325860846092,0.05050658596856494,0.03875581368426939,0.0028673913716468213,0.0025635766667464477,0.32101556741915505,0.0861002980604965,0.10382520714439339,606,0.16735711752593546,0.20491798351024226,0.17227371208473763,0.17249387732608762,0.22654835006323465,0.1898865125617788,0.19731434715480983,0.1877474386673681,0.17047527330852666,0.14259692533902762,0.18316115375417485,0.022160479939809095,631
565,0.029106879234313966,0.0008310413798493966,0.005201196670532227,0.00039978064312262587,"XGBRegressor(base_score=None, booster=None, callbacks=None,
             colsample_bylevel=None, colsample_bynode=None,
             colsample_bytree=None, device=None, early_stopping_rounds=None,
             enable_categorical=False, eval_metric=None, feature_types=None,
             gamma=None, grow_policy=None, importance_type=None,
             interaction_constraints=None, learning_rate=None, max_bin=None,
             max_cat_threshold=None, max_cat_to_onehot=None,
             max_delta_step=None, max_depth=None, max_leaves=None,
             min_child_weight=None, missing=nan, monotone_constraints=None,
             multi_strategy=None, n_estimators=None, n_jobs=None,
             num_parallel_tree=None, random_state=None, ...)",,,10,,,,,0.3,3,9,1,42,,,,,,"{'estimator': XGBRegressor(base_score=None, booster=None, callbacks=None,
             colsample_bylevel=None, colsample_bynode=None,
             colsample_bytree=None, device=None, early_stopping_rounds=None,
             enable_categorical=False, eval_metric=None, feature_types=None,
             gamma=None, grow_policy=None, importance_type=None,
             interaction_constraints=None, learning_rate=None, max_bin=None,
             max_cat_threshold=None, max_cat_to_onehot=None,
             max_delta_step=None, max_depth=None, max_leaves=None,
             min_child_weight=None, missing=nan, monotone_constraints=None,
             multi_strategy=None, n_estimators=None, n_jobs=None,
             num_parallel_tree=None, random_state=None, ...), 'estimator__eta': 0.3, 'estimator__gamma': 10, 'estimator__max_delta_step': 3, 'estimator__max_depth': 9, 'estimator__min_child_weight': 1, 'estimator__random_state': 42}",0.03599063436210516,0.05799454693120446,0.037869750305241666,0.04029670713212541,0.06181477486725849,0.06275382538843341,0.0585904735445141,0.04645832659715925,0.03450532229957629,0.02795477719537449,0.04642291386229928,0.012199106700667508,589,0.11864891809116473,0.24119645742924045,0.028398407327837605,0.02066700403787869,0.03638325860846092,0.05050658596856494,0.03875581368426939,0.0028673913716468213,0.0025635766667464477,0.32101556741915505,0.0861002980604965,0.10382520714439339,606,0.16735711752593546,0.20491798351024226,0.17227371208473763,0.17249387732608762,0.22654835006323465,0.1898865125617788,0.19731434715480983,0.1877474386673681,0.17047527330852666,0.14259692533902762,0.18316115375417485,0.022160479939809095,631
566,0.030206632614135743,0.002088549547541939,0.00510110855102539,0.0002999627932964107,"XGBRegressor(base_score=None, booster=None, callbacks=None,
             colsample_bylevel=None, colsample_bynode=None,
             colsample_bytree=None, device=None, early_stopping_rounds=None,
             enable_categorical=False, eval_metric=None, feature_types=None,
             gamma=None, grow_policy=None, importance_type=None,
             interaction_constraints=None, learning_rate=None, max_bin=None,
             max_cat_threshold=None, max_cat_to_onehot=None,
             max_delta_step=None, max_depth=None, max_leaves=None,
             min_child_weight=None, missing=nan, monotone_constraints=None,
             multi_strategy=None, n_estimators=None, n_jobs=None,
             num_parallel_tree=None, random_state=None, ...)",,,10,,,,,0.3,3,9,10,42,,,,,,"{'estimator': XGBRegressor(base_score=None, booster=None, callbacks=None,
             colsample_bylevel=None, colsample_bynode=None,
             colsample_bytree=None, device=None, early_stopping_rounds=None,
             enable_categorical=False, eval_metric=None, feature_types=None,
             gamma=None, grow_policy=None, importance_type=None,
             interaction_constraints=None, learning_rate=None, max_bin=None,
             max_cat_threshold=None, max_cat_to_onehot=None,
             max_delta_step=None, max_depth=None, max_leaves=None,
             min_child_weight=None, missing=nan, monotone_constraints=None,
             multi_strategy=None, n_estimators=None, n_jobs=None,
             num_parallel_tree=None, random_state=None, ...), 'estimator__eta': 0.3, 'estimator__gamma': 10, 'estimator__max_delta_step': 3, 'estimator__max_depth': 9, 'estimator__min_child_weight': 10, 'estimator__random_state': 42}",0.03599063436210516,0.05799454693120446,0.037869750305241666,0.04029670713212541,0.06181477486725849,0.06275382538843341,0.0585904735445141,0.04645832659715925,0.03450532229957629,0.02795477719537449,0.04642291386229928,0.012199106700667508,589,0.11864891809116473,0.24119645742924045,0.028398407327837605,0.02066700403787869,0.03638325860846092,0.05050658596856494,0.03875581368426939,0.0028673913716468213,0.0025635766667464477,0.32101556741915505,0.0861002980604965,0.10382520714439339,606,0.16735711752593546,0.20491798351024226,0.17227371208473763,0.17249387732608762,0.22654835006323465,0.1898865125617788,0.19731434715480983,0.1877474386673681,0.17047527330852666,0.14259692533902762,0.18316115375417485,0.022160479939809095,631
567,0.02960679531097412,0.0006634208447906111,0.005101156234741211,0.0005389028447964347,"XGBRegressor(base_score=None, booster=None, callbacks=None,
             colsample_bylevel=None, colsample_bynode=None,
             colsample_bytree=None, device=None, early_stopping_rounds=None,
             enable_categorical=False, eval_metric=None, feature_types=None,
             gamma=None, grow_policy=None, importance_type=None,
             interaction_constraints=None, learning_rate=None, max_bin=None,
             max_cat_threshold=None, max_cat_to_onehot=None,
             max_delta_step=None, max_depth=None, max_leaves=None,
             min_child_weight=None, missing=nan, monotone_constraints=None,
             multi_strategy=None, n_estimators=None, n_jobs=None,
             num_parallel_tree=None, random_state=None, ...)",,,10,,,,,0.3,6,3,0,42,,,,,,"{'estimator': XGBRegressor(base_score=None, booster=None, callbacks=None,
             colsample_bylevel=None, colsample_bynode=None,
             colsample_bytree=None, device=None, early_stopping_rounds=None,
             enable_categorical=False, eval_metric=None, feature_types=None,
             gamma=None, grow_policy=None, importance_type=None,
             interaction_constraints=None, learning_rate=None, max_bin=None,
             max_cat_threshold=None, max_cat_to_onehot=None,
             max_delta_step=None, max_depth=None, max_leaves=None,
             min_child_weight=None, missing=nan, monotone_constraints=None,
             multi_strategy=None, n_estimators=None, n_jobs=None,
             num_parallel_tree=None, random_state=None, ...), 'estimator__eta': 0.3, 'estimator__gamma': 10, 'estimator__max_delta_step': 6, 'estimator__max_depth': 3, 'estimator__min_child_weight': 0, 'estimator__random_state': 42}",0.03599063436210516,0.05799454693120446,0.037869750305241666,0.04029670713212541,0.06181477486725849,0.06275382538843341,0.0585904735445141,0.04645832659715925,0.03450532229957629,0.02795477719537449,0.04642291386229928,0.012199106700667508,589,0.11864891809116473,0.24119645742924045,0.028398407327837605,0.02066700403787869,0.03638325860846092,0.05050658596856494,0.03875581368426939,0.0028673913716468213,0.0025635766667464477,0.32101556741915505,0.0861002980604965,0.10382520714439339,606,0.16735711752593546,0.20491798351024226,0.17227371208473763,0.17249387732608762,0.22654835006323465,0.1898865125617788,0.19731434715480983,0.1877474386673681,0.17047527330852666,0.14259692533902762,0.18316115375417485,0.022160479939809095,631
568,0.028406572341918946,0.0004899696452968251,0.005001139640808105,0.0004473946845987735,"XGBRegressor(base_score=None, booster=None, callbacks=None,
             colsample_bylevel=None, colsample_bynode=None,
             colsample_bytree=None, device=None, early_stopping_rounds=None,
             enable_categorical=False, eval_metric=None, feature_types=None,
             gamma=None, grow_policy=None, importance_type=None,
             interaction_constraints=None, learning_rate=None, max_bin=None,
             max_cat_threshold=None, max_cat_to_onehot=None,
             max_delta_step=None, max_depth=None, max_leaves=None,
             min_child_weight=None, missing=nan, monotone_constraints=None,
             multi_strategy=None, n_estimators=None, n_jobs=None,
             num_parallel_tree=None, random_state=None, ...)",,,10,,,,,0.3,6,3,1,42,,,,,,"{'estimator': XGBRegressor(base_score=None, booster=None, callbacks=None,
             colsample_bylevel=None, colsample_bynode=None,
             colsample_bytree=None, device=None, early_stopping_rounds=None,
             enable_categorical=False, eval_metric=None, feature_types=None,
             gamma=None, grow_policy=None, importance_type=None,
             interaction_constraints=None, learning_rate=None, max_bin=None,
             max_cat_threshold=None, max_cat_to_onehot=None,
             max_delta_step=None, max_depth=None, max_leaves=None,
             min_child_weight=None, missing=nan, monotone_constraints=None,
             multi_strategy=None, n_estimators=None, n_jobs=None,
             num_parallel_tree=None, random_state=None, ...), 'estimator__eta': 0.3, 'estimator__gamma': 10, 'estimator__max_delta_step': 6, 'estimator__max_depth': 3, 'estimator__min_child_weight': 1, 'estimator__random_state': 42}",0.03599063436210516,0.05799454693120446,0.037869750305241666,0.04029670713212541,0.06181477486725849,0.06275382538843341,0.0585904735445141,0.04645832659715925,0.03450532229957629,0.02795477719537449,0.04642291386229928,0.012199106700667508,589,0.11864891809116473,0.24119645742924045,0.028398407327837605,0.02066700403787869,0.03638325860846092,0.05050658596856494,0.03875581368426939,0.0028673913716468213,0.0025635766667464477,0.32101556741915505,0.0861002980604965,0.10382520714439339,606,0.16735711752593546,0.20491798351024226,0.17227371208473763,0.17249387732608762,0.22654835006323465,0.1898865125617788,0.19731434715480983,0.1877474386673681,0.17047527330852666,0.14259692533902762,0.18316115375417485,0.022160479939809095,631
569,0.0288067102432251,0.0008720395579764318,0.005100822448730469,0.0003000580784996055,"XGBRegressor(base_score=None, booster=None, callbacks=None,
             colsample_bylevel=None, colsample_bynode=None,
             colsample_bytree=None, device=None, early_stopping_rounds=None,
             enable_categorical=False, eval_metric=None, feature_types=None,
             gamma=None, grow_policy=None, importance_type=None,
             interaction_constraints=None, learning_rate=None, max_bin=None,
             max_cat_threshold=None, max_cat_to_onehot=None,
             max_delta_step=None, max_depth=None, max_leaves=None,
             min_child_weight=None, missing=nan, monotone_constraints=None,
             multi_strategy=None, n_estimators=None, n_jobs=None,
             num_parallel_tree=None, random_state=None, ...)",,,10,,,,,0.3,6,3,10,42,,,,,,"{'estimator': XGBRegressor(base_score=None, booster=None, callbacks=None,
             colsample_bylevel=None, colsample_bynode=None,
             colsample_bytree=None, device=None, early_stopping_rounds=None,
             enable_categorical=False, eval_metric=None, feature_types=None,
             gamma=None, grow_policy=None, importance_type=None,
             interaction_constraints=None, learning_rate=None, max_bin=None,
             max_cat_threshold=None, max_cat_to_onehot=None,
             max_delta_step=None, max_depth=None, max_leaves=None,
             min_child_weight=None, missing=nan, monotone_constraints=None,
             multi_strategy=None, n_estimators=None, n_jobs=None,
             num_parallel_tree=None, random_state=None, ...), 'estimator__eta': 0.3, 'estimator__gamma': 10, 'estimator__max_delta_step': 6, 'estimator__max_depth': 3, 'estimator__min_child_weight': 10, 'estimator__random_state': 42}",0.03599063436210516,0.05799454693120446,0.037869750305241666,0.04029670713212541,0.06181477486725849,0.06275382538843341,0.0585904735445141,0.04645832659715925,0.03450532229957629,0.02795477719537449,0.04642291386229928,0.012199106700667508,589,0.11864891809116473,0.24119645742924045,0.028398407327837605,0.02066700403787869,0.03638325860846092,0.05050658596856494,0.03875581368426939,0.0028673913716468213,0.0025635766667464477,0.32101556741915505,0.0861002980604965,0.10382520714439339,606,0.16735711752593546,0.20491798351024226,0.17227371208473763,0.17249387732608762,0.22654835006323465,0.1898865125617788,0.19731434715480983,0.1877474386673681,0.17047527330852666,0.14259692533902762,0.18316115375417485,0.022160479939809095,631
570,0.028806781768798827,0.0006001711152181696,0.00510096549987793,0.0003002486490626359,"XGBRegressor(base_score=None, booster=None, callbacks=None,
             colsample_bylevel=None, colsample_bynode=None,
             colsample_bytree=None, device=None, early_stopping_rounds=None,
             enable_categorical=False, eval_metric=None, feature_types=None,
             gamma=None, grow_policy=None, importance_type=None,
             interaction_constraints=None, learning_rate=None, max_bin=None,
             max_cat_threshold=None, max_cat_to_onehot=None,
             max_delta_step=None, max_depth=None, max_leaves=None,
             min_child_weight=None, missing=nan, monotone_constraints=None,
             multi_strategy=None, n_estimators=None, n_jobs=None,
             num_parallel_tree=None, random_state=None, ...)",,,10,,,,,0.3,6,6,0,42,,,,,,"{'estimator': XGBRegressor(base_score=None, booster=None, callbacks=None,
             colsample_bylevel=None, colsample_bynode=None,
             colsample_bytree=None, device=None, early_stopping_rounds=None,
             enable_categorical=False, eval_metric=None, feature_types=None,
             gamma=None, grow_policy=None, importance_type=None,
             interaction_constraints=None, learning_rate=None, max_bin=None,
             max_cat_threshold=None, max_cat_to_onehot=None,
             max_delta_step=None, max_depth=None, max_leaves=None,
             min_child_weight=None, missing=nan, monotone_constraints=None,
             multi_strategy=None, n_estimators=None, n_jobs=None,
             num_parallel_tree=None, random_state=None, ...), 'estimator__eta': 0.3, 'estimator__gamma': 10, 'estimator__max_delta_step': 6, 'estimator__max_depth': 6, 'estimator__min_child_weight': 0, 'estimator__random_state': 42}",0.03599063436210516,0.05799454693120446,0.037869750305241666,0.04029670713212541,0.06181477486725849,0.06275382538843341,0.0585904735445141,0.04645832659715925,0.03450532229957629,0.02795477719537449,0.04642291386229928,0.012199106700667508,589,0.11864891809116473,0.24119645742924045,0.028398407327837605,0.02066700403787869,0.03638325860846092,0.05050658596856494,0.03875581368426939,0.0028673913716468213,0.0025635766667464477,0.32101556741915505,0.0861002980604965,0.10382520714439339,606,0.16735711752593546,0.20491798351024226,0.17227371208473763,0.17249387732608762,0.22654835006323465,0.1898865125617788,0.19731434715480983,0.1877474386673681,0.17047527330852666,0.14259692533902762,0.18316115375417485,0.022160479939809095,631
571,0.029106616973876953,0.001300280032661954,0.005000996589660645,3.0251926280139736e-07,"XGBRegressor(base_score=None, booster=None, callbacks=None,
             colsample_bylevel=None, colsample_bynode=None,
             colsample_bytree=None, device=None, early_stopping_rounds=None,
             enable_categorical=False, eval_metric=None, feature_types=None,
             gamma=None, grow_policy=None, importance_type=None,
             interaction_constraints=None, learning_rate=None, max_bin=None,
             max_cat_threshold=None, max_cat_to_onehot=None,
             max_delta_step=None, max_depth=None, max_leaves=None,
             min_child_weight=None, missing=nan, monotone_constraints=None,
             multi_strategy=None, n_estimators=None, n_jobs=None,
             num_parallel_tree=None, random_state=None, ...)",,,10,,,,,0.3,6,6,1,42,,,,,,"{'estimator': XGBRegressor(base_score=None, booster=None, callbacks=None,
             colsample_bylevel=None, colsample_bynode=None,
             colsample_bytree=None, device=None, early_stopping_rounds=None,
             enable_categorical=False, eval_metric=None, feature_types=None,
             gamma=None, grow_policy=None, importance_type=None,
             interaction_constraints=None, learning_rate=None, max_bin=None,
             max_cat_threshold=None, max_cat_to_onehot=None,
             max_delta_step=None, max_depth=None, max_leaves=None,
             min_child_weight=None, missing=nan, monotone_constraints=None,
             multi_strategy=None, n_estimators=None, n_jobs=None,
             num_parallel_tree=None, random_state=None, ...), 'estimator__eta': 0.3, 'estimator__gamma': 10, 'estimator__max_delta_step': 6, 'estimator__max_depth': 6, 'estimator__min_child_weight': 1, 'estimator__random_state': 42}",0.03599063436210516,0.05799454693120446,0.037869750305241666,0.04029670713212541,0.06181477486725849,0.06275382538843341,0.0585904735445141,0.04645832659715925,0.03450532229957629,0.02795477719537449,0.04642291386229928,0.012199106700667508,589,0.11864891809116473,0.24119645742924045,0.028398407327837605,0.02066700403787869,0.03638325860846092,0.05050658596856494,0.03875581368426939,0.0028673913716468213,0.0025635766667464477,0.32101556741915505,0.0861002980604965,0.10382520714439339,606,0.16735711752593546,0.20491798351024226,0.17227371208473763,0.17249387732608762,0.22654835006323465,0.1898865125617788,0.19731434715480983,0.1877474386673681,0.17047527330852666,0.14259692533902762,0.18316115375417485,0.022160479939809095,631
572,0.029506731033325195,0.0008068773297196827,0.005300831794738769,0.00045852111757675864,"XGBRegressor(base_score=None, booster=None, callbacks=None,
             colsample_bylevel=None, colsample_bynode=None,
             colsample_bytree=None, device=None, early_stopping_rounds=None,
             enable_categorical=False, eval_metric=None, feature_types=None,
             gamma=None, grow_policy=None, importance_type=None,
             interaction_constraints=None, learning_rate=None, max_bin=None,
             max_cat_threshold=None, max_cat_to_onehot=None,
             max_delta_step=None, max_depth=None, max_leaves=None,
             min_child_weight=None, missing=nan, monotone_constraints=None,
             multi_strategy=None, n_estimators=None, n_jobs=None,
             num_parallel_tree=None, random_state=None, ...)",,,10,,,,,0.3,6,6,10,42,,,,,,"{'estimator': XGBRegressor(base_score=None, booster=None, callbacks=None,
             colsample_bylevel=None, colsample_bynode=None,
             colsample_bytree=None, device=None, early_stopping_rounds=None,
             enable_categorical=False, eval_metric=None, feature_types=None,
             gamma=None, grow_policy=None, importance_type=None,
             interaction_constraints=None, learning_rate=None, max_bin=None,
             max_cat_threshold=None, max_cat_to_onehot=None,
             max_delta_step=None, max_depth=None, max_leaves=None,
             min_child_weight=None, missing=nan, monotone_constraints=None,
             multi_strategy=None, n_estimators=None, n_jobs=None,
             num_parallel_tree=None, random_state=None, ...), 'estimator__eta': 0.3, 'estimator__gamma': 10, 'estimator__max_delta_step': 6, 'estimator__max_depth': 6, 'estimator__min_child_weight': 10, 'estimator__random_state': 42}",0.03599063436210516,0.05799454693120446,0.037869750305241666,0.04029670713212541,0.06181477486725849,0.06275382538843341,0.0585904735445141,0.04645832659715925,0.03450532229957629,0.02795477719537449,0.04642291386229928,0.012199106700667508,589,0.11864891809116473,0.24119645742924045,0.028398407327837605,0.02066700403787869,0.03638325860846092,0.05050658596856494,0.03875581368426939,0.0028673913716468213,0.0025635766667464477,0.32101556741915505,0.0861002980604965,0.10382520714439339,606,0.16735711752593546,0.20491798351024226,0.17227371208473763,0.17249387732608762,0.22654835006323465,0.1898865125617788,0.19731434715480983,0.1877474386673681,0.17047527330852666,0.14259692533902762,0.18316115375417485,0.022160479939809095,631
573,0.029106402397155763,0.0008308118653951888,0.005201220512390137,0.0004001856560432887,"XGBRegressor(base_score=None, booster=None, callbacks=None,
             colsample_bylevel=None, colsample_bynode=None,
             colsample_bytree=None, device=None, early_stopping_rounds=None,
             enable_categorical=False, eval_metric=None, feature_types=None,
             gamma=None, grow_policy=None, importance_type=None,
             interaction_constraints=None, learning_rate=None, max_bin=None,
             max_cat_threshold=None, max_cat_to_onehot=None,
             max_delta_step=None, max_depth=None, max_leaves=None,
             min_child_weight=None, missing=nan, monotone_constraints=None,
             multi_strategy=None, n_estimators=None, n_jobs=None,
             num_parallel_tree=None, random_state=None, ...)",,,10,,,,,0.3,6,9,0,42,,,,,,"{'estimator': XGBRegressor(base_score=None, booster=None, callbacks=None,
             colsample_bylevel=None, colsample_bynode=None,
             colsample_bytree=None, device=None, early_stopping_rounds=None,
             enable_categorical=False, eval_metric=None, feature_types=None,
             gamma=None, grow_policy=None, importance_type=None,
             interaction_constraints=None, learning_rate=None, max_bin=None,
             max_cat_threshold=None, max_cat_to_onehot=None,
             max_delta_step=None, max_depth=None, max_leaves=None,
             min_child_weight=None, missing=nan, monotone_constraints=None,
             multi_strategy=None, n_estimators=None, n_jobs=None,
             num_parallel_tree=None, random_state=None, ...), 'estimator__eta': 0.3, 'estimator__gamma': 10, 'estimator__max_delta_step': 6, 'estimator__max_depth': 9, 'estimator__min_child_weight': 0, 'estimator__random_state': 42}",0.03599063436210516,0.05799454693120446,0.037869750305241666,0.04029670713212541,0.06181477486725849,0.06275382538843341,0.0585904735445141,0.04645832659715925,0.03450532229957629,0.02795477719537449,0.04642291386229928,0.012199106700667508,589,0.11864891809116473,0.24119645742924045,0.028398407327837605,0.02066700403787869,0.03638325860846092,0.05050658596856494,0.03875581368426939,0.0028673913716468213,0.0025635766667464477,0.32101556741915505,0.0861002980604965,0.10382520714439339,606,0.16735711752593546,0.20491798351024226,0.17227371208473763,0.17249387732608762,0.22654835006323465,0.1898865125617788,0.19731434715480983,0.1877474386673681,0.17047527330852666,0.14259692533902762,0.18316115375417485,0.022160479939809095,631
574,0.02900683879852295,0.0007746946836247563,0.005000948905944824,9.063042549490076e-07,"XGBRegressor(base_score=None, booster=None, callbacks=None,
             colsample_bylevel=None, colsample_bynode=None,
             colsample_bytree=None, device=None, early_stopping_rounds=None,
             enable_categorical=False, eval_metric=None, feature_types=None,
             gamma=None, grow_policy=None, importance_type=None,
             interaction_constraints=None, learning_rate=None, max_bin=None,
             max_cat_threshold=None, max_cat_to_onehot=None,
             max_delta_step=None, max_depth=None, max_leaves=None,
             min_child_weight=None, missing=nan, monotone_constraints=None,
             multi_strategy=None, n_estimators=None, n_jobs=None,
             num_parallel_tree=None, random_state=None, ...)",,,10,,,,,0.3,6,9,1,42,,,,,,"{'estimator': XGBRegressor(base_score=None, booster=None, callbacks=None,
             colsample_bylevel=None, colsample_bynode=None,
             colsample_bytree=None, device=None, early_stopping_rounds=None,
             enable_categorical=False, eval_metric=None, feature_types=None,
             gamma=None, grow_policy=None, importance_type=None,
             interaction_constraints=None, learning_rate=None, max_bin=None,
             max_cat_threshold=None, max_cat_to_onehot=None,
             max_delta_step=None, max_depth=None, max_leaves=None,
             min_child_weight=None, missing=nan, monotone_constraints=None,
             multi_strategy=None, n_estimators=None, n_jobs=None,
             num_parallel_tree=None, random_state=None, ...), 'estimator__eta': 0.3, 'estimator__gamma': 10, 'estimator__max_delta_step': 6, 'estimator__max_depth': 9, 'estimator__min_child_weight': 1, 'estimator__random_state': 42}",0.03599063436210516,0.05799454693120446,0.037869750305241666,0.04029670713212541,0.06181477486725849,0.06275382538843341,0.0585904735445141,0.04645832659715925,0.03450532229957629,0.02795477719537449,0.04642291386229928,0.012199106700667508,589,0.11864891809116473,0.24119645742924045,0.028398407327837605,0.02066700403787869,0.03638325860846092,0.05050658596856494,0.03875581368426939,0.0028673913716468213,0.0025635766667464477,0.32101556741915505,0.0861002980604965,0.10382520714439339,606,0.16735711752593546,0.20491798351024226,0.17227371208473763,0.17249387732608762,0.22654835006323465,0.1898865125617788,0.19731434715480983,0.1877474386673681,0.17047527330852666,0.14259692533902762,0.18316115375417485,0.022160479939809095,631
575,0.028906702995300293,0.000538605957869882,0.005201077461242676,0.00040043632821107035,"XGBRegressor(base_score=None, booster=None, callbacks=None,
             colsample_bylevel=None, colsample_bynode=None,
             colsample_bytree=None, device=None, early_stopping_rounds=None,
             enable_categorical=False, eval_metric=None, feature_types=None,
             gamma=None, grow_policy=None, importance_type=None,
             interaction_constraints=None, learning_rate=None, max_bin=None,
             max_cat_threshold=None, max_cat_to_onehot=None,
             max_delta_step=None, max_depth=None, max_leaves=None,
             min_child_weight=None, missing=nan, monotone_constraints=None,
             multi_strategy=None, n_estimators=None, n_jobs=None,
             num_parallel_tree=None, random_state=None, ...)",,,10,,,,,0.3,6,9,10,42,,,,,,"{'estimator': XGBRegressor(base_score=None, booster=None, callbacks=None,
             colsample_bylevel=None, colsample_bynode=None,
             colsample_bytree=None, device=None, early_stopping_rounds=None,
             enable_categorical=False, eval_metric=None, feature_types=None,
             gamma=None, grow_policy=None, importance_type=None,
             interaction_constraints=None, learning_rate=None, max_bin=None,
             max_cat_threshold=None, max_cat_to_onehot=None,
             max_delta_step=None, max_depth=None, max_leaves=None,
             min_child_weight=None, missing=nan, monotone_constraints=None,
             multi_strategy=None, n_estimators=None, n_jobs=None,
             num_parallel_tree=None, random_state=None, ...), 'estimator__eta': 0.3, 'estimator__gamma': 10, 'estimator__max_delta_step': 6, 'estimator__max_depth': 9, 'estimator__min_child_weight': 10, 'estimator__random_state': 42}",0.03599063436210516,0.05799454693120446,0.037869750305241666,0.04029670713212541,0.06181477486725849,0.06275382538843341,0.0585904735445141,0.04645832659715925,0.03450532229957629,0.02795477719537449,0.04642291386229928,0.012199106700667508,589,0.11864891809116473,0.24119645742924045,0.028398407327837605,0.02066700403787869,0.03638325860846092,0.05050658596856494,0.03875581368426939,0.0028673913716468213,0.0025635766667464477,0.32101556741915505,0.0861002980604965,0.10382520714439339,606,0.16735711752593546,0.20491798351024226,0.17227371208473763,0.17249387732608762,0.22654835006323465,0.1898865125617788,0.19731434715480983,0.1877474386673681,0.17047527330852666,0.14259692533902762,0.18316115375417485,0.022160479939809095,631
576,0.028906607627868654,0.0007000004274719681,0.004900908470153809,0.00030032019351988406,"XGBRegressor(base_score=None, booster=None, callbacks=None,
             colsample_bylevel=None, colsample_bynode=None,
             colsample_bytree=None, device=None, early_stopping_rounds=None,
             enable_categorical=False, eval_metric=None, feature_types=None,
             gamma=None, grow_policy=None, importance_type=None,
             interaction_constraints=None, learning_rate=None, max_bin=None,
             max_cat_threshold=None, max_cat_to_onehot=None,
             max_delta_step=None, max_depth=None, max_leaves=None,
             min_child_weight=None, missing=nan, monotone_constraints=None,
             multi_strategy=None, n_estimators=None, n_jobs=None,
             num_parallel_tree=None, random_state=None, ...)",,,20,,,,,0.3,0,3,0,42,,,,,,"{'estimator': XGBRegressor(base_score=None, booster=None, callbacks=None,
             colsample_bylevel=None, colsample_bynode=None,
             colsample_bytree=None, device=None, early_stopping_rounds=None,
             enable_categorical=False, eval_metric=None, feature_types=None,
             gamma=None, grow_policy=None, importance_type=None,
             interaction_constraints=None, learning_rate=None, max_bin=None,
             max_cat_threshold=None, max_cat_to_onehot=None,
             max_delta_step=None, max_depth=None, max_leaves=None,
             min_child_weight=None, missing=nan, monotone_constraints=None,
             multi_strategy=None, n_estimators=None, n_jobs=None,
             num_parallel_tree=None, random_state=None, ...), 'estimator__eta': 0.3, 'estimator__gamma': 20, 'estimator__max_delta_step': 0, 'estimator__max_depth': 3, 'estimator__min_child_weight': 0, 'estimator__random_state': 42}",0.03599063436210516,0.05799454693120446,0.037869750305241666,0.04029670713212541,0.06181477486725849,0.06275382538843341,0.0585904735445141,0.04645832659715925,0.03450532229957629,0.02795477719537449,0.04642291386229928,0.012199106700667508,589,0.11864891809116473,0.24119645742924045,0.028398407327837605,0.02066700403787869,0.03638325860846092,0.05050658596856494,0.03875581368426939,0.0028673913716468213,0.0025635766667464477,0.32101556741915505,0.0861002980604965,0.10382520714439339,606,0.16735711752593546,0.20491798351024226,0.17227371208473763,0.17249387732608762,0.22654835006323465,0.1898865125617788,0.19731434715480983,0.1877474386673681,0.17047527330852666,0.14259692533902762,0.18316115375417485,0.022160479939809095,631
577,0.028906750679016113,0.00069995285281505,0.00510101318359375,0.0003001535152599913,"XGBRegressor(base_score=None, booster=None, callbacks=None,
             colsample_bylevel=None, colsample_bynode=None,
             colsample_bytree=None, device=None, early_stopping_rounds=None,
             enable_categorical=False, eval_metric=None, feature_types=None,
             gamma=None, grow_policy=None, importance_type=None,
             interaction_constraints=None, learning_rate=None, max_bin=None,
             max_cat_threshold=None, max_cat_to_onehot=None,
             max_delta_step=None, max_depth=None, max_leaves=None,
             min_child_weight=None, missing=nan, monotone_constraints=None,
             multi_strategy=None, n_estimators=None, n_jobs=None,
             num_parallel_tree=None, random_state=None, ...)",,,20,,,,,0.3,0,3,1,42,,,,,,"{'estimator': XGBRegressor(base_score=None, booster=None, callbacks=None,
             colsample_bylevel=None, colsample_bynode=None,
             colsample_bytree=None, device=None, early_stopping_rounds=None,
             enable_categorical=False, eval_metric=None, feature_types=None,
             gamma=None, grow_policy=None, importance_type=None,
             interaction_constraints=None, learning_rate=None, max_bin=None,
             max_cat_threshold=None, max_cat_to_onehot=None,
             max_delta_step=None, max_depth=None, max_leaves=None,
             min_child_weight=None, missing=nan, monotone_constraints=None,
             multi_strategy=None, n_estimators=None, n_jobs=None,
             num_parallel_tree=None, random_state=None, ...), 'estimator__eta': 0.3, 'estimator__gamma': 20, 'estimator__max_delta_step': 0, 'estimator__max_depth': 3, 'estimator__min_child_weight': 1, 'estimator__random_state': 42}",0.03599063436210516,0.05799454693120446,0.037869750305241666,0.04029670713212541,0.06181477486725849,0.06275382538843341,0.0585904735445141,0.04645832659715925,0.03450532229957629,0.02795477719537449,0.04642291386229928,0.012199106700667508,589,0.11864891809116473,0.24119645742924045,0.028398407327837605,0.02066700403787869,0.03638325860846092,0.05050658596856494,0.03875581368426939,0.0028673913716468213,0.0025635766667464477,0.32101556741915505,0.0861002980604965,0.10382520714439339,606,0.16735711752593546,0.20491798351024226,0.17227371208473763,0.17249387732608762,0.22654835006323465,0.1898865125617788,0.19731434715480983,0.1877474386673681,0.17047527330852666,0.14259692533902762,0.18316115375417485,0.022160479939809095,631
578,0.028806567192077637,0.0006001794692337805,0.005000925064086914,6.14361702286011e-07,"XGBRegressor(base_score=None, booster=None, callbacks=None,
             colsample_bylevel=None, colsample_bynode=None,
             colsample_bytree=None, device=None, early_stopping_rounds=None,
             enable_categorical=False, eval_metric=None, feature_types=None,
             gamma=None, grow_policy=None, importance_type=None,
             interaction_constraints=None, learning_rate=None, max_bin=None,
             max_cat_threshold=None, max_cat_to_onehot=None,
             max_delta_step=None, max_depth=None, max_leaves=None,
             min_child_weight=None, missing=nan, monotone_constraints=None,
             multi_strategy=None, n_estimators=None, n_jobs=None,
             num_parallel_tree=None, random_state=None, ...)",,,20,,,,,0.3,0,3,10,42,,,,,,"{'estimator': XGBRegressor(base_score=None, booster=None, callbacks=None,
             colsample_bylevel=None, colsample_bynode=None,
             colsample_bytree=None, device=None, early_stopping_rounds=None,
             enable_categorical=False, eval_metric=None, feature_types=None,
             gamma=None, grow_policy=None, importance_type=None,
             interaction_constraints=None, learning_rate=None, max_bin=None,
             max_cat_threshold=None, max_cat_to_onehot=None,
             max_delta_step=None, max_depth=None, max_leaves=None,
             min_child_weight=None, missing=nan, monotone_constraints=None,
             multi_strategy=None, n_estimators=None, n_jobs=None,
             num_parallel_tree=None, random_state=None, ...), 'estimator__eta': 0.3, 'estimator__gamma': 20, 'estimator__max_delta_step': 0, 'estimator__max_depth': 3, 'estimator__min_child_weight': 10, 'estimator__random_state': 42}",0.03599063436210516,0.05799454693120446,0.037869750305241666,0.04029670713212541,0.06181477486725849,0.06275382538843341,0.0585904735445141,0.04645832659715925,0.03450532229957629,0.02795477719537449,0.04642291386229928,0.012199106700667508,589,0.11864891809116473,0.24119645742924045,0.028398407327837605,0.02066700403787869,0.03638325860846092,0.05050658596856494,0.03875581368426939,0.0028673913716468213,0.0025635766667464477,0.32101556741915505,0.0861002980604965,0.10382520714439339,606,0.16735711752593546,0.20491798351024226,0.17227371208473763,0.17249387732608762,0.22654835006323465,0.1898865125617788,0.19731434715480983,0.1877474386673681,0.17047527330852666,0.14259692533902762,0.18316115375417485,0.022160479939809095,631
579,0.02900667190551758,0.0008945757755888643,0.00510101318359375,0.0003000740025201355,"XGBRegressor(base_score=None, booster=None, callbacks=None,
             colsample_bylevel=None, colsample_bynode=None,
             colsample_bytree=None, device=None, early_stopping_rounds=None,
             enable_categorical=False, eval_metric=None, feature_types=None,
             gamma=None, grow_policy=None, importance_type=None,
             interaction_constraints=None, learning_rate=None, max_bin=None,
             max_cat_threshold=None, max_cat_to_onehot=None,
             max_delta_step=None, max_depth=None, max_leaves=None,
             min_child_weight=None, missing=nan, monotone_constraints=None,
             multi_strategy=None, n_estimators=None, n_jobs=None,
             num_parallel_tree=None, random_state=None, ...)",,,20,,,,,0.3,0,6,0,42,,,,,,"{'estimator': XGBRegressor(base_score=None, booster=None, callbacks=None,
             colsample_bylevel=None, colsample_bynode=None,
             colsample_bytree=None, device=None, early_stopping_rounds=None,
             enable_categorical=False, eval_metric=None, feature_types=None,
             gamma=None, grow_policy=None, importance_type=None,
             interaction_constraints=None, learning_rate=None, max_bin=None,
             max_cat_threshold=None, max_cat_to_onehot=None,
             max_delta_step=None, max_depth=None, max_leaves=None,
             min_child_weight=None, missing=nan, monotone_constraints=None,
             multi_strategy=None, n_estimators=None, n_jobs=None,
             num_parallel_tree=None, random_state=None, ...), 'estimator__eta': 0.3, 'estimator__gamma': 20, 'estimator__max_delta_step': 0, 'estimator__max_depth': 6, 'estimator__min_child_weight': 0, 'estimator__random_state': 42}",0.03599063436210516,0.05799454693120446,0.037869750305241666,0.04029670713212541,0.06181477486725849,0.06275382538843341,0.0585904735445141,0.04645832659715925,0.03450532229957629,0.02795477719537449,0.04642291386229928,0.012199106700667508,589,0.11864891809116473,0.24119645742924045,0.028398407327837605,0.02066700403787869,0.03638325860846092,0.05050658596856494,0.03875581368426939,0.0028673913716468213,0.0025635766667464477,0.32101556741915505,0.0861002980604965,0.10382520714439339,606,0.16735711752593546,0.20491798351024226,0.17227371208473763,0.17249387732608762,0.22654835006323465,0.1898865125617788,0.19731434715480983,0.1877474386673681,0.17047527330852666,0.14259692533902762,0.18316115375417485,0.022160479939809095,631
580,0.02920682430267334,0.0007485959326405249,0.005100870132446289,0.00030012147783432764,"XGBRegressor(base_score=None, booster=None, callbacks=None,
             colsample_bylevel=None, colsample_bynode=None,
             colsample_bytree=None, device=None, early_stopping_rounds=None,
             enable_categorical=False, eval_metric=None, feature_types=None,
             gamma=None, grow_policy=None, importance_type=None,
             interaction_constraints=None, learning_rate=None, max_bin=None,
             max_cat_threshold=None, max_cat_to_onehot=None,
             max_delta_step=None, max_depth=None, max_leaves=None,
             min_child_weight=None, missing=nan, monotone_constraints=None,
             multi_strategy=None, n_estimators=None, n_jobs=None,
             num_parallel_tree=None, random_state=None, ...)",,,20,,,,,0.3,0,6,1,42,,,,,,"{'estimator': XGBRegressor(base_score=None, booster=None, callbacks=None,
             colsample_bylevel=None, colsample_bynode=None,
             colsample_bytree=None, device=None, early_stopping_rounds=None,
             enable_categorical=False, eval_metric=None, feature_types=None,
             gamma=None, grow_policy=None, importance_type=None,
             interaction_constraints=None, learning_rate=None, max_bin=None,
             max_cat_threshold=None, max_cat_to_onehot=None,
             max_delta_step=None, max_depth=None, max_leaves=None,
             min_child_weight=None, missing=nan, monotone_constraints=None,
             multi_strategy=None, n_estimators=None, n_jobs=None,
             num_parallel_tree=None, random_state=None, ...), 'estimator__eta': 0.3, 'estimator__gamma': 20, 'estimator__max_delta_step': 0, 'estimator__max_depth': 6, 'estimator__min_child_weight': 1, 'estimator__random_state': 42}",0.03599063436210516,0.05799454693120446,0.037869750305241666,0.04029670713212541,0.06181477486725849,0.06275382538843341,0.0585904735445141,0.04645832659715925,0.03450532229957629,0.02795477719537449,0.04642291386229928,0.012199106700667508,589,0.11864891809116473,0.24119645742924045,0.028398407327837605,0.02066700403787869,0.03638325860846092,0.05050658596856494,0.03875581368426939,0.0028673913716468213,0.0025635766667464477,0.32101556741915505,0.0861002980604965,0.10382520714439339,606,0.16735711752593546,0.20491798351024226,0.17227371208473763,0.17249387732608762,0.22654835006323465,0.1898865125617788,0.19731434715480983,0.1877474386673681,0.17047527330852666,0.14259692533902762,0.18316115375417485,0.022160479939809095,631
581,0.02894327640533447,0.0007635030114187958,0.004964184761047363,0.00010985571916783987,"XGBRegressor(base_score=None, booster=None, callbacks=None,
             colsample_bylevel=None, colsample_bynode=None,
             colsample_bytree=None, device=None, early_stopping_rounds=None,
             enable_categorical=False, eval_metric=None, feature_types=None,
             gamma=None, grow_policy=None, importance_type=None,
             interaction_constraints=None, learning_rate=None, max_bin=None,
             max_cat_threshold=None, max_cat_to_onehot=None,
             max_delta_step=None, max_depth=None, max_leaves=None,
             min_child_weight=None, missing=nan, monotone_constraints=None,
             multi_strategy=None, n_estimators=None, n_jobs=None,
             num_parallel_tree=None, random_state=None, ...)",,,20,,,,,0.3,0,6,10,42,,,,,,"{'estimator': XGBRegressor(base_score=None, booster=None, callbacks=None,
             colsample_bylevel=None, colsample_bynode=None,
             colsample_bytree=None, device=None, early_stopping_rounds=None,
             enable_categorical=False, eval_metric=None, feature_types=None,
             gamma=None, grow_policy=None, importance_type=None,
             interaction_constraints=None, learning_rate=None, max_bin=None,
             max_cat_threshold=None, max_cat_to_onehot=None,
             max_delta_step=None, max_depth=None, max_leaves=None,
             min_child_weight=None, missing=nan, monotone_constraints=None,
             multi_strategy=None, n_estimators=None, n_jobs=None,
             num_parallel_tree=None, random_state=None, ...), 'estimator__eta': 0.3, 'estimator__gamma': 20, 'estimator__max_delta_step': 0, 'estimator__max_depth': 6, 'estimator__min_child_weight': 10, 'estimator__random_state': 42}",0.03599063436210516,0.05799454693120446,0.037869750305241666,0.04029670713212541,0.06181477486725849,0.06275382538843341,0.0585904735445141,0.04645832659715925,0.03450532229957629,0.02795477719537449,0.04642291386229928,0.012199106700667508,589,0.11864891809116473,0.24119645742924045,0.028398407327837605,0.02066700403787869,0.03638325860846092,0.05050658596856494,0.03875581368426939,0.0028673913716468213,0.0025635766667464477,0.32101556741915505,0.0861002980604965,0.10382520714439339,606,0.16735711752593546,0.20491798351024226,0.17227371208473763,0.17249387732608762,0.22654835006323465,0.1898865125617788,0.19731434715480983,0.1877474386673681,0.17047527330852666,0.14259692533902762,0.18316115375417485,0.022160479939809095,631
582,0.028406524658203126,0.0007999719960107411,0.005001044273376465,0.0006325608447749885,"XGBRegressor(base_score=None, booster=None, callbacks=None,
             colsample_bylevel=None, colsample_bynode=None,
             colsample_bytree=None, device=None, early_stopping_rounds=None,
             enable_categorical=False, eval_metric=None, feature_types=None,
             gamma=None, grow_policy=None, importance_type=None,
             interaction_constraints=None, learning_rate=None, max_bin=None,
             max_cat_threshold=None, max_cat_to_onehot=None,
             max_delta_step=None, max_depth=None, max_leaves=None,
             min_child_weight=None, missing=nan, monotone_constraints=None,
             multi_strategy=None, n_estimators=None, n_jobs=None,
             num_parallel_tree=None, random_state=None, ...)",,,20,,,,,0.3,0,9,0,42,,,,,,"{'estimator': XGBRegressor(base_score=None, booster=None, callbacks=None,
             colsample_bylevel=None, colsample_bynode=None,
             colsample_bytree=None, device=None, early_stopping_rounds=None,
             enable_categorical=False, eval_metric=None, feature_types=None,
             gamma=None, grow_policy=None, importance_type=None,
             interaction_constraints=None, learning_rate=None, max_bin=None,
             max_cat_threshold=None, max_cat_to_onehot=None,
             max_delta_step=None, max_depth=None, max_leaves=None,
             min_child_weight=None, missing=nan, monotone_constraints=None,
             multi_strategy=None, n_estimators=None, n_jobs=None,
             num_parallel_tree=None, random_state=None, ...), 'estimator__eta': 0.3, 'estimator__gamma': 20, 'estimator__max_delta_step': 0, 'estimator__max_depth': 9, 'estimator__min_child_weight': 0, 'estimator__random_state': 42}",0.03599063436210516,0.05799454693120446,0.037869750305241666,0.04029670713212541,0.06181477486725849,0.06275382538843341,0.0585904735445141,0.04645832659715925,0.03450532229957629,0.02795477719537449,0.04642291386229928,0.012199106700667508,589,0.11864891809116473,0.24119645742924045,0.028398407327837605,0.02066700403787869,0.03638325860846092,0.05050658596856494,0.03875581368426939,0.0028673913716468213,0.0025635766667464477,0.32101556741915505,0.0861002980604965,0.10382520714439339,606,0.16735711752593546,0.20491798351024226,0.17227371208473763,0.17249387732608762,0.22654835006323465,0.1898865125617788,0.19731434715480983,0.1877474386673681,0.17047527330852666,0.14259692533902762,0.18316115375417485,0.022160479939809095,631
583,0.03240723609924316,0.011238251505467005,0.005101156234741211,0.00029994663974803557,"XGBRegressor(base_score=None, booster=None, callbacks=None,
             colsample_bylevel=None, colsample_bynode=None,
             colsample_bytree=None, device=None, early_stopping_rounds=None,
             enable_categorical=False, eval_metric=None, feature_types=None,
             gamma=None, grow_policy=None, importance_type=None,
             interaction_constraints=None, learning_rate=None, max_bin=None,
             max_cat_threshold=None, max_cat_to_onehot=None,
             max_delta_step=None, max_depth=None, max_leaves=None,
             min_child_weight=None, missing=nan, monotone_constraints=None,
             multi_strategy=None, n_estimators=None, n_jobs=None,
             num_parallel_tree=None, random_state=None, ...)",,,20,,,,,0.3,0,9,1,42,,,,,,"{'estimator': XGBRegressor(base_score=None, booster=None, callbacks=None,
             colsample_bylevel=None, colsample_bynode=None,
             colsample_bytree=None, device=None, early_stopping_rounds=None,
             enable_categorical=False, eval_metric=None, feature_types=None,
             gamma=None, grow_policy=None, importance_type=None,
             interaction_constraints=None, learning_rate=None, max_bin=None,
             max_cat_threshold=None, max_cat_to_onehot=None,
             max_delta_step=None, max_depth=None, max_leaves=None,
             min_child_weight=None, missing=nan, monotone_constraints=None,
             multi_strategy=None, n_estimators=None, n_jobs=None,
             num_parallel_tree=None, random_state=None, ...), 'estimator__eta': 0.3, 'estimator__gamma': 20, 'estimator__max_delta_step': 0, 'estimator__max_depth': 9, 'estimator__min_child_weight': 1, 'estimator__random_state': 42}",0.03599063436210516,0.05799454693120446,0.037869750305241666,0.04029670713212541,0.06181477486725849,0.06275382538843341,0.0585904735445141,0.04645832659715925,0.03450532229957629,0.02795477719537449,0.04642291386229928,0.012199106700667508,589,0.11864891809116473,0.24119645742924045,0.028398407327837605,0.02066700403787869,0.03638325860846092,0.05050658596856494,0.03875581368426939,0.0028673913716468213,0.0025635766667464477,0.32101556741915505,0.0861002980604965,0.10382520714439339,606,0.16735711752593546,0.20491798351024226,0.17227371208473763,0.17249387732608762,0.22654835006323465,0.1898865125617788,0.19731434715480983,0.1877474386673681,0.17047527330852666,0.14259692533902762,0.18316115375417485,0.022160479939809095,631
584,0.029106998443603517,0.001044270225851105,0.005300641059875488,0.0006401211026036346,"XGBRegressor(base_score=None, booster=None, callbacks=None,
             colsample_bylevel=None, colsample_bynode=None,
             colsample_bytree=None, device=None, early_stopping_rounds=None,
             enable_categorical=False, eval_metric=None, feature_types=None,
             gamma=None, grow_policy=None, importance_type=None,
             interaction_constraints=None, learning_rate=None, max_bin=None,
             max_cat_threshold=None, max_cat_to_onehot=None,
             max_delta_step=None, max_depth=None, max_leaves=None,
             min_child_weight=None, missing=nan, monotone_constraints=None,
             multi_strategy=None, n_estimators=None, n_jobs=None,
             num_parallel_tree=None, random_state=None, ...)",,,20,,,,,0.3,0,9,10,42,,,,,,"{'estimator': XGBRegressor(base_score=None, booster=None, callbacks=None,
             colsample_bylevel=None, colsample_bynode=None,
             colsample_bytree=None, device=None, early_stopping_rounds=None,
             enable_categorical=False, eval_metric=None, feature_types=None,
             gamma=None, grow_policy=None, importance_type=None,
             interaction_constraints=None, learning_rate=None, max_bin=None,
             max_cat_threshold=None, max_cat_to_onehot=None,
             max_delta_step=None, max_depth=None, max_leaves=None,
             min_child_weight=None, missing=nan, monotone_constraints=None,
             multi_strategy=None, n_estimators=None, n_jobs=None,
             num_parallel_tree=None, random_state=None, ...), 'estimator__eta': 0.3, 'estimator__gamma': 20, 'estimator__max_delta_step': 0, 'estimator__max_depth': 9, 'estimator__min_child_weight': 10, 'estimator__random_state': 42}",0.03599063436210516,0.05799454693120446,0.037869750305241666,0.04029670713212541,0.06181477486725849,0.06275382538843341,0.0585904735445141,0.04645832659715925,0.03450532229957629,0.02795477719537449,0.04642291386229928,0.012199106700667508,589,0.11864891809116473,0.24119645742924045,0.028398407327837605,0.02066700403787869,0.03638325860846092,0.05050658596856494,0.03875581368426939,0.0028673913716468213,0.0025635766667464477,0.32101556741915505,0.0861002980604965,0.10382520714439339,606,0.16735711752593546,0.20491798351024226,0.17227371208473763,0.17249387732608762,0.22654835006323465,0.1898865125617788,0.19731434715480983,0.1877474386673681,0.17047527330852666,0.14259692533902762,0.18316115375417485,0.022160479939809095,631
585,0.029706573486328124,0.0008998500770176919,0.0051010847091674805,0.000299891116188181,"XGBRegressor(base_score=None, booster=None, callbacks=None,
             colsample_bylevel=None, colsample_bynode=None,
             colsample_bytree=None, device=None, early_stopping_rounds=None,
             enable_categorical=False, eval_metric=None, feature_types=None,
             gamma=None, grow_policy=None, importance_type=None,
             interaction_constraints=None, learning_rate=None, max_bin=None,
             max_cat_threshold=None, max_cat_to_onehot=None,
             max_delta_step=None, max_depth=None, max_leaves=None,
             min_child_weight=None, missing=nan, monotone_constraints=None,
             multi_strategy=None, n_estimators=None, n_jobs=None,
             num_parallel_tree=None, random_state=None, ...)",,,20,,,,,0.3,3,3,0,42,,,,,,"{'estimator': XGBRegressor(base_score=None, booster=None, callbacks=None,
             colsample_bylevel=None, colsample_bynode=None,
             colsample_bytree=None, device=None, early_stopping_rounds=None,
             enable_categorical=False, eval_metric=None, feature_types=None,
             gamma=None, grow_policy=None, importance_type=None,
             interaction_constraints=None, learning_rate=None, max_bin=None,
             max_cat_threshold=None, max_cat_to_onehot=None,
             max_delta_step=None, max_depth=None, max_leaves=None,
             min_child_weight=None, missing=nan, monotone_constraints=None,
             multi_strategy=None, n_estimators=None, n_jobs=None,
             num_parallel_tree=None, random_state=None, ...), 'estimator__eta': 0.3, 'estimator__gamma': 20, 'estimator__max_delta_step': 3, 'estimator__max_depth': 3, 'estimator__min_child_weight': 0, 'estimator__random_state': 42}",0.03599063436210516,0.05799454693120446,0.037869750305241666,0.04029670713212541,0.06181477486725849,0.06275382538843341,0.0585904735445141,0.04645832659715925,0.03450532229957629,0.02795477719537449,0.04642291386229928,0.012199106700667508,589,0.11864891809116473,0.24119645742924045,0.028398407327837605,0.02066700403787869,0.03638325860846092,0.05050658596856494,0.03875581368426939,0.0028673913716468213,0.0025635766667464477,0.32101556741915505,0.0861002980604965,0.10382520714439339,606,0.16735711752593546,0.20491798351024226,0.17227371208473763,0.17249387732608762,0.22654835006323465,0.1898865125617788,0.19731434715480983,0.1877474386673681,0.17047527330852666,0.14259692533902762,0.18316115375417485,0.022160479939809095,631
586,0.030206966400146484,0.0008721323910101338,0.005301046371459961,0.000458328621160396,"XGBRegressor(base_score=None, booster=None, callbacks=None,
             colsample_bylevel=None, colsample_bynode=None,
             colsample_bytree=None, device=None, early_stopping_rounds=None,
             enable_categorical=False, eval_metric=None, feature_types=None,
             gamma=None, grow_policy=None, importance_type=None,
             interaction_constraints=None, learning_rate=None, max_bin=None,
             max_cat_threshold=None, max_cat_to_onehot=None,
             max_delta_step=None, max_depth=None, max_leaves=None,
             min_child_weight=None, missing=nan, monotone_constraints=None,
             multi_strategy=None, n_estimators=None, n_jobs=None,
             num_parallel_tree=None, random_state=None, ...)",,,20,,,,,0.3,3,3,1,42,,,,,,"{'estimator': XGBRegressor(base_score=None, booster=None, callbacks=None,
             colsample_bylevel=None, colsample_bynode=None,
             colsample_bytree=None, device=None, early_stopping_rounds=None,
             enable_categorical=False, eval_metric=None, feature_types=None,
             gamma=None, grow_policy=None, importance_type=None,
             interaction_constraints=None, learning_rate=None, max_bin=None,
             max_cat_threshold=None, max_cat_to_onehot=None,
             max_delta_step=None, max_depth=None, max_leaves=None,
             min_child_weight=None, missing=nan, monotone_constraints=None,
             multi_strategy=None, n_estimators=None, n_jobs=None,
             num_parallel_tree=None, random_state=None, ...), 'estimator__eta': 0.3, 'estimator__gamma': 20, 'estimator__max_delta_step': 3, 'estimator__max_depth': 3, 'estimator__min_child_weight': 1, 'estimator__random_state': 42}",0.03599063436210516,0.05799454693120446,0.037869750305241666,0.04029670713212541,0.06181477486725849,0.06275382538843341,0.0585904735445141,0.04645832659715925,0.03450532229957629,0.02795477719537449,0.04642291386229928,0.012199106700667508,589,0.11864891809116473,0.24119645742924045,0.028398407327837605,0.02066700403787869,0.03638325860846092,0.05050658596856494,0.03875581368426939,0.0028673913716468213,0.0025635766667464477,0.32101556741915505,0.0861002980604965,0.10382520714439339,606,0.16735711752593546,0.20491798351024226,0.17227371208473763,0.17249387732608762,0.22654835006323465,0.1898865125617788,0.19731434715480983,0.1877474386673681,0.17047527330852666,0.14259692533902762,0.18316115375417485,0.022160479939809095,631
587,0.030407357215881347,0.00210785612573354,0.005100750923156738,0.0005387123740307329,"XGBRegressor(base_score=None, booster=None, callbacks=None,
             colsample_bylevel=None, colsample_bynode=None,
             colsample_bytree=None, device=None, early_stopping_rounds=None,
             enable_categorical=False, eval_metric=None, feature_types=None,
             gamma=None, grow_policy=None, importance_type=None,
             interaction_constraints=None, learning_rate=None, max_bin=None,
             max_cat_threshold=None, max_cat_to_onehot=None,
             max_delta_step=None, max_depth=None, max_leaves=None,
             min_child_weight=None, missing=nan, monotone_constraints=None,
             multi_strategy=None, n_estimators=None, n_jobs=None,
             num_parallel_tree=None, random_state=None, ...)",,,20,,,,,0.3,3,3,10,42,,,,,,"{'estimator': XGBRegressor(base_score=None, booster=None, callbacks=None,
             colsample_bylevel=None, colsample_bynode=None,
             colsample_bytree=None, device=None, early_stopping_rounds=None,
             enable_categorical=False, eval_metric=None, feature_types=None,
             gamma=None, grow_policy=None, importance_type=None,
             interaction_constraints=None, learning_rate=None, max_bin=None,
             max_cat_threshold=None, max_cat_to_onehot=None,
             max_delta_step=None, max_depth=None, max_leaves=None,
             min_child_weight=None, missing=nan, monotone_constraints=None,
             multi_strategy=None, n_estimators=None, n_jobs=None,
             num_parallel_tree=None, random_state=None, ...), 'estimator__eta': 0.3, 'estimator__gamma': 20, 'estimator__max_delta_step': 3, 'estimator__max_depth': 3, 'estimator__min_child_weight': 10, 'estimator__random_state': 42}",0.03599063436210516,0.05799454693120446,0.037869750305241666,0.04029670713212541,0.06181477486725849,0.06275382538843341,0.0585904735445141,0.04645832659715925,0.03450532229957629,0.02795477719537449,0.04642291386229928,0.012199106700667508,589,0.11864891809116473,0.24119645742924045,0.028398407327837605,0.02066700403787869,0.03638325860846092,0.05050658596856494,0.03875581368426939,0.0028673913716468213,0.0025635766667464477,0.32101556741915505,0.0861002980604965,0.10382520714439339,606,0.16735711752593546,0.20491798351024226,0.17227371208473763,0.17249387732608762,0.22654835006323465,0.1898865125617788,0.19731434715480983,0.1877474386673681,0.17047527330852666,0.14259692533902762,0.18316115375417485,0.022160479939809095,631
588,0.028806734085083007,0.0010773533896949947,0.005301165580749512,0.0004587707896089615,"XGBRegressor(base_score=None, booster=None, callbacks=None,
             colsample_bylevel=None, colsample_bynode=None,
             colsample_bytree=None, device=None, early_stopping_rounds=None,
             enable_categorical=False, eval_metric=None, feature_types=None,
             gamma=None, grow_policy=None, importance_type=None,
             interaction_constraints=None, learning_rate=None, max_bin=None,
             max_cat_threshold=None, max_cat_to_onehot=None,
             max_delta_step=None, max_depth=None, max_leaves=None,
             min_child_weight=None, missing=nan, monotone_constraints=None,
             multi_strategy=None, n_estimators=None, n_jobs=None,
             num_parallel_tree=None, random_state=None, ...)",,,20,,,,,0.3,3,6,0,42,,,,,,"{'estimator': XGBRegressor(base_score=None, booster=None, callbacks=None,
             colsample_bylevel=None, colsample_bynode=None,
             colsample_bytree=None, device=None, early_stopping_rounds=None,
             enable_categorical=False, eval_metric=None, feature_types=None,
             gamma=None, grow_policy=None, importance_type=None,
             interaction_constraints=None, learning_rate=None, max_bin=None,
             max_cat_threshold=None, max_cat_to_onehot=None,
             max_delta_step=None, max_depth=None, max_leaves=None,
             min_child_weight=None, missing=nan, monotone_constraints=None,
             multi_strategy=None, n_estimators=None, n_jobs=None,
             num_parallel_tree=None, random_state=None, ...), 'estimator__eta': 0.3, 'estimator__gamma': 20, 'estimator__max_delta_step': 3, 'estimator__max_depth': 6, 'estimator__min_child_weight': 0, 'estimator__random_state': 42}",0.03599063436210516,0.05799454693120446,0.037869750305241666,0.04029670713212541,0.06181477486725849,0.06275382538843341,0.0585904735445141,0.04645832659715925,0.03450532229957629,0.02795477719537449,0.04642291386229928,0.012199106700667508,589,0.11864891809116473,0.24119645742924045,0.028398407327837605,0.02066700403787869,0.03638325860846092,0.05050658596856494,0.03875581368426939,0.0028673913716468213,0.0025635766667464477,0.32101556741915505,0.0861002980604965,0.10382520714439339,606,0.16735711752593546,0.20491798351024226,0.17227371208473763,0.17249387732608762,0.22654835006323465,0.1898865125617788,0.19731434715480983,0.1877474386673681,0.17047527330852666,0.14259692533902762,0.18316115375417485,0.022160479939809095,631
589,0.028806495666503906,0.0006000759182993744,0.005000877380371094,2.78041453115716e-07,"XGBRegressor(base_score=None, booster=None, callbacks=None,
             colsample_bylevel=None, colsample_bynode=None,
             colsample_bytree=None, device=None, early_stopping_rounds=None,
             enable_categorical=False, eval_metric=None, feature_types=None,
             gamma=None, grow_policy=None, importance_type=None,
             interaction_constraints=None, learning_rate=None, max_bin=None,
             max_cat_threshold=None, max_cat_to_onehot=None,
             max_delta_step=None, max_depth=None, max_leaves=None,
             min_child_weight=None, missing=nan, monotone_constraints=None,
             multi_strategy=None, n_estimators=None, n_jobs=None,
             num_parallel_tree=None, random_state=None, ...)",,,20,,,,,0.3,3,6,1,42,,,,,,"{'estimator': XGBRegressor(base_score=None, booster=None, callbacks=None,
             colsample_bylevel=None, colsample_bynode=None,
             colsample_bytree=None, device=None, early_stopping_rounds=None,
             enable_categorical=False, eval_metric=None, feature_types=None,
             gamma=None, grow_policy=None, importance_type=None,
             interaction_constraints=None, learning_rate=None, max_bin=None,
             max_cat_threshold=None, max_cat_to_onehot=None,
             max_delta_step=None, max_depth=None, max_leaves=None,
             min_child_weight=None, missing=nan, monotone_constraints=None,
             multi_strategy=None, n_estimators=None, n_jobs=None,
             num_parallel_tree=None, random_state=None, ...), 'estimator__eta': 0.3, 'estimator__gamma': 20, 'estimator__max_delta_step': 3, 'estimator__max_depth': 6, 'estimator__min_child_weight': 1, 'estimator__random_state': 42}",0.03599063436210516,0.05799454693120446,0.037869750305241666,0.04029670713212541,0.06181477486725849,0.06275382538843341,0.0585904735445141,0.04645832659715925,0.03450532229957629,0.02795477719537449,0.04642291386229928,0.012199106700667508,589,0.11864891809116473,0.24119645742924045,0.028398407327837605,0.02066700403787869,0.03638325860846092,0.05050658596856494,0.03875581368426939,0.0028673913716468213,0.0025635766667464477,0.32101556741915505,0.0861002980604965,0.10382520714439339,606,0.16735711752593546,0.20491798351024226,0.17227371208473763,0.17249387732608762,0.22654835006323465,0.1898865125617788,0.19731434715480983,0.1877474386673681,0.17047527330852666,0.14259692533902762,0.18316115375417485,0.022160479939809095,631
590,0.028806495666503906,0.0006000361126745847,0.005101060867309571,0.0003002168452118192,"XGBRegressor(base_score=None, booster=None, callbacks=None,
             colsample_bylevel=None, colsample_bynode=None,
             colsample_bytree=None, device=None, early_stopping_rounds=None,
             enable_categorical=False, eval_metric=None, feature_types=None,
             gamma=None, grow_policy=None, importance_type=None,
             interaction_constraints=None, learning_rate=None, max_bin=None,
             max_cat_threshold=None, max_cat_to_onehot=None,
             max_delta_step=None, max_depth=None, max_leaves=None,
             min_child_weight=None, missing=nan, monotone_constraints=None,
             multi_strategy=None, n_estimators=None, n_jobs=None,
             num_parallel_tree=None, random_state=None, ...)",,,20,,,,,0.3,3,6,10,42,,,,,,"{'estimator': XGBRegressor(base_score=None, booster=None, callbacks=None,
             colsample_bylevel=None, colsample_bynode=None,
             colsample_bytree=None, device=None, early_stopping_rounds=None,
             enable_categorical=False, eval_metric=None, feature_types=None,
             gamma=None, grow_policy=None, importance_type=None,
             interaction_constraints=None, learning_rate=None, max_bin=None,
             max_cat_threshold=None, max_cat_to_onehot=None,
             max_delta_step=None, max_depth=None, max_leaves=None,
             min_child_weight=None, missing=nan, monotone_constraints=None,
             multi_strategy=None, n_estimators=None, n_jobs=None,
             num_parallel_tree=None, random_state=None, ...), 'estimator__eta': 0.3, 'estimator__gamma': 20, 'estimator__max_delta_step': 3, 'estimator__max_depth': 6, 'estimator__min_child_weight': 10, 'estimator__random_state': 42}",0.03599063436210516,0.05799454693120446,0.037869750305241666,0.04029670713212541,0.06181477486725849,0.06275382538843341,0.0585904735445141,0.04645832659715925,0.03450532229957629,0.02795477719537449,0.04642291386229928,0.012199106700667508,589,0.11864891809116473,0.24119645742924045,0.028398407327837605,0.02066700403787869,0.03638325860846092,0.05050658596856494,0.03875581368426939,0.0028673913716468213,0.0025635766667464477,0.32101556741915505,0.0861002980604965,0.10382520714439339,606,0.16735711752593546,0.20491798351024226,0.17227371208473763,0.17249387732608762,0.22654835006323465,0.1898865125617788,0.19731434715480983,0.1877474386673681,0.17047527330852666,0.14259692533902762,0.18316115375417485,0.022160479939809095,631
591,0.02880675792694092,0.0007486341717136708,0.005201005935668945,0.0004002930961521814,"XGBRegressor(base_score=None, booster=None, callbacks=None,
             colsample_bylevel=None, colsample_bynode=None,
             colsample_bytree=None, device=None, early_stopping_rounds=None,
             enable_categorical=False, eval_metric=None, feature_types=None,
             gamma=None, grow_policy=None, importance_type=None,
             interaction_constraints=None, learning_rate=None, max_bin=None,
             max_cat_threshold=None, max_cat_to_onehot=None,
             max_delta_step=None, max_depth=None, max_leaves=None,
             min_child_weight=None, missing=nan, monotone_constraints=None,
             multi_strategy=None, n_estimators=None, n_jobs=None,
             num_parallel_tree=None, random_state=None, ...)",,,20,,,,,0.3,3,9,0,42,,,,,,"{'estimator': XGBRegressor(base_score=None, booster=None, callbacks=None,
             colsample_bylevel=None, colsample_bynode=None,
             colsample_bytree=None, device=None, early_stopping_rounds=None,
             enable_categorical=False, eval_metric=None, feature_types=None,
             gamma=None, grow_policy=None, importance_type=None,
             interaction_constraints=None, learning_rate=None, max_bin=None,
             max_cat_threshold=None, max_cat_to_onehot=None,
             max_delta_step=None, max_depth=None, max_leaves=None,
             min_child_weight=None, missing=nan, monotone_constraints=None,
             multi_strategy=None, n_estimators=None, n_jobs=None,
             num_parallel_tree=None, random_state=None, ...), 'estimator__eta': 0.3, 'estimator__gamma': 20, 'estimator__max_delta_step': 3, 'estimator__max_depth': 9, 'estimator__min_child_weight': 0, 'estimator__random_state': 42}",0.03599063436210516,0.05799454693120446,0.037869750305241666,0.04029670713212541,0.06181477486725849,0.06275382538843341,0.0585904735445141,0.04645832659715925,0.03450532229957629,0.02795477719537449,0.04642291386229928,0.012199106700667508,589,0.11864891809116473,0.24119645742924045,0.028398407327837605,0.02066700403787869,0.03638325860846092,0.05050658596856494,0.03875581368426939,0.0028673913716468213,0.0025635766667464477,0.32101556741915505,0.0861002980604965,0.10382520714439339,606,0.16735711752593546,0.20491798351024226,0.17227371208473763,0.17249387732608762,0.22654835006323465,0.1898865125617788,0.19731434715480983,0.1877474386673681,0.17047527330852666,0.14259692533902762,0.18316115375417485,0.022160479939809095,631
592,0.028907012939453126,0.0006999903121186729,0.005000758171081543,0.0004471282994794352,"XGBRegressor(base_score=None, booster=None, callbacks=None,
             colsample_bylevel=None, colsample_bynode=None,
             colsample_bytree=None, device=None, early_stopping_rounds=None,
             enable_categorical=False, eval_metric=None, feature_types=None,
             gamma=None, grow_policy=None, importance_type=None,
             interaction_constraints=None, learning_rate=None, max_bin=None,
             max_cat_threshold=None, max_cat_to_onehot=None,
             max_delta_step=None, max_depth=None, max_leaves=None,
             min_child_weight=None, missing=nan, monotone_constraints=None,
             multi_strategy=None, n_estimators=None, n_jobs=None,
             num_parallel_tree=None, random_state=None, ...)",,,20,,,,,0.3,3,9,1,42,,,,,,"{'estimator': XGBRegressor(base_score=None, booster=None, callbacks=None,
             colsample_bylevel=None, colsample_bynode=None,
             colsample_bytree=None, device=None, early_stopping_rounds=None,
             enable_categorical=False, eval_metric=None, feature_types=None,
             gamma=None, grow_policy=None, importance_type=None,
             interaction_constraints=None, learning_rate=None, max_bin=None,
             max_cat_threshold=None, max_cat_to_onehot=None,
             max_delta_step=None, max_depth=None, max_leaves=None,
             min_child_weight=None, missing=nan, monotone_constraints=None,
             multi_strategy=None, n_estimators=None, n_jobs=None,
             num_parallel_tree=None, random_state=None, ...), 'estimator__eta': 0.3, 'estimator__gamma': 20, 'estimator__max_delta_step': 3, 'estimator__max_depth': 9, 'estimator__min_child_weight': 1, 'estimator__random_state': 42}",0.03599063436210516,0.05799454693120446,0.037869750305241666,0.04029670713212541,0.06181477486725849,0.06275382538843341,0.0585904735445141,0.04645832659715925,0.03450532229957629,0.02795477719537449,0.04642291386229928,0.012199106700667508,589,0.11864891809116473,0.24119645742924045,0.028398407327837605,0.02066700403787869,0.03638325860846092,0.05050658596856494,0.03875581368426939,0.0028673913716468213,0.0025635766667464477,0.32101556741915505,0.0861002980604965,0.10382520714439339,606,0.16735711752593546,0.20491798351024226,0.17227371208473763,0.17249387732608762,0.22654835006323465,0.1898865125617788,0.19731434715480983,0.1877474386673681,0.17047527330852666,0.14259692533902762,0.18316115375417485,0.022160479939809095,631
593,0.029606723785400392,0.001019912565484451,0.005200862884521484,0.0003998282414926099,"XGBRegressor(base_score=None, booster=None, callbacks=None,
             colsample_bylevel=None, colsample_bynode=None,
             colsample_bytree=None, device=None, early_stopping_rounds=None,
             enable_categorical=False, eval_metric=None, feature_types=None,
             gamma=None, grow_policy=None, importance_type=None,
             interaction_constraints=None, learning_rate=None, max_bin=None,
             max_cat_threshold=None, max_cat_to_onehot=None,
             max_delta_step=None, max_depth=None, max_leaves=None,
             min_child_weight=None, missing=nan, monotone_constraints=None,
             multi_strategy=None, n_estimators=None, n_jobs=None,
             num_parallel_tree=None, random_state=None, ...)",,,20,,,,,0.3,3,9,10,42,,,,,,"{'estimator': XGBRegressor(base_score=None, booster=None, callbacks=None,
             colsample_bylevel=None, colsample_bynode=None,
             colsample_bytree=None, device=None, early_stopping_rounds=None,
             enable_categorical=False, eval_metric=None, feature_types=None,
             gamma=None, grow_policy=None, importance_type=None,
             interaction_constraints=None, learning_rate=None, max_bin=None,
             max_cat_threshold=None, max_cat_to_onehot=None,
             max_delta_step=None, max_depth=None, max_leaves=None,
             min_child_weight=None, missing=nan, monotone_constraints=None,
             multi_strategy=None, n_estimators=None, n_jobs=None,
             num_parallel_tree=None, random_state=None, ...), 'estimator__eta': 0.3, 'estimator__gamma': 20, 'estimator__max_delta_step': 3, 'estimator__max_depth': 9, 'estimator__min_child_weight': 10, 'estimator__random_state': 42}",0.03599063436210516,0.05799454693120446,0.037869750305241666,0.04029670713212541,0.06181477486725849,0.06275382538843341,0.0585904735445141,0.04645832659715925,0.03450532229957629,0.02795477719537449,0.04642291386229928,0.012199106700667508,589,0.11864891809116473,0.24119645742924045,0.028398407327837605,0.02066700403787869,0.03638325860846092,0.05050658596856494,0.03875581368426939,0.0028673913716468213,0.0025635766667464477,0.32101556741915505,0.0861002980604965,0.10382520714439339,606,0.16735711752593546,0.20491798351024226,0.17227371208473763,0.17249387732608762,0.22654835006323465,0.1898865125617788,0.19731434715480983,0.1877474386673681,0.17047527330852666,0.14259692533902762,0.18316115375417485,0.022160479939809095,631
594,0.02900688648223877,0.0007748793089829222,0.004900670051574707,0.00030008178141707525,"XGBRegressor(base_score=None, booster=None, callbacks=None,
             colsample_bylevel=None, colsample_bynode=None,
             colsample_bytree=None, device=None, early_stopping_rounds=None,
             enable_categorical=False, eval_metric=None, feature_types=None,
             gamma=None, grow_policy=None, importance_type=None,
             interaction_constraints=None, learning_rate=None, max_bin=None,
             max_cat_threshold=None, max_cat_to_onehot=None,
             max_delta_step=None, max_depth=None, max_leaves=None,
             min_child_weight=None, missing=nan, monotone_constraints=None,
             multi_strategy=None, n_estimators=None, n_jobs=None,
             num_parallel_tree=None, random_state=None, ...)",,,20,,,,,0.3,6,3,0,42,,,,,,"{'estimator': XGBRegressor(base_score=None, booster=None, callbacks=None,
             colsample_bylevel=None, colsample_bynode=None,
             colsample_bytree=None, device=None, early_stopping_rounds=None,
             enable_categorical=False, eval_metric=None, feature_types=None,
             gamma=None, grow_policy=None, importance_type=None,
             interaction_constraints=None, learning_rate=None, max_bin=None,
             max_cat_threshold=None, max_cat_to_onehot=None,
             max_delta_step=None, max_depth=None, max_leaves=None,
             min_child_weight=None, missing=nan, monotone_constraints=None,
             multi_strategy=None, n_estimators=None, n_jobs=None,
             num_parallel_tree=None, random_state=None, ...), 'estimator__eta': 0.3, 'estimator__gamma': 20, 'estimator__max_delta_step': 6, 'estimator__max_depth': 3, 'estimator__min_child_weight': 0, 'estimator__random_state': 42}",0.03599063436210516,0.05799454693120446,0.037869750305241666,0.04029670713212541,0.06181477486725849,0.06275382538843341,0.0585904735445141,0.04645832659715925,0.03450532229957629,0.02795477719537449,0.04642291386229928,0.012199106700667508,589,0.11864891809116473,0.24119645742924045,0.028398407327837605,0.02066700403787869,0.03638325860846092,0.05050658596856494,0.03875581368426939,0.0028673913716468213,0.0025635766667464477,0.32101556741915505,0.0861002980604965,0.10382520714439339,606,0.16735711752593546,0.20491798351024226,0.17227371208473763,0.17249387732608762,0.22654835006323465,0.1898865125617788,0.19731434715480983,0.1877474386673681,0.17047527330852666,0.14259692533902762,0.18316115375417485,0.022160479939809095,631
595,0.028606677055358888,0.0004898529402911419,0.005100917816162109,0.0003000261294030272,"XGBRegressor(base_score=None, booster=None, callbacks=None,
             colsample_bylevel=None, colsample_bynode=None,
             colsample_bytree=None, device=None, early_stopping_rounds=None,
             enable_categorical=False, eval_metric=None, feature_types=None,
             gamma=None, grow_policy=None, importance_type=None,
             interaction_constraints=None, learning_rate=None, max_bin=None,
             max_cat_threshold=None, max_cat_to_onehot=None,
             max_delta_step=None, max_depth=None, max_leaves=None,
             min_child_weight=None, missing=nan, monotone_constraints=None,
             multi_strategy=None, n_estimators=None, n_jobs=None,
             num_parallel_tree=None, random_state=None, ...)",,,20,,,,,0.3,6,3,1,42,,,,,,"{'estimator': XGBRegressor(base_score=None, booster=None, callbacks=None,
             colsample_bylevel=None, colsample_bynode=None,
             colsample_bytree=None, device=None, early_stopping_rounds=None,
             enable_categorical=False, eval_metric=None, feature_types=None,
             gamma=None, grow_policy=None, importance_type=None,
             interaction_constraints=None, learning_rate=None, max_bin=None,
             max_cat_threshold=None, max_cat_to_onehot=None,
             max_delta_step=None, max_depth=None, max_leaves=None,
             min_child_weight=None, missing=nan, monotone_constraints=None,
             multi_strategy=None, n_estimators=None, n_jobs=None,
             num_parallel_tree=None, random_state=None, ...), 'estimator__eta': 0.3, 'estimator__gamma': 20, 'estimator__max_delta_step': 6, 'estimator__max_depth': 3, 'estimator__min_child_weight': 1, 'estimator__random_state': 42}",0.03599063436210516,0.05799454693120446,0.037869750305241666,0.04029670713212541,0.06181477486725849,0.06275382538843341,0.0585904735445141,0.04645832659715925,0.03450532229957629,0.02795477719537449,0.04642291386229928,0.012199106700667508,589,0.11864891809116473,0.24119645742924045,0.028398407327837605,0.02066700403787869,0.03638325860846092,0.05050658596856494,0.03875581368426939,0.0028673913716468213,0.0025635766667464477,0.32101556741915505,0.0861002980604965,0.10382520714439339,606,0.16735711752593546,0.20491798351024226,0.17227371208473763,0.17249387732608762,0.22654835006323465,0.1898865125617788,0.19731434715480983,0.1877474386673681,0.17047527330852666,0.14259692533902762,0.18316115375417485,0.022160479939809095,631
596,0.029306554794311525,0.0014871374694036044,0.005201220512390137,0.0004000070828328732,"XGBRegressor(base_score=None, booster=None, callbacks=None,
             colsample_bylevel=None, colsample_bynode=None,
             colsample_bytree=None, device=None, early_stopping_rounds=None,
             enable_categorical=False, eval_metric=None, feature_types=None,
             gamma=None, grow_policy=None, importance_type=None,
             interaction_constraints=None, learning_rate=None, max_bin=None,
             max_cat_threshold=None, max_cat_to_onehot=None,
             max_delta_step=None, max_depth=None, max_leaves=None,
             min_child_weight=None, missing=nan, monotone_constraints=None,
             multi_strategy=None, n_estimators=None, n_jobs=None,
             num_parallel_tree=None, random_state=None, ...)",,,20,,,,,0.3,6,3,10,42,,,,,,"{'estimator': XGBRegressor(base_score=None, booster=None, callbacks=None,
             colsample_bylevel=None, colsample_bynode=None,
             colsample_bytree=None, device=None, early_stopping_rounds=None,
             enable_categorical=False, eval_metric=None, feature_types=None,
             gamma=None, grow_policy=None, importance_type=None,
             interaction_constraints=None, learning_rate=None, max_bin=None,
             max_cat_threshold=None, max_cat_to_onehot=None,
             max_delta_step=None, max_depth=None, max_leaves=None,
             min_child_weight=None, missing=nan, monotone_constraints=None,
             multi_strategy=None, n_estimators=None, n_jobs=None,
             num_parallel_tree=None, random_state=None, ...), 'estimator__eta': 0.3, 'estimator__gamma': 20, 'estimator__max_delta_step': 6, 'estimator__max_depth': 3, 'estimator__min_child_weight': 10, 'estimator__random_state': 42}",0.03599063436210516,0.05799454693120446,0.037869750305241666,0.04029670713212541,0.06181477486725849,0.06275382538843341,0.0585904735445141,0.04645832659715925,0.03450532229957629,0.02795477719537449,0.04642291386229928,0.012199106700667508,589,0.11864891809116473,0.24119645742924045,0.028398407327837605,0.02066700403787869,0.03638325860846092,0.05050658596856494,0.03875581368426939,0.0028673913716468213,0.0025635766667464477,0.32101556741915505,0.0861002980604965,0.10382520714439339,606,0.16735711752593546,0.20491798351024226,0.17227371208473763,0.17249387732608762,0.22654835006323465,0.1898865125617788,0.19731434715480983,0.1877474386673681,0.17047527330852666,0.14259692533902762,0.18316115375417485,0.022160479939809095,631
597,0.02940688133239746,0.0010202632758673827,0.004900908470153809,0.0005391111025732855,"XGBRegressor(base_score=None, booster=None, callbacks=None,
             colsample_bylevel=None, colsample_bynode=None,
             colsample_bytree=None, device=None, early_stopping_rounds=None,
             enable_categorical=False, eval_metric=None, feature_types=None,
             gamma=None, grow_policy=None, importance_type=None,
             interaction_constraints=None, learning_rate=None, max_bin=None,
             max_cat_threshold=None, max_cat_to_onehot=None,
             max_delta_step=None, max_depth=None, max_leaves=None,
             min_child_weight=None, missing=nan, monotone_constraints=None,
             multi_strategy=None, n_estimators=None, n_jobs=None,
             num_parallel_tree=None, random_state=None, ...)",,,20,,,,,0.3,6,6,0,42,,,,,,"{'estimator': XGBRegressor(base_score=None, booster=None, callbacks=None,
             colsample_bylevel=None, colsample_bynode=None,
             colsample_bytree=None, device=None, early_stopping_rounds=None,
             enable_categorical=False, eval_metric=None, feature_types=None,
             gamma=None, grow_policy=None, importance_type=None,
             interaction_constraints=None, learning_rate=None, max_bin=None,
             max_cat_threshold=None, max_cat_to_onehot=None,
             max_delta_step=None, max_depth=None, max_leaves=None,
             min_child_weight=None, missing=nan, monotone_constraints=None,
             multi_strategy=None, n_estimators=None, n_jobs=None,
             num_parallel_tree=None, random_state=None, ...), 'estimator__eta': 0.3, 'estimator__gamma': 20, 'estimator__max_delta_step': 6, 'estimator__max_depth': 6, 'estimator__min_child_weight': 0, 'estimator__random_state': 42}",0.03599063436210516,0.05799454693120446,0.037869750305241666,0.04029670713212541,0.06181477486725849,0.06275382538843341,0.0585904735445141,0.04645832659715925,0.03450532229957629,0.02795477719537449,0.04642291386229928,0.012199106700667508,589,0.11864891809116473,0.24119645742924045,0.028398407327837605,0.02066700403787869,0.03638325860846092,0.05050658596856494,0.03875581368426939,0.0028673913716468213,0.0025635766667464477,0.32101556741915505,0.0861002980604965,0.10382520714439339,606,0.16735711752593546,0.20491798351024226,0.17227371208473763,0.17249387732608762,0.22654835006323465,0.1898865125617788,0.19731434715480983,0.1877474386673681,0.17047527330852666,0.14259692533902762,0.18316115375417485,0.022160479939809095,631
598,0.029006457328796385,0.0007746945163291601,0.0051012754440307615,0.00030062219438372457,"XGBRegressor(base_score=None, booster=None, callbacks=None,
             colsample_bylevel=None, colsample_bynode=None,
             colsample_bytree=None, device=None, early_stopping_rounds=None,
             enable_categorical=False, eval_metric=None, feature_types=None,
             gamma=None, grow_policy=None, importance_type=None,
             interaction_constraints=None, learning_rate=None, max_bin=None,
             max_cat_threshold=None, max_cat_to_onehot=None,
             max_delta_step=None, max_depth=None, max_leaves=None,
             min_child_weight=None, missing=nan, monotone_constraints=None,
             multi_strategy=None, n_estimators=None, n_jobs=None,
             num_parallel_tree=None, random_state=None, ...)",,,20,,,,,0.3,6,6,1,42,,,,,,"{'estimator': XGBRegressor(base_score=None, booster=None, callbacks=None,
             colsample_bylevel=None, colsample_bynode=None,
             colsample_bytree=None, device=None, early_stopping_rounds=None,
             enable_categorical=False, eval_metric=None, feature_types=None,
             gamma=None, grow_policy=None, importance_type=None,
             interaction_constraints=None, learning_rate=None, max_bin=None,
             max_cat_threshold=None, max_cat_to_onehot=None,
             max_delta_step=None, max_depth=None, max_leaves=None,
             min_child_weight=None, missing=nan, monotone_constraints=None,
             multi_strategy=None, n_estimators=None, n_jobs=None,
             num_parallel_tree=None, random_state=None, ...), 'estimator__eta': 0.3, 'estimator__gamma': 20, 'estimator__max_delta_step': 6, 'estimator__max_depth': 6, 'estimator__min_child_weight': 1, 'estimator__random_state': 42}",0.03599063436210516,0.05799454693120446,0.037869750305241666,0.04029670713212541,0.06181477486725849,0.06275382538843341,0.0585904735445141,0.04645832659715925,0.03450532229957629,0.02795477719537449,0.04642291386229928,0.012199106700667508,589,0.11864891809116473,0.24119645742924045,0.028398407327837605,0.02066700403787869,0.03638325860846092,0.05050658596856494,0.03875581368426939,0.0028673913716468213,0.0025635766667464477,0.32101556741915505,0.0861002980604965,0.10382520714439339,606,0.16735711752593546,0.20491798351024226,0.17227371208473763,0.17249387732608762,0.22654835006323465,0.1898865125617788,0.19731434715480983,0.1877474386673681,0.17047527330852666,0.14259692533902762,0.18316115375417485,0.022160479939809095,631
599,0.030206871032714844,0.0014699767159898674,0.0051012754440307615,0.0005388363488011564,"XGBRegressor(base_score=None, booster=None, callbacks=None,
             colsample_bylevel=None, colsample_bynode=None,
             colsample_bytree=None, device=None, early_stopping_rounds=None,
             enable_categorical=False, eval_metric=None, feature_types=None,
             gamma=None, grow_policy=None, importance_type=None,
             interaction_constraints=None, learning_rate=None, max_bin=None,
             max_cat_threshold=None, max_cat_to_onehot=None,
             max_delta_step=None, max_depth=None, max_leaves=None,
             min_child_weight=None, missing=nan, monotone_constraints=None,
             multi_strategy=None, n_estimators=None, n_jobs=None,
             num_parallel_tree=None, random_state=None, ...)",,,20,,,,,0.3,6,6,10,42,,,,,,"{'estimator': XGBRegressor(base_score=None, booster=None, callbacks=None,
             colsample_bylevel=None, colsample_bynode=None,
             colsample_bytree=None, device=None, early_stopping_rounds=None,
             enable_categorical=False, eval_metric=None, feature_types=None,
             gamma=None, grow_policy=None, importance_type=None,
             interaction_constraints=None, learning_rate=None, max_bin=None,
             max_cat_threshold=None, max_cat_to_onehot=None,
             max_delta_step=None, max_depth=None, max_leaves=None,
             min_child_weight=None, missing=nan, monotone_constraints=None,
             multi_strategy=None, n_estimators=None, n_jobs=None,
             num_parallel_tree=None, random_state=None, ...), 'estimator__eta': 0.3, 'estimator__gamma': 20, 'estimator__max_delta_step': 6, 'estimator__max_depth': 6, 'estimator__min_child_weight': 10, 'estimator__random_state': 42}",0.03599063436210516,0.05799454693120446,0.037869750305241666,0.04029670713212541,0.06181477486725849,0.06275382538843341,0.0585904735445141,0.04645832659715925,0.03450532229957629,0.02795477719537449,0.04642291386229928,0.012199106700667508,589,0.11864891809116473,0.24119645742924045,0.028398407327837605,0.02066700403787869,0.03638325860846092,0.05050658596856494,0.03875581368426939,0.0028673913716468213,0.0025635766667464477,0.32101556741915505,0.0861002980604965,0.10382520714439339,606,0.16735711752593546,0.20491798351024226,0.17227371208473763,0.17249387732608762,0.22654835006323465,0.1898865125617788,0.19731434715480983,0.1877474386673681,0.17047527330852666,0.14259692533902762,0.18316115375417485,0.022160479939809095,631
600,0.029706859588623048,0.0006403555383730686,0.005300998687744141,0.00045861994855339757,"XGBRegressor(base_score=None, booster=None, callbacks=None,
             colsample_bylevel=None, colsample_bynode=None,
             colsample_bytree=None, device=None, early_stopping_rounds=None,
             enable_categorical=False, eval_metric=None, feature_types=None,
             gamma=None, grow_policy=None, importance_type=None,
             interaction_constraints=None, learning_rate=None, max_bin=None,
             max_cat_threshold=None, max_cat_to_onehot=None,
             max_delta_step=None, max_depth=None, max_leaves=None,
             min_child_weight=None, missing=nan, monotone_constraints=None,
             multi_strategy=None, n_estimators=None, n_jobs=None,
             num_parallel_tree=None, random_state=None, ...)",,,20,,,,,0.3,6,9,0,42,,,,,,"{'estimator': XGBRegressor(base_score=None, booster=None, callbacks=None,
             colsample_bylevel=None, colsample_bynode=None,
             colsample_bytree=None, device=None, early_stopping_rounds=None,
             enable_categorical=False, eval_metric=None, feature_types=None,
             gamma=None, grow_policy=None, importance_type=None,
             interaction_constraints=None, learning_rate=None, max_bin=None,
             max_cat_threshold=None, max_cat_to_onehot=None,
             max_delta_step=None, max_depth=None, max_leaves=None,
             min_child_weight=None, missing=nan, monotone_constraints=None,
             multi_strategy=None, n_estimators=None, n_jobs=None,
             num_parallel_tree=None, random_state=None, ...), 'estimator__eta': 0.3, 'estimator__gamma': 20, 'estimator__max_delta_step': 6, 'estimator__max_depth': 9, 'estimator__min_child_weight': 0, 'estimator__random_state': 42}",0.03599063436210516,0.05799454693120446,0.037869750305241666,0.04029670713212541,0.06181477486725849,0.06275382538843341,0.0585904735445141,0.04645832659715925,0.03450532229957629,0.02795477719537449,0.04642291386229928,0.012199106700667508,589,0.11864891809116473,0.24119645742924045,0.028398407327837605,0.02066700403787869,0.03638325860846092,0.05050658596856494,0.03875581368426939,0.0028673913716468213,0.0025635766667464477,0.32101556741915505,0.0861002980604965,0.10382520714439339,606,0.16735711752593546,0.20491798351024226,0.17227371208473763,0.17249387732608762,0.22654835006323465,0.1898865125617788,0.19731434715480983,0.1877474386673681,0.17047527330852666,0.14259692533902762,0.18316115375417485,0.022160479939809095,631
601,0.02990694046020508,0.0007003308884693287,0.005401158332824707,0.000490008643646313,"XGBRegressor(base_score=None, booster=None, callbacks=None,
             colsample_bylevel=None, colsample_bynode=None,
             colsample_bytree=None, device=None, early_stopping_rounds=None,
             enable_categorical=False, eval_metric=None, feature_types=None,
             gamma=None, grow_policy=None, importance_type=None,
             interaction_constraints=None, learning_rate=None, max_bin=None,
             max_cat_threshold=None, max_cat_to_onehot=None,
             max_delta_step=None, max_depth=None, max_leaves=None,
             min_child_weight=None, missing=nan, monotone_constraints=None,
             multi_strategy=None, n_estimators=None, n_jobs=None,
             num_parallel_tree=None, random_state=None, ...)",,,20,,,,,0.3,6,9,1,42,,,,,,"{'estimator': XGBRegressor(base_score=None, booster=None, callbacks=None,
             colsample_bylevel=None, colsample_bynode=None,
             colsample_bytree=None, device=None, early_stopping_rounds=None,
             enable_categorical=False, eval_metric=None, feature_types=None,
             gamma=None, grow_policy=None, importance_type=None,
             interaction_constraints=None, learning_rate=None, max_bin=None,
             max_cat_threshold=None, max_cat_to_onehot=None,
             max_delta_step=None, max_depth=None, max_leaves=None,
             min_child_weight=None, missing=nan, monotone_constraints=None,
             multi_strategy=None, n_estimators=None, n_jobs=None,
             num_parallel_tree=None, random_state=None, ...), 'estimator__eta': 0.3, 'estimator__gamma': 20, 'estimator__max_delta_step': 6, 'estimator__max_depth': 9, 'estimator__min_child_weight': 1, 'estimator__random_state': 42}",0.03599063436210516,0.05799454693120446,0.037869750305241666,0.04029670713212541,0.06181477486725849,0.06275382538843341,0.0585904735445141,0.04645832659715925,0.03450532229957629,0.02795477719537449,0.04642291386229928,0.012199106700667508,589,0.11864891809116473,0.24119645742924045,0.028398407327837605,0.02066700403787869,0.03638325860846092,0.05050658596856494,0.03875581368426939,0.0028673913716468213,0.0025635766667464477,0.32101556741915505,0.0861002980604965,0.10382520714439339,606,0.16735711752593546,0.20491798351024226,0.17227371208473763,0.17249387732608762,0.22654835006323465,0.1898865125617788,0.19731434715480983,0.1877474386673681,0.17047527330852666,0.14259692533902762,0.18316115375417485,0.022160479939809095,631
602,0.029707050323486327,0.000640519659227329,0.005300831794738769,0.0006407018537005218,"XGBRegressor(base_score=None, booster=None, callbacks=None,
             colsample_bylevel=None, colsample_bynode=None,
             colsample_bytree=None, device=None, early_stopping_rounds=None,
             enable_categorical=False, eval_metric=None, feature_types=None,
             gamma=None, grow_policy=None, importance_type=None,
             interaction_constraints=None, learning_rate=None, max_bin=None,
             max_cat_threshold=None, max_cat_to_onehot=None,
             max_delta_step=None, max_depth=None, max_leaves=None,
             min_child_weight=None, missing=nan, monotone_constraints=None,
             multi_strategy=None, n_estimators=None, n_jobs=None,
             num_parallel_tree=None, random_state=None, ...)",,,20,,,,,0.3,6,9,10,42,,,,,,"{'estimator': XGBRegressor(base_score=None, booster=None, callbacks=None,
             colsample_bylevel=None, colsample_bynode=None,
             colsample_bytree=None, device=None, early_stopping_rounds=None,
             enable_categorical=False, eval_metric=None, feature_types=None,
             gamma=None, grow_policy=None, importance_type=None,
             interaction_constraints=None, learning_rate=None, max_bin=None,
             max_cat_threshold=None, max_cat_to_onehot=None,
             max_delta_step=None, max_depth=None, max_leaves=None,
             min_child_weight=None, missing=nan, monotone_constraints=None,
             multi_strategy=None, n_estimators=None, n_jobs=None,
             num_parallel_tree=None, random_state=None, ...), 'estimator__eta': 0.3, 'estimator__gamma': 20, 'estimator__max_delta_step': 6, 'estimator__max_depth': 9, 'estimator__min_child_weight': 10, 'estimator__random_state': 42}",0.03599063436210516,0.05799454693120446,0.037869750305241666,0.04029670713212541,0.06181477486725849,0.06275382538843341,0.0585904735445141,0.04645832659715925,0.03450532229957629,0.02795477719537449,0.04642291386229928,0.012199106700667508,589,0.11864891809116473,0.24119645742924045,0.028398407327837605,0.02066700403787869,0.03638325860846092,0.05050658596856494,0.03875581368426939,0.0028673913716468213,0.0025635766667464477,0.32101556741915505,0.0861002980604965,0.10382520714439339,606,0.16735711752593546,0.20491798351024226,0.17227371208473763,0.17249387732608762,0.22654835006323465,0.1898865125617788,0.19731434715480983,0.1877474386673681,0.17047527330852666,0.14259692533902762,0.18316115375417485,0.022160479939809095,631
603,0.029606890678405762,0.0008002878651547732,0.005201029777526856,0.00040010223708191194,"XGBRegressor(base_score=None, booster=None, callbacks=None,
             colsample_bylevel=None, colsample_bynode=None,
             colsample_bytree=None, device=None, early_stopping_rounds=None,
             enable_categorical=False, eval_metric=None, feature_types=None,
             gamma=None, grow_policy=None, importance_type=None,
             interaction_constraints=None, learning_rate=None, max_bin=None,
             max_cat_threshold=None, max_cat_to_onehot=None,
             max_delta_step=None, max_depth=None, max_leaves=None,
             min_child_weight=None, missing=nan, monotone_constraints=None,
             multi_strategy=None, n_estimators=None, n_jobs=None,
             num_parallel_tree=None, random_state=None, ...)",,,30,,,,,0.3,0,3,0,42,,,,,,"{'estimator': XGBRegressor(base_score=None, booster=None, callbacks=None,
             colsample_bylevel=None, colsample_bynode=None,
             colsample_bytree=None, device=None, early_stopping_rounds=None,
             enable_categorical=False, eval_metric=None, feature_types=None,
             gamma=None, grow_policy=None, importance_type=None,
             interaction_constraints=None, learning_rate=None, max_bin=None,
             max_cat_threshold=None, max_cat_to_onehot=None,
             max_delta_step=None, max_depth=None, max_leaves=None,
             min_child_weight=None, missing=nan, monotone_constraints=None,
             multi_strategy=None, n_estimators=None, n_jobs=None,
             num_parallel_tree=None, random_state=None, ...), 'estimator__eta': 0.3, 'estimator__gamma': 30, 'estimator__max_delta_step': 0, 'estimator__max_depth': 3, 'estimator__min_child_weight': 0, 'estimator__random_state': 42}",0.03599063436210516,0.05799454693120446,0.037869750305241666,0.04029670713212541,0.06181477486725849,0.06275382538843341,0.0585904735445141,0.04645832659715925,0.03450532229957629,0.02795477719537449,0.04642291386229928,0.012199106700667508,589,0.11864891809116473,0.24119645742924045,0.028398407327837605,0.02066700403787869,0.03638325860846092,0.05050658596856494,0.03875581368426939,0.0028673913716468213,0.0025635766667464477,0.32101556741915505,0.0861002980604965,0.10382520714439339,606,0.16735711752593546,0.20491798351024226,0.17227371208473763,0.17249387732608762,0.22654835006323465,0.1898865125617788,0.19731434715480983,0.1877474386673681,0.17047527330852666,0.14259692533902762,0.18316115375417485,0.022160479939809095,631
604,0.029807209968566895,0.0007483926860651965,0.005100655555725098,0.00029916046692306806,"XGBRegressor(base_score=None, booster=None, callbacks=None,
             colsample_bylevel=None, colsample_bynode=None,
             colsample_bytree=None, device=None, early_stopping_rounds=None,
             enable_categorical=False, eval_metric=None, feature_types=None,
             gamma=None, grow_policy=None, importance_type=None,
             interaction_constraints=None, learning_rate=None, max_bin=None,
             max_cat_threshold=None, max_cat_to_onehot=None,
             max_delta_step=None, max_depth=None, max_leaves=None,
             min_child_weight=None, missing=nan, monotone_constraints=None,
             multi_strategy=None, n_estimators=None, n_jobs=None,
             num_parallel_tree=None, random_state=None, ...)",,,30,,,,,0.3,0,3,1,42,,,,,,"{'estimator': XGBRegressor(base_score=None, booster=None, callbacks=None,
             colsample_bylevel=None, colsample_bynode=None,
             colsample_bytree=None, device=None, early_stopping_rounds=None,
             enable_categorical=False, eval_metric=None, feature_types=None,
             gamma=None, grow_policy=None, importance_type=None,
             interaction_constraints=None, learning_rate=None, max_bin=None,
             max_cat_threshold=None, max_cat_to_onehot=None,
             max_delta_step=None, max_depth=None, max_leaves=None,
             min_child_weight=None, missing=nan, monotone_constraints=None,
             multi_strategy=None, n_estimators=None, n_jobs=None,
             num_parallel_tree=None, random_state=None, ...), 'estimator__eta': 0.3, 'estimator__gamma': 30, 'estimator__max_delta_step': 0, 'estimator__max_depth': 3, 'estimator__min_child_weight': 1, 'estimator__random_state': 42}",0.03599063436210516,0.05799454693120446,0.037869750305241666,0.04029670713212541,0.06181477486725849,0.06275382538843341,0.0585904735445141,0.04645832659715925,0.03450532229957629,0.02795477719537449,0.04642291386229928,0.012199106700667508,589,0.11864891809116473,0.24119645742924045,0.028398407327837605,0.02066700403787869,0.03638325860846092,0.05050658596856494,0.03875581368426939,0.0028673913716468213,0.0025635766667464477,0.32101556741915505,0.0861002980604965,0.10382520714439339,606,0.16735711752593546,0.20491798351024226,0.17227371208473763,0.17249387732608762,0.22654835006323465,0.1898865125617788,0.19731434715480983,0.1877474386673681,0.17047527330852666,0.14259692533902762,0.18316115375417485,0.022160479939809095,631
605,0.030806708335876464,0.0013270211100940908,0.005401062965393067,0.000490037894576633,"XGBRegressor(base_score=None, booster=None, callbacks=None,
             colsample_bylevel=None, colsample_bynode=None,
             colsample_bytree=None, device=None, early_stopping_rounds=None,
             enable_categorical=False, eval_metric=None, feature_types=None,
             gamma=None, grow_policy=None, importance_type=None,
             interaction_constraints=None, learning_rate=None, max_bin=None,
             max_cat_threshold=None, max_cat_to_onehot=None,
             max_delta_step=None, max_depth=None, max_leaves=None,
             min_child_weight=None, missing=nan, monotone_constraints=None,
             multi_strategy=None, n_estimators=None, n_jobs=None,
             num_parallel_tree=None, random_state=None, ...)",,,30,,,,,0.3,0,3,10,42,,,,,,"{'estimator': XGBRegressor(base_score=None, booster=None, callbacks=None,
             colsample_bylevel=None, colsample_bynode=None,
             colsample_bytree=None, device=None, early_stopping_rounds=None,
             enable_categorical=False, eval_metric=None, feature_types=None,
             gamma=None, grow_policy=None, importance_type=None,
             interaction_constraints=None, learning_rate=None, max_bin=None,
             max_cat_threshold=None, max_cat_to_onehot=None,
             max_delta_step=None, max_depth=None, max_leaves=None,
             min_child_weight=None, missing=nan, monotone_constraints=None,
             multi_strategy=None, n_estimators=None, n_jobs=None,
             num_parallel_tree=None, random_state=None, ...), 'estimator__eta': 0.3, 'estimator__gamma': 30, 'estimator__max_delta_step': 0, 'estimator__max_depth': 3, 'estimator__min_child_weight': 10, 'estimator__random_state': 42}",0.03599063436210516,0.05799454693120446,0.037869750305241666,0.04029670713212541,0.06181477486725849,0.06275382538843341,0.0585904735445141,0.04645832659715925,0.03450532229957629,0.02795477719537449,0.04642291386229928,0.012199106700667508,589,0.11864891809116473,0.24119645742924045,0.028398407327837605,0.02066700403787869,0.03638325860846092,0.05050658596856494,0.03875581368426939,0.0028673913716468213,0.0025635766667464477,0.32101556741915505,0.0861002980604965,0.10382520714439339,606,0.16735711752593546,0.20491798351024226,0.17227371208473763,0.17249387732608762,0.22654835006323465,0.1898865125617788,0.19731434715480983,0.1877474386673681,0.17047527330852666,0.14259692533902762,0.18316115375417485,0.022160479939809095,631
606,0.029807138442993163,0.0009799683087868838,0.005000710487365723,0.0004475013492157581,"XGBRegressor(base_score=None, booster=None, callbacks=None,
             colsample_bylevel=None, colsample_bynode=None,
             colsample_bytree=None, device=None, early_stopping_rounds=None,
             enable_categorical=False, eval_metric=None, feature_types=None,
             gamma=None, grow_policy=None, importance_type=None,
             interaction_constraints=None, learning_rate=None, max_bin=None,
             max_cat_threshold=None, max_cat_to_onehot=None,
             max_delta_step=None, max_depth=None, max_leaves=None,
             min_child_weight=None, missing=nan, monotone_constraints=None,
             multi_strategy=None, n_estimators=None, n_jobs=None,
             num_parallel_tree=None, random_state=None, ...)",,,30,,,,,0.3,0,6,0,42,,,,,,"{'estimator': XGBRegressor(base_score=None, booster=None, callbacks=None,
             colsample_bylevel=None, colsample_bynode=None,
             colsample_bytree=None, device=None, early_stopping_rounds=None,
             enable_categorical=False, eval_metric=None, feature_types=None,
             gamma=None, grow_policy=None, importance_type=None,
             interaction_constraints=None, learning_rate=None, max_bin=None,
             max_cat_threshold=None, max_cat_to_onehot=None,
             max_delta_step=None, max_depth=None, max_leaves=None,
             min_child_weight=None, missing=nan, monotone_constraints=None,
             multi_strategy=None, n_estimators=None, n_jobs=None,
             num_parallel_tree=None, random_state=None, ...), 'estimator__eta': 0.3, 'estimator__gamma': 30, 'estimator__max_delta_step': 0, 'estimator__max_depth': 6, 'estimator__min_child_weight': 0, 'estimator__random_state': 42}",0.03599063436210516,0.05799454693120446,0.037869750305241666,0.04029670713212541,0.06181477486725849,0.06275382538843341,0.0585904735445141,0.04645832659715925,0.03450532229957629,0.02795477719537449,0.04642291386229928,0.012199106700667508,589,0.11864891809116473,0.24119645742924045,0.028398407327837605,0.02066700403787869,0.03638325860846092,0.05050658596856494,0.03875581368426939,0.0028673913716468213,0.0025635766667464477,0.32101556741915505,0.0861002980604965,0.10382520714439339,606,0.16735711752593546,0.20491798351024226,0.17227371208473763,0.17249387732608762,0.22654835006323465,0.1898865125617788,0.19731434715480983,0.1877474386673681,0.17047527330852666,0.14259692533902762,0.18316115375417485,0.022160479939809095,631
607,0.029906797409057616,0.0005384598475432046,0.0050011157989501955,3.504023183989303e-07,"XGBRegressor(base_score=None, booster=None, callbacks=None,
             colsample_bylevel=None, colsample_bynode=None,
             colsample_bytree=None, device=None, early_stopping_rounds=None,
             enable_categorical=False, eval_metric=None, feature_types=None,
             gamma=None, grow_policy=None, importance_type=None,
             interaction_constraints=None, learning_rate=None, max_bin=None,
             max_cat_threshold=None, max_cat_to_onehot=None,
             max_delta_step=None, max_depth=None, max_leaves=None,
             min_child_weight=None, missing=nan, monotone_constraints=None,
             multi_strategy=None, n_estimators=None, n_jobs=None,
             num_parallel_tree=None, random_state=None, ...)",,,30,,,,,0.3,0,6,1,42,,,,,,"{'estimator': XGBRegressor(base_score=None, booster=None, callbacks=None,
             colsample_bylevel=None, colsample_bynode=None,
             colsample_bytree=None, device=None, early_stopping_rounds=None,
             enable_categorical=False, eval_metric=None, feature_types=None,
             gamma=None, grow_policy=None, importance_type=None,
             interaction_constraints=None, learning_rate=None, max_bin=None,
             max_cat_threshold=None, max_cat_to_onehot=None,
             max_delta_step=None, max_depth=None, max_leaves=None,
             min_child_weight=None, missing=nan, monotone_constraints=None,
             multi_strategy=None, n_estimators=None, n_jobs=None,
             num_parallel_tree=None, random_state=None, ...), 'estimator__eta': 0.3, 'estimator__gamma': 30, 'estimator__max_delta_step': 0, 'estimator__max_depth': 6, 'estimator__min_child_weight': 1, 'estimator__random_state': 42}",0.03599063436210516,0.05799454693120446,0.037869750305241666,0.04029670713212541,0.06181477486725849,0.06275382538843341,0.0585904735445141,0.04645832659715925,0.03450532229957629,0.02795477719537449,0.04642291386229928,0.012199106700667508,589,0.11864891809116473,0.24119645742924045,0.028398407327837605,0.02066700403787869,0.03638325860846092,0.05050658596856494,0.03875581368426939,0.0028673913716468213,0.0025635766667464477,0.32101556741915505,0.0861002980604965,0.10382520714439339,606,0.16735711752593546,0.20491798351024226,0.17227371208473763,0.17249387732608762,0.22654835006323465,0.1898865125617788,0.19731434715480983,0.1877474386673681,0.17047527330852666,0.14259692533902762,0.18316115375417485,0.022160479939809095,631
608,0.03050706386566162,0.0012043593517550048,0.005400824546813965,0.0004900381729717694,"XGBRegressor(base_score=None, booster=None, callbacks=None,
             colsample_bylevel=None, colsample_bynode=None,
             colsample_bytree=None, device=None, early_stopping_rounds=None,
             enable_categorical=False, eval_metric=None, feature_types=None,
             gamma=None, grow_policy=None, importance_type=None,
             interaction_constraints=None, learning_rate=None, max_bin=None,
             max_cat_threshold=None, max_cat_to_onehot=None,
             max_delta_step=None, max_depth=None, max_leaves=None,
             min_child_weight=None, missing=nan, monotone_constraints=None,
             multi_strategy=None, n_estimators=None, n_jobs=None,
             num_parallel_tree=None, random_state=None, ...)",,,30,,,,,0.3,0,6,10,42,,,,,,"{'estimator': XGBRegressor(base_score=None, booster=None, callbacks=None,
             colsample_bylevel=None, colsample_bynode=None,
             colsample_bytree=None, device=None, early_stopping_rounds=None,
             enable_categorical=False, eval_metric=None, feature_types=None,
             gamma=None, grow_policy=None, importance_type=None,
             interaction_constraints=None, learning_rate=None, max_bin=None,
             max_cat_threshold=None, max_cat_to_onehot=None,
             max_delta_step=None, max_depth=None, max_leaves=None,
             min_child_weight=None, missing=nan, monotone_constraints=None,
             multi_strategy=None, n_estimators=None, n_jobs=None,
             num_parallel_tree=None, random_state=None, ...), 'estimator__eta': 0.3, 'estimator__gamma': 30, 'estimator__max_delta_step': 0, 'estimator__max_depth': 6, 'estimator__min_child_weight': 10, 'estimator__random_state': 42}",0.03599063436210516,0.05799454693120446,0.037869750305241666,0.04029670713212541,0.06181477486725849,0.06275382538843341,0.0585904735445141,0.04645832659715925,0.03450532229957629,0.02795477719537449,0.04642291386229928,0.012199106700667508,589,0.11864891809116473,0.24119645742924045,0.028398407327837605,0.02066700403787869,0.03638325860846092,0.05050658596856494,0.03875581368426939,0.0028673913716468213,0.0025635766667464477,0.32101556741915505,0.0861002980604965,0.10382520714439339,606,0.16735711752593546,0.20491798351024226,0.17227371208473763,0.17249387732608762,0.22654835006323465,0.1898865125617788,0.19731434715480983,0.1877474386673681,0.17047527330852666,0.14259692533902762,0.18316115375417485,0.022160479939809095,631
609,0.0297069787979126,0.000900329725980106,0.0053009033203125,0.00045857841535067623,"XGBRegressor(base_score=None, booster=None, callbacks=None,
             colsample_bylevel=None, colsample_bynode=None,
             colsample_bytree=None, device=None, early_stopping_rounds=None,
             enable_categorical=False, eval_metric=None, feature_types=None,
             gamma=None, grow_policy=None, importance_type=None,
             interaction_constraints=None, learning_rate=None, max_bin=None,
             max_cat_threshold=None, max_cat_to_onehot=None,
             max_delta_step=None, max_depth=None, max_leaves=None,
             min_child_weight=None, missing=nan, monotone_constraints=None,
             multi_strategy=None, n_estimators=None, n_jobs=None,
             num_parallel_tree=None, random_state=None, ...)",,,30,,,,,0.3,0,9,0,42,,,,,,"{'estimator': XGBRegressor(base_score=None, booster=None, callbacks=None,
             colsample_bylevel=None, colsample_bynode=None,
             colsample_bytree=None, device=None, early_stopping_rounds=None,
             enable_categorical=False, eval_metric=None, feature_types=None,
             gamma=None, grow_policy=None, importance_type=None,
             interaction_constraints=None, learning_rate=None, max_bin=None,
             max_cat_threshold=None, max_cat_to_onehot=None,
             max_delta_step=None, max_depth=None, max_leaves=None,
             min_child_weight=None, missing=nan, monotone_constraints=None,
             multi_strategy=None, n_estimators=None, n_jobs=None,
             num_parallel_tree=None, random_state=None, ...), 'estimator__eta': 0.3, 'estimator__gamma': 30, 'estimator__max_delta_step': 0, 'estimator__max_depth': 9, 'estimator__min_child_weight': 0, 'estimator__random_state': 42}",0.03599063436210516,0.05799454693120446,0.037869750305241666,0.04029670713212541,0.06181477486725849,0.06275382538843341,0.0585904735445141,0.04645832659715925,0.03450532229957629,0.02795477719537449,0.04642291386229928,0.012199106700667508,589,0.11864891809116473,0.24119645742924045,0.028398407327837605,0.02066700403787869,0.03638325860846092,0.05050658596856494,0.03875581368426939,0.0028673913716468213,0.0025635766667464477,0.32101556741915505,0.0861002980604965,0.10382520714439339,606,0.16735711752593546,0.20491798351024226,0.17227371208473763,0.17249387732608762,0.22654835006323465,0.1898865125617788,0.19731434715480983,0.1877474386673681,0.17047527330852666,0.14259692533902762,0.18316115375417485,0.022160479939809095,631
610,0.03050704002380371,0.0006706299041716805,0.005200862884521484,0.0006000998004068689,"XGBRegressor(base_score=None, booster=None, callbacks=None,
             colsample_bylevel=None, colsample_bynode=None,
             colsample_bytree=None, device=None, early_stopping_rounds=None,
             enable_categorical=False, eval_metric=None, feature_types=None,
             gamma=None, grow_policy=None, importance_type=None,
             interaction_constraints=None, learning_rate=None, max_bin=None,
             max_cat_threshold=None, max_cat_to_onehot=None,
             max_delta_step=None, max_depth=None, max_leaves=None,
             min_child_weight=None, missing=nan, monotone_constraints=None,
             multi_strategy=None, n_estimators=None, n_jobs=None,
             num_parallel_tree=None, random_state=None, ...)",,,30,,,,,0.3,0,9,1,42,,,,,,"{'estimator': XGBRegressor(base_score=None, booster=None, callbacks=None,
             colsample_bylevel=None, colsample_bynode=None,
             colsample_bytree=None, device=None, early_stopping_rounds=None,
             enable_categorical=False, eval_metric=None, feature_types=None,
             gamma=None, grow_policy=None, importance_type=None,
             interaction_constraints=None, learning_rate=None, max_bin=None,
             max_cat_threshold=None, max_cat_to_onehot=None,
             max_delta_step=None, max_depth=None, max_leaves=None,
             min_child_weight=None, missing=nan, monotone_constraints=None,
             multi_strategy=None, n_estimators=None, n_jobs=None,
             num_parallel_tree=None, random_state=None, ...), 'estimator__eta': 0.3, 'estimator__gamma': 30, 'estimator__max_delta_step': 0, 'estimator__max_depth': 9, 'estimator__min_child_weight': 1, 'estimator__random_state': 42}",0.03599063436210516,0.05799454693120446,0.037869750305241666,0.04029670713212541,0.06181477486725849,0.06275382538843341,0.0585904735445141,0.04645832659715925,0.03450532229957629,0.02795477719537449,0.04642291386229928,0.012199106700667508,589,0.11864891809116473,0.24119645742924045,0.028398407327837605,0.02066700403787869,0.03638325860846092,0.05050658596856494,0.03875581368426939,0.0028673913716468213,0.0025635766667464477,0.32101556741915505,0.0861002980604965,0.10382520714439339,606,0.16735711752593546,0.20491798351024226,0.17227371208473763,0.17249387732608762,0.22654835006323465,0.1898865125617788,0.19731434715480983,0.1877474386673681,0.17047527330852666,0.14259692533902762,0.18316115375417485,0.022160479939809095,631
611,0.029806852340698242,0.0008721160847478918,0.005200886726379394,0.00040017386917314235,"XGBRegressor(base_score=None, booster=None, callbacks=None,
             colsample_bylevel=None, colsample_bynode=None,
             colsample_bytree=None, device=None, early_stopping_rounds=None,
             enable_categorical=False, eval_metric=None, feature_types=None,
             gamma=None, grow_policy=None, importance_type=None,
             interaction_constraints=None, learning_rate=None, max_bin=None,
             max_cat_threshold=None, max_cat_to_onehot=None,
             max_delta_step=None, max_depth=None, max_leaves=None,
             min_child_weight=None, missing=nan, monotone_constraints=None,
             multi_strategy=None, n_estimators=None, n_jobs=None,
             num_parallel_tree=None, random_state=None, ...)",,,30,,,,,0.3,0,9,10,42,,,,,,"{'estimator': XGBRegressor(base_score=None, booster=None, callbacks=None,
             colsample_bylevel=None, colsample_bynode=None,
             colsample_bytree=None, device=None, early_stopping_rounds=None,
             enable_categorical=False, eval_metric=None, feature_types=None,
             gamma=None, grow_policy=None, importance_type=None,
             interaction_constraints=None, learning_rate=None, max_bin=None,
             max_cat_threshold=None, max_cat_to_onehot=None,
             max_delta_step=None, max_depth=None, max_leaves=None,
             min_child_weight=None, missing=nan, monotone_constraints=None,
             multi_strategy=None, n_estimators=None, n_jobs=None,
             num_parallel_tree=None, random_state=None, ...), 'estimator__eta': 0.3, 'estimator__gamma': 30, 'estimator__max_delta_step': 0, 'estimator__max_depth': 9, 'estimator__min_child_weight': 10, 'estimator__random_state': 42}",0.03599063436210516,0.05799454693120446,0.037869750305241666,0.04029670713212541,0.06181477486725849,0.06275382538843341,0.0585904735445141,0.04645832659715925,0.03450532229957629,0.02795477719537449,0.04642291386229928,0.012199106700667508,589,0.11864891809116473,0.24119645742924045,0.028398407327837605,0.02066700403787869,0.03638325860846092,0.05050658596856494,0.03875581368426939,0.0028673913716468213,0.0025635766667464477,0.32101556741915505,0.0861002980604965,0.10382520714439339,606,0.16735711752593546,0.20491798351024226,0.17227371208473763,0.17249387732608762,0.22654835006323465,0.1898865125617788,0.19731434715480983,0.1877474386673681,0.17047527330852666,0.14259692533902762,0.18316115375417485,0.022160479939809095,631
612,0.029306983947753905,0.0009002898845630997,0.005000972747802734,0.00044712819968237733,"XGBRegressor(base_score=None, booster=None, callbacks=None,
             colsample_bylevel=None, colsample_bynode=None,
             colsample_bytree=None, device=None, early_stopping_rounds=None,
             enable_categorical=False, eval_metric=None, feature_types=None,
             gamma=None, grow_policy=None, importance_type=None,
             interaction_constraints=None, learning_rate=None, max_bin=None,
             max_cat_threshold=None, max_cat_to_onehot=None,
             max_delta_step=None, max_depth=None, max_leaves=None,
             min_child_weight=None, missing=nan, monotone_constraints=None,
             multi_strategy=None, n_estimators=None, n_jobs=None,
             num_parallel_tree=None, random_state=None, ...)",,,30,,,,,0.3,3,3,0,42,,,,,,"{'estimator': XGBRegressor(base_score=None, booster=None, callbacks=None,
             colsample_bylevel=None, colsample_bynode=None,
             colsample_bytree=None, device=None, early_stopping_rounds=None,
             enable_categorical=False, eval_metric=None, feature_types=None,
             gamma=None, grow_policy=None, importance_type=None,
             interaction_constraints=None, learning_rate=None, max_bin=None,
             max_cat_threshold=None, max_cat_to_onehot=None,
             max_delta_step=None, max_depth=None, max_leaves=None,
             min_child_weight=None, missing=nan, monotone_constraints=None,
             multi_strategy=None, n_estimators=None, n_jobs=None,
             num_parallel_tree=None, random_state=None, ...), 'estimator__eta': 0.3, 'estimator__gamma': 30, 'estimator__max_delta_step': 3, 'estimator__max_depth': 3, 'estimator__min_child_weight': 0, 'estimator__random_state': 42}",0.03599063436210516,0.05799454693120446,0.037869750305241666,0.04029670713212541,0.06181477486725849,0.06275382538843341,0.0585904735445141,0.04645832659715925,0.03450532229957629,0.02795477719537449,0.04642291386229928,0.012199106700667508,589,0.11864891809116473,0.24119645742924045,0.028398407327837605,0.02066700403787869,0.03638325860846092,0.05050658596856494,0.03875581368426939,0.0028673913716468213,0.0025635766667464477,0.32101556741915505,0.0861002980604965,0.10382520714439339,606,0.16735711752593546,0.20491798351024226,0.17227371208473763,0.17249387732608762,0.22654835006323465,0.1898865125617788,0.19731434715480983,0.1877474386673681,0.17047527330852666,0.14259692533902762,0.18316115375417485,0.022160479939809095,631
613,0.029006528854370116,0.0004471813572134527,0.005201029777526856,0.0003999830491389224,"XGBRegressor(base_score=None, booster=None, callbacks=None,
             colsample_bylevel=None, colsample_bynode=None,
             colsample_bytree=None, device=None, early_stopping_rounds=None,
             enable_categorical=False, eval_metric=None, feature_types=None,
             gamma=None, grow_policy=None, importance_type=None,
             interaction_constraints=None, learning_rate=None, max_bin=None,
             max_cat_threshold=None, max_cat_to_onehot=None,
             max_delta_step=None, max_depth=None, max_leaves=None,
             min_child_weight=None, missing=nan, monotone_constraints=None,
             multi_strategy=None, n_estimators=None, n_jobs=None,
             num_parallel_tree=None, random_state=None, ...)",,,30,,,,,0.3,3,3,1,42,,,,,,"{'estimator': XGBRegressor(base_score=None, booster=None, callbacks=None,
             colsample_bylevel=None, colsample_bynode=None,
             colsample_bytree=None, device=None, early_stopping_rounds=None,
             enable_categorical=False, eval_metric=None, feature_types=None,
             gamma=None, grow_policy=None, importance_type=None,
             interaction_constraints=None, learning_rate=None, max_bin=None,
             max_cat_threshold=None, max_cat_to_onehot=None,
             max_delta_step=None, max_depth=None, max_leaves=None,
             min_child_weight=None, missing=nan, monotone_constraints=None,
             multi_strategy=None, n_estimators=None, n_jobs=None,
             num_parallel_tree=None, random_state=None, ...), 'estimator__eta': 0.3, 'estimator__gamma': 30, 'estimator__max_delta_step': 3, 'estimator__max_depth': 3, 'estimator__min_child_weight': 1, 'estimator__random_state': 42}",0.03599063436210516,0.05799454693120446,0.037869750305241666,0.04029670713212541,0.06181477486725849,0.06275382538843341,0.0585904735445141,0.04645832659715925,0.03450532229957629,0.02795477719537449,0.04642291386229928,0.012199106700667508,589,0.11864891809116473,0.24119645742924045,0.028398407327837605,0.02066700403787869,0.03638325860846092,0.05050658596856494,0.03875581368426939,0.0028673913716468213,0.0025635766667464477,0.32101556741915505,0.0861002980604965,0.10382520714439339,606,0.16735711752593546,0.20491798351024226,0.17227371208473763,0.17249387732608762,0.22654835006323465,0.1898865125617788,0.19731434715480983,0.1877474386673681,0.17047527330852666,0.14259692533902762,0.18316115375417485,0.022160479939809095,631
614,0.029106783866882324,0.0013004321522995322,0.0050010204315185545,0.0004473946306006924,"XGBRegressor(base_score=None, booster=None, callbacks=None,
             colsample_bylevel=None, colsample_bynode=None,
             colsample_bytree=None, device=None, early_stopping_rounds=None,
             enable_categorical=False, eval_metric=None, feature_types=None,
             gamma=None, grow_policy=None, importance_type=None,
             interaction_constraints=None, learning_rate=None, max_bin=None,
             max_cat_threshold=None, max_cat_to_onehot=None,
             max_delta_step=None, max_depth=None, max_leaves=None,
             min_child_weight=None, missing=nan, monotone_constraints=None,
             multi_strategy=None, n_estimators=None, n_jobs=None,
             num_parallel_tree=None, random_state=None, ...)",,,30,,,,,0.3,3,3,10,42,,,,,,"{'estimator': XGBRegressor(base_score=None, booster=None, callbacks=None,
             colsample_bylevel=None, colsample_bynode=None,
             colsample_bytree=None, device=None, early_stopping_rounds=None,
             enable_categorical=False, eval_metric=None, feature_types=None,
             gamma=None, grow_policy=None, importance_type=None,
             interaction_constraints=None, learning_rate=None, max_bin=None,
             max_cat_threshold=None, max_cat_to_onehot=None,
             max_delta_step=None, max_depth=None, max_leaves=None,
             min_child_weight=None, missing=nan, monotone_constraints=None,
             multi_strategy=None, n_estimators=None, n_jobs=None,
             num_parallel_tree=None, random_state=None, ...), 'estimator__eta': 0.3, 'estimator__gamma': 30, 'estimator__max_delta_step': 3, 'estimator__max_depth': 3, 'estimator__min_child_weight': 10, 'estimator__random_state': 42}",0.03599063436210516,0.05799454693120446,0.037869750305241666,0.04029670713212541,0.06181477486725849,0.06275382538843341,0.0585904735445141,0.04645832659715925,0.03450532229957629,0.02795477719537449,0.04642291386229928,0.012199106700667508,589,0.11864891809116473,0.24119645742924045,0.028398407327837605,0.02066700403787869,0.03638325860846092,0.05050658596856494,0.03875581368426939,0.0028673913716468213,0.0025635766667464477,0.32101556741915505,0.0861002980604965,0.10382520714439339,606,0.16735711752593546,0.20491798351024226,0.17227371208473763,0.17249387732608762,0.22654835006323465,0.1898865125617788,0.19731434715480983,0.1877474386673681,0.17047527330852666,0.14259692533902762,0.18316115375417485,0.022160479939809095,631
615,0.0290067195892334,0.0006325228278048019,0.005000948905944824,0.0004472345573597369,"XGBRegressor(base_score=None, booster=None, callbacks=None,
             colsample_bylevel=None, colsample_bynode=None,
             colsample_bytree=None, device=None, early_stopping_rounds=None,
             enable_categorical=False, eval_metric=None, feature_types=None,
             gamma=None, grow_policy=None, importance_type=None,
             interaction_constraints=None, learning_rate=None, max_bin=None,
             max_cat_threshold=None, max_cat_to_onehot=None,
             max_delta_step=None, max_depth=None, max_leaves=None,
             min_child_weight=None, missing=nan, monotone_constraints=None,
             multi_strategy=None, n_estimators=None, n_jobs=None,
             num_parallel_tree=None, random_state=None, ...)",,,30,,,,,0.3,3,6,0,42,,,,,,"{'estimator': XGBRegressor(base_score=None, booster=None, callbacks=None,
             colsample_bylevel=None, colsample_bynode=None,
             colsample_bytree=None, device=None, early_stopping_rounds=None,
             enable_categorical=False, eval_metric=None, feature_types=None,
             gamma=None, grow_policy=None, importance_type=None,
             interaction_constraints=None, learning_rate=None, max_bin=None,
             max_cat_threshold=None, max_cat_to_onehot=None,
             max_delta_step=None, max_depth=None, max_leaves=None,
             min_child_weight=None, missing=nan, monotone_constraints=None,
             multi_strategy=None, n_estimators=None, n_jobs=None,
             num_parallel_tree=None, random_state=None, ...), 'estimator__eta': 0.3, 'estimator__gamma': 30, 'estimator__max_delta_step': 3, 'estimator__max_depth': 6, 'estimator__min_child_weight': 0, 'estimator__random_state': 42}",0.03599063436210516,0.05799454693120446,0.037869750305241666,0.04029670713212541,0.06181477486725849,0.06275382538843341,0.0585904735445141,0.04645832659715925,0.03450532229957629,0.02795477719537449,0.04642291386229928,0.012199106700667508,589,0.11864891809116473,0.24119645742924045,0.028398407327837605,0.02066700403787869,0.03638325860846092,0.05050658596856494,0.03875581368426939,0.0028673913716468213,0.0025635766667464477,0.32101556741915505,0.0861002980604965,0.10382520714439339,606,0.16735711752593546,0.20491798351024226,0.17227371208473763,0.17249387732608762,0.22654835006323465,0.1898865125617788,0.19731434715480983,0.1877474386673681,0.17047527330852666,0.14259692533902762,0.18316115375417485,0.022160479939809095,631
616,0.028806567192077637,0.0006000599608427387,0.005000782012939453,0.0004471812936559922,"XGBRegressor(base_score=None, booster=None, callbacks=None,
             colsample_bylevel=None, colsample_bynode=None,
             colsample_bytree=None, device=None, early_stopping_rounds=None,
             enable_categorical=False, eval_metric=None, feature_types=None,
             gamma=None, grow_policy=None, importance_type=None,
             interaction_constraints=None, learning_rate=None, max_bin=None,
             max_cat_threshold=None, max_cat_to_onehot=None,
             max_delta_step=None, max_depth=None, max_leaves=None,
             min_child_weight=None, missing=nan, monotone_constraints=None,
             multi_strategy=None, n_estimators=None, n_jobs=None,
             num_parallel_tree=None, random_state=None, ...)",,,30,,,,,0.3,3,6,1,42,,,,,,"{'estimator': XGBRegressor(base_score=None, booster=None, callbacks=None,
             colsample_bylevel=None, colsample_bynode=None,
             colsample_bytree=None, device=None, early_stopping_rounds=None,
             enable_categorical=False, eval_metric=None, feature_types=None,
             gamma=None, grow_policy=None, importance_type=None,
             interaction_constraints=None, learning_rate=None, max_bin=None,
             max_cat_threshold=None, max_cat_to_onehot=None,
             max_delta_step=None, max_depth=None, max_leaves=None,
             min_child_weight=None, missing=nan, monotone_constraints=None,
             multi_strategy=None, n_estimators=None, n_jobs=None,
             num_parallel_tree=None, random_state=None, ...), 'estimator__eta': 0.3, 'estimator__gamma': 30, 'estimator__max_delta_step': 3, 'estimator__max_depth': 6, 'estimator__min_child_weight': 1, 'estimator__random_state': 42}",0.03599063436210516,0.05799454693120446,0.037869750305241666,0.04029670713212541,0.06181477486725849,0.06275382538843341,0.0585904735445141,0.04645832659715925,0.03450532229957629,0.02795477719537449,0.04642291386229928,0.012199106700667508,589,0.11864891809116473,0.24119645742924045,0.028398407327837605,0.02066700403787869,0.03638325860846092,0.05050658596856494,0.03875581368426939,0.0028673913716468213,0.0025635766667464477,0.32101556741915505,0.0861002980604965,0.10382520714439339,606,0.16735711752593546,0.20491798351024226,0.17227371208473763,0.17249387732608762,0.22654835006323465,0.1898865125617788,0.19731434715480983,0.1877474386673681,0.17047527330852666,0.14259692533902762,0.18316115375417485,0.022160479939809095,631
617,0.028606677055358888,0.0006638812273708618,0.005100798606872558,0.0003002261578144895,"XGBRegressor(base_score=None, booster=None, callbacks=None,
             colsample_bylevel=None, colsample_bynode=None,
             colsample_bytree=None, device=None, early_stopping_rounds=None,
             enable_categorical=False, eval_metric=None, feature_types=None,
             gamma=None, grow_policy=None, importance_type=None,
             interaction_constraints=None, learning_rate=None, max_bin=None,
             max_cat_threshold=None, max_cat_to_onehot=None,
             max_delta_step=None, max_depth=None, max_leaves=None,
             min_child_weight=None, missing=nan, monotone_constraints=None,
             multi_strategy=None, n_estimators=None, n_jobs=None,
             num_parallel_tree=None, random_state=None, ...)",,,30,,,,,0.3,3,6,10,42,,,,,,"{'estimator': XGBRegressor(base_score=None, booster=None, callbacks=None,
             colsample_bylevel=None, colsample_bynode=None,
             colsample_bytree=None, device=None, early_stopping_rounds=None,
             enable_categorical=False, eval_metric=None, feature_types=None,
             gamma=None, grow_policy=None, importance_type=None,
             interaction_constraints=None, learning_rate=None, max_bin=None,
             max_cat_threshold=None, max_cat_to_onehot=None,
             max_delta_step=None, max_depth=None, max_leaves=None,
             min_child_weight=None, missing=nan, monotone_constraints=None,
             multi_strategy=None, n_estimators=None, n_jobs=None,
             num_parallel_tree=None, random_state=None, ...), 'estimator__eta': 0.3, 'estimator__gamma': 30, 'estimator__max_delta_step': 3, 'estimator__max_depth': 6, 'estimator__min_child_weight': 10, 'estimator__random_state': 42}",0.03599063436210516,0.05799454693120446,0.037869750305241666,0.04029670713212541,0.06181477486725849,0.06275382538843341,0.0585904735445141,0.04645832659715925,0.03450532229957629,0.02795477719537449,0.04642291386229928,0.012199106700667508,589,0.11864891809116473,0.24119645742924045,0.028398407327837605,0.02066700403787869,0.03638325860846092,0.05050658596856494,0.03875581368426939,0.0028673913716468213,0.0025635766667464477,0.32101556741915505,0.0861002980604965,0.10382520714439339,606,0.16735711752593546,0.20491798351024226,0.17227371208473763,0.17249387732608762,0.22654835006323465,0.1898865125617788,0.19731434715480983,0.1877474386673681,0.17047527330852666,0.14259692533902762,0.18316115375417485,0.022160479939809095,631
618,0.02940661907196045,0.0008003056718555737,0.004900908470153809,0.00029984344515537247,"XGBRegressor(base_score=None, booster=None, callbacks=None,
             colsample_bylevel=None, colsample_bynode=None,
             colsample_bytree=None, device=None, early_stopping_rounds=None,
             enable_categorical=False, eval_metric=None, feature_types=None,
             gamma=None, grow_policy=None, importance_type=None,
             interaction_constraints=None, learning_rate=None, max_bin=None,
             max_cat_threshold=None, max_cat_to_onehot=None,
             max_delta_step=None, max_depth=None, max_leaves=None,
             min_child_weight=None, missing=nan, monotone_constraints=None,
             multi_strategy=None, n_estimators=None, n_jobs=None,
             num_parallel_tree=None, random_state=None, ...)",,,30,,,,,0.3,3,9,0,42,,,,,,"{'estimator': XGBRegressor(base_score=None, booster=None, callbacks=None,
             colsample_bylevel=None, colsample_bynode=None,
             colsample_bytree=None, device=None, early_stopping_rounds=None,
             enable_categorical=False, eval_metric=None, feature_types=None,
             gamma=None, grow_policy=None, importance_type=None,
             interaction_constraints=None, learning_rate=None, max_bin=None,
             max_cat_threshold=None, max_cat_to_onehot=None,
             max_delta_step=None, max_depth=None, max_leaves=None,
             min_child_weight=None, missing=nan, monotone_constraints=None,
             multi_strategy=None, n_estimators=None, n_jobs=None,
             num_parallel_tree=None, random_state=None, ...), 'estimator__eta': 0.3, 'estimator__gamma': 30, 'estimator__max_delta_step': 3, 'estimator__max_depth': 9, 'estimator__min_child_weight': 0, 'estimator__random_state': 42}",0.03599063436210516,0.05799454693120446,0.037869750305241666,0.04029670713212541,0.06181477486725849,0.06275382538843341,0.0585904735445141,0.04645832659715925,0.03450532229957629,0.02795477719537449,0.04642291386229928,0.012199106700667508,589,0.11864891809116473,0.24119645742924045,0.028398407327837605,0.02066700403787869,0.03638325860846092,0.05050658596856494,0.03875581368426939,0.0028673913716468213,0.0025635766667464477,0.32101556741915505,0.0861002980604965,0.10382520714439339,606,0.16735711752593546,0.20491798351024226,0.17227371208473763,0.17249387732608762,0.22654835006323465,0.1898865125617788,0.19731434715480983,0.1877474386673681,0.17047527330852666,0.14259692533902762,0.18316115375417485,0.022160479939809095,631
619,0.028606486320495606,0.0004903300992339653,0.005201148986816406,0.0004002815311390666,"XGBRegressor(base_score=None, booster=None, callbacks=None,
             colsample_bylevel=None, colsample_bynode=None,
             colsample_bytree=None, device=None, early_stopping_rounds=None,
             enable_categorical=False, eval_metric=None, feature_types=None,
             gamma=None, grow_policy=None, importance_type=None,
             interaction_constraints=None, learning_rate=None, max_bin=None,
             max_cat_threshold=None, max_cat_to_onehot=None,
             max_delta_step=None, max_depth=None, max_leaves=None,
             min_child_weight=None, missing=nan, monotone_constraints=None,
             multi_strategy=None, n_estimators=None, n_jobs=None,
             num_parallel_tree=None, random_state=None, ...)",,,30,,,,,0.3,3,9,1,42,,,,,,"{'estimator': XGBRegressor(base_score=None, booster=None, callbacks=None,
             colsample_bylevel=None, colsample_bynode=None,
             colsample_bytree=None, device=None, early_stopping_rounds=None,
             enable_categorical=False, eval_metric=None, feature_types=None,
             gamma=None, grow_policy=None, importance_type=None,
             interaction_constraints=None, learning_rate=None, max_bin=None,
             max_cat_threshold=None, max_cat_to_onehot=None,
             max_delta_step=None, max_depth=None, max_leaves=None,
             min_child_weight=None, missing=nan, monotone_constraints=None,
             multi_strategy=None, n_estimators=None, n_jobs=None,
             num_parallel_tree=None, random_state=None, ...), 'estimator__eta': 0.3, 'estimator__gamma': 30, 'estimator__max_delta_step': 3, 'estimator__max_depth': 9, 'estimator__min_child_weight': 1, 'estimator__random_state': 42}",0.03599063436210516,0.05799454693120446,0.037869750305241666,0.04029670713212541,0.06181477486725849,0.06275382538843341,0.0585904735445141,0.04645832659715925,0.03450532229957629,0.02795477719537449,0.04642291386229928,0.012199106700667508,589,0.11864891809116473,0.24119645742924045,0.028398407327837605,0.02066700403787869,0.03638325860846092,0.05050658596856494,0.03875581368426939,0.0028673913716468213,0.0025635766667464477,0.32101556741915505,0.0861002980604965,0.10382520714439339,606,0.16735711752593546,0.20491798351024226,0.17227371208473763,0.17249387732608762,0.22654835006323465,0.1898865125617788,0.19731434715480983,0.1877474386673681,0.17047527330852666,0.14259692533902762,0.18316115375417485,0.022160479939809095,631
620,0.028806567192077637,0.0007486470279863381,0.005001068115234375,4.6476337169689957e-07,"XGBRegressor(base_score=None, booster=None, callbacks=None,
             colsample_bylevel=None, colsample_bynode=None,
             colsample_bytree=None, device=None, early_stopping_rounds=None,
             enable_categorical=False, eval_metric=None, feature_types=None,
             gamma=None, grow_policy=None, importance_type=None,
             interaction_constraints=None, learning_rate=None, max_bin=None,
             max_cat_threshold=None, max_cat_to_onehot=None,
             max_delta_step=None, max_depth=None, max_leaves=None,
             min_child_weight=None, missing=nan, monotone_constraints=None,
             multi_strategy=None, n_estimators=None, n_jobs=None,
             num_parallel_tree=None, random_state=None, ...)",,,30,,,,,0.3,3,9,10,42,,,,,,"{'estimator': XGBRegressor(base_score=None, booster=None, callbacks=None,
             colsample_bylevel=None, colsample_bynode=None,
             colsample_bytree=None, device=None, early_stopping_rounds=None,
             enable_categorical=False, eval_metric=None, feature_types=None,
             gamma=None, grow_policy=None, importance_type=None,
             interaction_constraints=None, learning_rate=None, max_bin=None,
             max_cat_threshold=None, max_cat_to_onehot=None,
             max_delta_step=None, max_depth=None, max_leaves=None,
             min_child_weight=None, missing=nan, monotone_constraints=None,
             multi_strategy=None, n_estimators=None, n_jobs=None,
             num_parallel_tree=None, random_state=None, ...), 'estimator__eta': 0.3, 'estimator__gamma': 30, 'estimator__max_delta_step': 3, 'estimator__max_depth': 9, 'estimator__min_child_weight': 10, 'estimator__random_state': 42}",0.03599063436210516,0.05799454693120446,0.037869750305241666,0.04029670713212541,0.06181477486725849,0.06275382538843341,0.0585904735445141,0.04645832659715925,0.03450532229957629,0.02795477719537449,0.04642291386229928,0.012199106700667508,589,0.11864891809116473,0.24119645742924045,0.028398407327837605,0.02066700403787869,0.03638325860846092,0.05050658596856494,0.03875581368426939,0.0028673913716468213,0.0025635766667464477,0.32101556741915505,0.0861002980604965,0.10382520714439339,606,0.16735711752593546,0.20491798351024226,0.17227371208473763,0.17249387732608762,0.22654835006323465,0.1898865125617788,0.19731434715480983,0.1877474386673681,0.17047527330852666,0.14259692533902762,0.18316115375417485,0.022160479939809095,631
621,0.028806543350219725,0.0008721379141349617,0.005201029777526856,0.00040028102345800843,"XGBRegressor(base_score=None, booster=None, callbacks=None,
             colsample_bylevel=None, colsample_bynode=None,
             colsample_bytree=None, device=None, early_stopping_rounds=None,
             enable_categorical=False, eval_metric=None, feature_types=None,
             gamma=None, grow_policy=None, importance_type=None,
             interaction_constraints=None, learning_rate=None, max_bin=None,
             max_cat_threshold=None, max_cat_to_onehot=None,
             max_delta_step=None, max_depth=None, max_leaves=None,
             min_child_weight=None, missing=nan, monotone_constraints=None,
             multi_strategy=None, n_estimators=None, n_jobs=None,
             num_parallel_tree=None, random_state=None, ...)",,,30,,,,,0.3,6,3,0,42,,,,,,"{'estimator': XGBRegressor(base_score=None, booster=None, callbacks=None,
             colsample_bylevel=None, colsample_bynode=None,
             colsample_bytree=None, device=None, early_stopping_rounds=None,
             enable_categorical=False, eval_metric=None, feature_types=None,
             gamma=None, grow_policy=None, importance_type=None,
             interaction_constraints=None, learning_rate=None, max_bin=None,
             max_cat_threshold=None, max_cat_to_onehot=None,
             max_delta_step=None, max_depth=None, max_leaves=None,
             min_child_weight=None, missing=nan, monotone_constraints=None,
             multi_strategy=None, n_estimators=None, n_jobs=None,
             num_parallel_tree=None, random_state=None, ...), 'estimator__eta': 0.3, 'estimator__gamma': 30, 'estimator__max_delta_step': 6, 'estimator__max_depth': 3, 'estimator__min_child_weight': 0, 'estimator__random_state': 42}",0.03599063436210516,0.05799454693120446,0.037869750305241666,0.04029670713212541,0.06181477486725849,0.06275382538843341,0.0585904735445141,0.04645832659715925,0.03450532229957629,0.02795477719537449,0.04642291386229928,0.012199106700667508,589,0.11864891809116473,0.24119645742924045,0.028398407327837605,0.02066700403787869,0.03638325860846092,0.05050658596856494,0.03875581368426939,0.0028673913716468213,0.0025635766667464477,0.32101556741915505,0.0861002980604965,0.10382520714439339,606,0.16735711752593546,0.20491798351024226,0.17227371208473763,0.17249387732608762,0.22654835006323465,0.1898865125617788,0.19731434715480983,0.1877474386673681,0.17047527330852666,0.14259692533902762,0.18316115375417485,0.022160479939809095,631
622,0.0288067102432251,0.0006002267393778671,0.005200910568237305,0.0004000426724155895,"XGBRegressor(base_score=None, booster=None, callbacks=None,
             colsample_bylevel=None, colsample_bynode=None,
             colsample_bytree=None, device=None, early_stopping_rounds=None,
             enable_categorical=False, eval_metric=None, feature_types=None,
             gamma=None, grow_policy=None, importance_type=None,
             interaction_constraints=None, learning_rate=None, max_bin=None,
             max_cat_threshold=None, max_cat_to_onehot=None,
             max_delta_step=None, max_depth=None, max_leaves=None,
             min_child_weight=None, missing=nan, monotone_constraints=None,
             multi_strategy=None, n_estimators=None, n_jobs=None,
             num_parallel_tree=None, random_state=None, ...)",,,30,,,,,0.3,6,3,1,42,,,,,,"{'estimator': XGBRegressor(base_score=None, booster=None, callbacks=None,
             colsample_bylevel=None, colsample_bynode=None,
             colsample_bytree=None, device=None, early_stopping_rounds=None,
             enable_categorical=False, eval_metric=None, feature_types=None,
             gamma=None, grow_policy=None, importance_type=None,
             interaction_constraints=None, learning_rate=None, max_bin=None,
             max_cat_threshold=None, max_cat_to_onehot=None,
             max_delta_step=None, max_depth=None, max_leaves=None,
             min_child_weight=None, missing=nan, monotone_constraints=None,
             multi_strategy=None, n_estimators=None, n_jobs=None,
             num_parallel_tree=None, random_state=None, ...), 'estimator__eta': 0.3, 'estimator__gamma': 30, 'estimator__max_delta_step': 6, 'estimator__max_depth': 3, 'estimator__min_child_weight': 1, 'estimator__random_state': 42}",0.03599063436210516,0.05799454693120446,0.037869750305241666,0.04029670713212541,0.06181477486725849,0.06275382538843341,0.0585904735445141,0.04645832659715925,0.03450532229957629,0.02795477719537449,0.04642291386229928,0.012199106700667508,589,0.11864891809116473,0.24119645742924045,0.028398407327837605,0.02066700403787869,0.03638325860846092,0.05050658596856494,0.03875581368426939,0.0028673913716468213,0.0025635766667464477,0.32101556741915505,0.0861002980604965,0.10382520714439339,606,0.16735711752593546,0.20491798351024226,0.17227371208473763,0.17249387732608762,0.22654835006323465,0.1898865125617788,0.19731434715480983,0.1877474386673681,0.17047527330852666,0.14259692533902762,0.18316115375417485,0.022160479939809095,631
623,0.029006648063659667,0.0006322596046933832,0.005000758171081543,0.00044728820042253003,"XGBRegressor(base_score=None, booster=None, callbacks=None,
             colsample_bylevel=None, colsample_bynode=None,
             colsample_bytree=None, device=None, early_stopping_rounds=None,
             enable_categorical=False, eval_metric=None, feature_types=None,
             gamma=None, grow_policy=None, importance_type=None,
             interaction_constraints=None, learning_rate=None, max_bin=None,
             max_cat_threshold=None, max_cat_to_onehot=None,
             max_delta_step=None, max_depth=None, max_leaves=None,
             min_child_weight=None, missing=nan, monotone_constraints=None,
             multi_strategy=None, n_estimators=None, n_jobs=None,
             num_parallel_tree=None, random_state=None, ...)",,,30,,,,,0.3,6,3,10,42,,,,,,"{'estimator': XGBRegressor(base_score=None, booster=None, callbacks=None,
             colsample_bylevel=None, colsample_bynode=None,
             colsample_bytree=None, device=None, early_stopping_rounds=None,
             enable_categorical=False, eval_metric=None, feature_types=None,
             gamma=None, grow_policy=None, importance_type=None,
             interaction_constraints=None, learning_rate=None, max_bin=None,
             max_cat_threshold=None, max_cat_to_onehot=None,
             max_delta_step=None, max_depth=None, max_leaves=None,
             min_child_weight=None, missing=nan, monotone_constraints=None,
             multi_strategy=None, n_estimators=None, n_jobs=None,
             num_parallel_tree=None, random_state=None, ...), 'estimator__eta': 0.3, 'estimator__gamma': 30, 'estimator__max_delta_step': 6, 'estimator__max_depth': 3, 'estimator__min_child_weight': 10, 'estimator__random_state': 42}",0.03599063436210516,0.05799454693120446,0.037869750305241666,0.04029670713212541,0.06181477486725849,0.06275382538843341,0.0585904735445141,0.04645832659715925,0.03450532229957629,0.02795477719537449,0.04642291386229928,0.012199106700667508,589,0.11864891809116473,0.24119645742924045,0.028398407327837605,0.02066700403787869,0.03638325860846092,0.05050658596856494,0.03875581368426939,0.0028673913716468213,0.0025635766667464477,0.32101556741915505,0.0861002980604965,0.10382520714439339,606,0.16735711752593546,0.20491798351024226,0.17227371208473763,0.17249387732608762,0.22654835006323465,0.1898865125617788,0.19731434715480983,0.1877474386673681,0.17047527330852666,0.14259692533902762,0.18316115375417485,0.022160479939809095,631
624,0.029906630516052246,0.0009434284707568382,0.004901313781738281,0.00030021711028938746,"XGBRegressor(base_score=None, booster=None, callbacks=None,
             colsample_bylevel=None, colsample_bynode=None,
             colsample_bytree=None, device=None, early_stopping_rounds=None,
             enable_categorical=False, eval_metric=None, feature_types=None,
             gamma=None, grow_policy=None, importance_type=None,
             interaction_constraints=None, learning_rate=None, max_bin=None,
             max_cat_threshold=None, max_cat_to_onehot=None,
             max_delta_step=None, max_depth=None, max_leaves=None,
             min_child_weight=None, missing=nan, monotone_constraints=None,
             multi_strategy=None, n_estimators=None, n_jobs=None,
             num_parallel_tree=None, random_state=None, ...)",,,30,,,,,0.3,6,6,0,42,,,,,,"{'estimator': XGBRegressor(base_score=None, booster=None, callbacks=None,
             colsample_bylevel=None, colsample_bynode=None,
             colsample_bytree=None, device=None, early_stopping_rounds=None,
             enable_categorical=False, eval_metric=None, feature_types=None,
             gamma=None, grow_policy=None, importance_type=None,
             interaction_constraints=None, learning_rate=None, max_bin=None,
             max_cat_threshold=None, max_cat_to_onehot=None,
             max_delta_step=None, max_depth=None, max_leaves=None,
             min_child_weight=None, missing=nan, monotone_constraints=None,
             multi_strategy=None, n_estimators=None, n_jobs=None,
             num_parallel_tree=None, random_state=None, ...), 'estimator__eta': 0.3, 'estimator__gamma': 30, 'estimator__max_delta_step': 6, 'estimator__max_depth': 6, 'estimator__min_child_weight': 0, 'estimator__random_state': 42}",0.03599063436210516,0.05799454693120446,0.037869750305241666,0.04029670713212541,0.06181477486725849,0.06275382538843341,0.0585904735445141,0.04645832659715925,0.03450532229957629,0.02795477719537449,0.04642291386229928,0.012199106700667508,589,0.11864891809116473,0.24119645742924045,0.028398407327837605,0.02066700403787869,0.03638325860846092,0.05050658596856494,0.03875581368426939,0.0028673913716468213,0.0025635766667464477,0.32101556741915505,0.0861002980604965,0.10382520714439339,606,0.16735711752593546,0.20491798351024226,0.17227371208473763,0.17249387732608762,0.22654835006323465,0.1898865125617788,0.19731434715480983,0.1877474386673681,0.17047527330852666,0.14259692533902762,0.18316115375417485,0.022160479939809095,631
625,0.02920663356781006,0.0006001790809197766,0.004901242256164551,0.0005385971960302666,"XGBRegressor(base_score=None, booster=None, callbacks=None,
             colsample_bylevel=None, colsample_bynode=None,
             colsample_bytree=None, device=None, early_stopping_rounds=None,
             enable_categorical=False, eval_metric=None, feature_types=None,
             gamma=None, grow_policy=None, importance_type=None,
             interaction_constraints=None, learning_rate=None, max_bin=None,
             max_cat_threshold=None, max_cat_to_onehot=None,
             max_delta_step=None, max_depth=None, max_leaves=None,
             min_child_weight=None, missing=nan, monotone_constraints=None,
             multi_strategy=None, n_estimators=None, n_jobs=None,
             num_parallel_tree=None, random_state=None, ...)",,,30,,,,,0.3,6,6,1,42,,,,,,"{'estimator': XGBRegressor(base_score=None, booster=None, callbacks=None,
             colsample_bylevel=None, colsample_bynode=None,
             colsample_bytree=None, device=None, early_stopping_rounds=None,
             enable_categorical=False, eval_metric=None, feature_types=None,
             gamma=None, grow_policy=None, importance_type=None,
             interaction_constraints=None, learning_rate=None, max_bin=None,
             max_cat_threshold=None, max_cat_to_onehot=None,
             max_delta_step=None, max_depth=None, max_leaves=None,
             min_child_weight=None, missing=nan, monotone_constraints=None,
             multi_strategy=None, n_estimators=None, n_jobs=None,
             num_parallel_tree=None, random_state=None, ...), 'estimator__eta': 0.3, 'estimator__gamma': 30, 'estimator__max_delta_step': 6, 'estimator__max_depth': 6, 'estimator__min_child_weight': 1, 'estimator__random_state': 42}",0.03599063436210516,0.05799454693120446,0.037869750305241666,0.04029670713212541,0.06181477486725849,0.06275382538843341,0.0585904735445141,0.04645832659715925,0.03450532229957629,0.02795477719537449,0.04642291386229928,0.012199106700667508,589,0.11864891809116473,0.24119645742924045,0.028398407327837605,0.02066700403787869,0.03638325860846092,0.05050658596856494,0.03875581368426939,0.0028673913716468213,0.0025635766667464477,0.32101556741915505,0.0861002980604965,0.10382520714439339,606,0.16735711752593546,0.20491798351024226,0.17227371208473763,0.17249387732608762,0.22654835006323465,0.1898865125617788,0.19731434715480983,0.1877474386673681,0.17047527330852666,0.14259692533902762,0.18316115375417485,0.022160479939809095,631
626,0.028606605529785157,0.0004899892396973508,0.004900979995727539,0.0003001851591826503,"XGBRegressor(base_score=None, booster=None, callbacks=None,
             colsample_bylevel=None, colsample_bynode=None,
             colsample_bytree=None, device=None, early_stopping_rounds=None,
             enable_categorical=False, eval_metric=None, feature_types=None,
             gamma=None, grow_policy=None, importance_type=None,
             interaction_constraints=None, learning_rate=None, max_bin=None,
             max_cat_threshold=None, max_cat_to_onehot=None,
             max_delta_step=None, max_depth=None, max_leaves=None,
             min_child_weight=None, missing=nan, monotone_constraints=None,
             multi_strategy=None, n_estimators=None, n_jobs=None,
             num_parallel_tree=None, random_state=None, ...)",,,30,,,,,0.3,6,6,10,42,,,,,,"{'estimator': XGBRegressor(base_score=None, booster=None, callbacks=None,
             colsample_bylevel=None, colsample_bynode=None,
             colsample_bytree=None, device=None, early_stopping_rounds=None,
             enable_categorical=False, eval_metric=None, feature_types=None,
             gamma=None, grow_policy=None, importance_type=None,
             interaction_constraints=None, learning_rate=None, max_bin=None,
             max_cat_threshold=None, max_cat_to_onehot=None,
             max_delta_step=None, max_depth=None, max_leaves=None,
             min_child_weight=None, missing=nan, monotone_constraints=None,
             multi_strategy=None, n_estimators=None, n_jobs=None,
             num_parallel_tree=None, random_state=None, ...), 'estimator__eta': 0.3, 'estimator__gamma': 30, 'estimator__max_delta_step': 6, 'estimator__max_depth': 6, 'estimator__min_child_weight': 10, 'estimator__random_state': 42}",0.03599063436210516,0.05799454693120446,0.037869750305241666,0.04029670713212541,0.06181477486725849,0.06275382538843341,0.0585904735445141,0.04645832659715925,0.03450532229957629,0.02795477719537449,0.04642291386229928,0.012199106700667508,589,0.11864891809116473,0.24119645742924045,0.028398407327837605,0.02066700403787869,0.03638325860846092,0.05050658596856494,0.03875581368426939,0.0028673913716468213,0.0025635766667464477,0.32101556741915505,0.0861002980604965,0.10382520714439339,606,0.16735711752593546,0.20491798351024226,0.17227371208473763,0.17249387732608762,0.22654835006323465,0.1898865125617788,0.19731434715480983,0.1877474386673681,0.17047527330852666,0.14259692533902762,0.18316115375417485,0.022160479939809095,631
627,0.029306697845458984,0.0009003058686948991,0.005101251602172852,0.0005386192824107113,"XGBRegressor(base_score=None, booster=None, callbacks=None,
             colsample_bylevel=None, colsample_bynode=None,
             colsample_bytree=None, device=None, early_stopping_rounds=None,
             enable_categorical=False, eval_metric=None, feature_types=None,
             gamma=None, grow_policy=None, importance_type=None,
             interaction_constraints=None, learning_rate=None, max_bin=None,
             max_cat_threshold=None, max_cat_to_onehot=None,
             max_delta_step=None, max_depth=None, max_leaves=None,
             min_child_weight=None, missing=nan, monotone_constraints=None,
             multi_strategy=None, n_estimators=None, n_jobs=None,
             num_parallel_tree=None, random_state=None, ...)",,,30,,,,,0.3,6,9,0,42,,,,,,"{'estimator': XGBRegressor(base_score=None, booster=None, callbacks=None,
             colsample_bylevel=None, colsample_bynode=None,
             colsample_bytree=None, device=None, early_stopping_rounds=None,
             enable_categorical=False, eval_metric=None, feature_types=None,
             gamma=None, grow_policy=None, importance_type=None,
             interaction_constraints=None, learning_rate=None, max_bin=None,
             max_cat_threshold=None, max_cat_to_onehot=None,
             max_delta_step=None, max_depth=None, max_leaves=None,
             min_child_weight=None, missing=nan, monotone_constraints=None,
             multi_strategy=None, n_estimators=None, n_jobs=None,
             num_parallel_tree=None, random_state=None, ...), 'estimator__eta': 0.3, 'estimator__gamma': 30, 'estimator__max_delta_step': 6, 'estimator__max_depth': 9, 'estimator__min_child_weight': 0, 'estimator__random_state': 42}",0.03599063436210516,0.05799454693120446,0.037869750305241666,0.04029670713212541,0.06181477486725849,0.06275382538843341,0.0585904735445141,0.04645832659715925,0.03450532229957629,0.02795477719537449,0.04642291386229928,0.012199106700667508,589,0.11864891809116473,0.24119645742924045,0.028398407327837605,0.02066700403787869,0.03638325860846092,0.05050658596856494,0.03875581368426939,0.0028673913716468213,0.0025635766667464477,0.32101556741915505,0.0861002980604965,0.10382520714439339,606,0.16735711752593546,0.20491798351024226,0.17227371208473763,0.17249387732608762,0.22654835006323465,0.1898865125617788,0.19731434715480983,0.1877474386673681,0.17047527330852666,0.14259692533902762,0.18316115375417485,0.022160479939809095,631
628,0.02940657138824463,0.0012810161318558893,0.005001068115234375,0.0004472345668922211,"XGBRegressor(base_score=None, booster=None, callbacks=None,
             colsample_bylevel=None, colsample_bynode=None,
             colsample_bytree=None, device=None, early_stopping_rounds=None,
             enable_categorical=False, eval_metric=None, feature_types=None,
             gamma=None, grow_policy=None, importance_type=None,
             interaction_constraints=None, learning_rate=None, max_bin=None,
             max_cat_threshold=None, max_cat_to_onehot=None,
             max_delta_step=None, max_depth=None, max_leaves=None,
             min_child_weight=None, missing=nan, monotone_constraints=None,
             multi_strategy=None, n_estimators=None, n_jobs=None,
             num_parallel_tree=None, random_state=None, ...)",,,30,,,,,0.3,6,9,1,42,,,,,,"{'estimator': XGBRegressor(base_score=None, booster=None, callbacks=None,
             colsample_bylevel=None, colsample_bynode=None,
             colsample_bytree=None, device=None, early_stopping_rounds=None,
             enable_categorical=False, eval_metric=None, feature_types=None,
             gamma=None, grow_policy=None, importance_type=None,
             interaction_constraints=None, learning_rate=None, max_bin=None,
             max_cat_threshold=None, max_cat_to_onehot=None,
             max_delta_step=None, max_depth=None, max_leaves=None,
             min_child_weight=None, missing=nan, monotone_constraints=None,
             multi_strategy=None, n_estimators=None, n_jobs=None,
             num_parallel_tree=None, random_state=None, ...), 'estimator__eta': 0.3, 'estimator__gamma': 30, 'estimator__max_delta_step': 6, 'estimator__max_depth': 9, 'estimator__min_child_weight': 1, 'estimator__random_state': 42}",0.03599063436210516,0.05799454693120446,0.037869750305241666,0.04029670713212541,0.06181477486725849,0.06275382538843341,0.0585904735445141,0.04645832659715925,0.03450532229957629,0.02795477719537449,0.04642291386229928,0.012199106700667508,589,0.11864891809116473,0.24119645742924045,0.028398407327837605,0.02066700403787869,0.03638325860846092,0.05050658596856494,0.03875581368426939,0.0028673913716468213,0.0025635766667464477,0.32101556741915505,0.0861002980604965,0.10382520714439339,606,0.16735711752593546,0.20491798351024226,0.17227371208473763,0.17249387732608762,0.22654835006323465,0.1898865125617788,0.19731434715480983,0.1877474386673681,0.17047527330852666,0.14259692533902762,0.18316115375417485,0.022160479939809095,631
629,0.029506683349609375,0.0008060788655689074,0.005000948905944824,0.00044728821567267547,"XGBRegressor(base_score=None, booster=None, callbacks=None,
             colsample_bylevel=None, colsample_bynode=None,
             colsample_bytree=None, device=None, early_stopping_rounds=None,
             enable_categorical=False, eval_metric=None, feature_types=None,
             gamma=None, grow_policy=None, importance_type=None,
             interaction_constraints=None, learning_rate=None, max_bin=None,
             max_cat_threshold=None, max_cat_to_onehot=None,
             max_delta_step=None, max_depth=None, max_leaves=None,
             min_child_weight=None, missing=nan, monotone_constraints=None,
             multi_strategy=None, n_estimators=None, n_jobs=None,
             num_parallel_tree=None, random_state=None, ...)",,,30,,,,,0.3,6,9,10,42,,,,,,"{'estimator': XGBRegressor(base_score=None, booster=None, callbacks=None,
             colsample_bylevel=None, colsample_bynode=None,
             colsample_bytree=None, device=None, early_stopping_rounds=None,
             enable_categorical=False, eval_metric=None, feature_types=None,
             gamma=None, grow_policy=None, importance_type=None,
             interaction_constraints=None, learning_rate=None, max_bin=None,
             max_cat_threshold=None, max_cat_to_onehot=None,
             max_delta_step=None, max_depth=None, max_leaves=None,
             min_child_weight=None, missing=nan, monotone_constraints=None,
             multi_strategy=None, n_estimators=None, n_jobs=None,
             num_parallel_tree=None, random_state=None, ...), 'estimator__eta': 0.3, 'estimator__gamma': 30, 'estimator__max_delta_step': 6, 'estimator__max_depth': 9, 'estimator__min_child_weight': 10, 'estimator__random_state': 42}",0.03599063436210516,0.05799454693120446,0.037869750305241666,0.04029670713212541,0.06181477486725849,0.06275382538843341,0.0585904735445141,0.04645832659715925,0.03450532229957629,0.02795477719537449,0.04642291386229928,0.012199106700667508,589,0.11864891809116473,0.24119645742924045,0.028398407327837605,0.02066700403787869,0.03638325860846092,0.05050658596856494,0.03875581368426939,0.0028673913716468213,0.0025635766667464477,0.32101556741915505,0.0861002980604965,0.10382520714439339,606,0.16735711752593546,0.20491798351024226,0.17227371208473763,0.17249387732608762,0.22654835006323465,0.1898865125617788,0.19731434715480983,0.1877474386673681,0.17047527330852666,0.14259692533902762,0.18316115375417485,0.022160479939809095,631
630,0.04190950393676758,0.0014460336591823018,0.004901075363159179,0.00030005804061132547,"XGBRegressor(base_score=None, booster=None, callbacks=None,
             colsample_bylevel=None, colsample_bynode=None,
             colsample_bytree=None, device=None, early_stopping_rounds=None,
             enable_categorical=False, eval_metric=None, feature_types=None,
             gamma=None, grow_policy=None, importance_type=None,
             interaction_constraints=None, learning_rate=None, max_bin=None,
             max_cat_threshold=None, max_cat_to_onehot=None,
             max_delta_step=None, max_depth=None, max_leaves=None,
             min_child_weight=None, missing=nan, monotone_constraints=None,
             multi_strategy=None, n_estimators=None, n_jobs=None,
             num_parallel_tree=None, random_state=None, ...)",,,0,,,,,0.5,0,3,0,42,,,,,,"{'estimator': XGBRegressor(base_score=None, booster=None, callbacks=None,
             colsample_bylevel=None, colsample_bynode=None,
             colsample_bytree=None, device=None, early_stopping_rounds=None,
             enable_categorical=False, eval_metric=None, feature_types=None,
             gamma=None, grow_policy=None, importance_type=None,
             interaction_constraints=None, learning_rate=None, max_bin=None,
             max_cat_threshold=None, max_cat_to_onehot=None,
             max_delta_step=None, max_depth=None, max_leaves=None,
             min_child_weight=None, missing=nan, monotone_constraints=None,
             multi_strategy=None, n_estimators=None, n_jobs=None,
             num_parallel_tree=None, random_state=None, ...), 'estimator__eta': 0.5, 'estimator__gamma': 0, 'estimator__max_delta_step': 0, 'estimator__max_depth': 3, 'estimator__min_child_weight': 0, 'estimator__random_state': 42}",0.01830507938687568,0.012513576156287558,0.014007167030625224,0.0068288757149896065,0.013781795702152657,0.024608282901898447,0.021261067422680312,0.02092512113621967,0.007785410544345109,0.010632317100445174,0.015064869309651943,0.005692581708733685,162,0.4310476151745266,0.7321850550297496,0.6196186098571623,0.8270328120331989,0.7689351393749317,0.5880543839708813,0.6230606094408286,0.5483022488093773,0.773792316055153,0.4975650741459323,0.6409593863891742,0.12399708979186597,212,0.08258249976504754,0.09053266968863508,0.08179648035182584,0.057678009593006466,0.09302364197317742,0.11050112715857577,0.08448459546954154,0.11566621577927684,0.07587614271731798,0.07132028282104803,0.08634616653174526,0.016434217287803348,114
631,0.041109347343444826,0.0011359575760142486,0.005401301383972168,0.0004902323962332989,"XGBRegressor(base_score=None, booster=None, callbacks=None,
             colsample_bylevel=None, colsample_bynode=None,
             colsample_bytree=None, device=None, early_stopping_rounds=None,
             enable_categorical=False, eval_metric=None, feature_types=None,
             gamma=None, grow_policy=None, importance_type=None,
             interaction_constraints=None, learning_rate=None, max_bin=None,
             max_cat_threshold=None, max_cat_to_onehot=None,
             max_delta_step=None, max_depth=None, max_leaves=None,
             min_child_weight=None, missing=nan, monotone_constraints=None,
             multi_strategy=None, n_estimators=None, n_jobs=None,
             num_parallel_tree=None, random_state=None, ...)",,,0,,,,,0.5,0,3,1,42,,,,,,"{'estimator': XGBRegressor(base_score=None, booster=None, callbacks=None,
             colsample_bylevel=None, colsample_bynode=None,
             colsample_bytree=None, device=None, early_stopping_rounds=None,
             enable_categorical=False, eval_metric=None, feature_types=None,
             gamma=None, grow_policy=None, importance_type=None,
             interaction_constraints=None, learning_rate=None, max_bin=None,
             max_cat_threshold=None, max_cat_to_onehot=None,
             max_delta_step=None, max_depth=None, max_leaves=None,
             min_child_weight=None, missing=nan, monotone_constraints=None,
             multi_strategy=None, n_estimators=None, n_jobs=None,
             num_parallel_tree=None, random_state=None, ...), 'estimator__eta': 0.5, 'estimator__gamma': 0, 'estimator__max_delta_step': 0, 'estimator__max_depth': 3, 'estimator__min_child_weight': 1, 'estimator__random_state': 42}",0.01830507938687568,0.012513576156287558,0.014007167030625224,0.0068288757149896065,0.013781795702152657,0.024608282901898447,0.021261067422680312,0.02092512113621967,0.007785410544345109,0.010632317100445174,0.015064869309651943,0.005692581708733685,162,0.4310476151745266,0.7321850550297496,0.6196186098571623,0.8270328120331989,0.7689351393749317,0.5880543839708813,0.6230606094408286,0.5483022488093773,0.773792316055153,0.4975650741459323,0.6409593863891742,0.12399708979186597,212,0.08258249976504754,0.09053266968863508,0.08179648035182584,0.057678009593006466,0.09302364197317742,0.11050112715857577,0.08448459546954154,0.11566621577927684,0.07587614271731798,0.07132028282104803,0.08634616653174526,0.016434217287803348,114
632,0.043509817123413085,0.0015001933241372803,0.005101418495178223,0.00053849995769317,"XGBRegressor(base_score=None, booster=None, callbacks=None,
             colsample_bylevel=None, colsample_bynode=None,
             colsample_bytree=None, device=None, early_stopping_rounds=None,
             enable_categorical=False, eval_metric=None, feature_types=None,
             gamma=None, grow_policy=None, importance_type=None,
             interaction_constraints=None, learning_rate=None, max_bin=None,
             max_cat_threshold=None, max_cat_to_onehot=None,
             max_delta_step=None, max_depth=None, max_leaves=None,
             min_child_weight=None, missing=nan, monotone_constraints=None,
             multi_strategy=None, n_estimators=None, n_jobs=None,
             num_parallel_tree=None, random_state=None, ...)",,,0,,,,,0.5,0,3,10,42,,,,,,"{'estimator': XGBRegressor(base_score=None, booster=None, callbacks=None,
             colsample_bylevel=None, colsample_bynode=None,
             colsample_bytree=None, device=None, early_stopping_rounds=None,
             enable_categorical=False, eval_metric=None, feature_types=None,
             gamma=None, grow_policy=None, importance_type=None,
             interaction_constraints=None, learning_rate=None, max_bin=None,
             max_cat_threshold=None, max_cat_to_onehot=None,
             max_delta_step=None, max_depth=None, max_leaves=None,
             min_child_weight=None, missing=nan, monotone_constraints=None,
             multi_strategy=None, n_estimators=None, n_jobs=None,
             num_parallel_tree=None, random_state=None, ...), 'estimator__eta': 0.5, 'estimator__gamma': 0, 'estimator__max_delta_step': 0, 'estimator__max_depth': 3, 'estimator__min_child_weight': 10, 'estimator__random_state': 42}",0.015916003072861316,0.02103438632506037,0.010036429510651888,0.007399546523665838,0.016282487922414334,0.028651250362189004,0.020341599633090356,0.023087274934249617,0.01633732659718283,0.003999232104426647,0.01630855369857922,0.007122338998686093,304,0.5053040899846326,0.5498230924739673,0.7274487409919921,0.8125784085338349,0.7270086653632248,0.5203746223371841,0.639361937184943,0.5016291613782173,0.5253135604925067,0.811014488480909,0.6319856767221411,0.12103294099317227,256,0.08014637939062472,0.10968639969690777,0.08090683544654582,0.06614222898532278,0.09053925549412807,0.12128823449286044,0.09672488974698175,0.10659620238333829,0.10666386597946988,0.04295923232624485,0.09016535239424243,0.02219611312803654,209
633,0.04250969886779785,0.0009220428275811861,0.004900908470153809,0.0005386678650390027,"XGBRegressor(base_score=None, booster=None, callbacks=None,
             colsample_bylevel=None, colsample_bynode=None,
             colsample_bytree=None, device=None, early_stopping_rounds=None,
             enable_categorical=False, eval_metric=None, feature_types=None,
             gamma=None, grow_policy=None, importance_type=None,
             interaction_constraints=None, learning_rate=None, max_bin=None,
             max_cat_threshold=None, max_cat_to_onehot=None,
             max_delta_step=None, max_depth=None, max_leaves=None,
             min_child_weight=None, missing=nan, monotone_constraints=None,
             multi_strategy=None, n_estimators=None, n_jobs=None,
             num_parallel_tree=None, random_state=None, ...)",,,0,,,,,0.5,0,6,0,42,,,,,,"{'estimator': XGBRegressor(base_score=None, booster=None, callbacks=None,
             colsample_bylevel=None, colsample_bynode=None,
             colsample_bytree=None, device=None, early_stopping_rounds=None,
             enable_categorical=False, eval_metric=None, feature_types=None,
             gamma=None, grow_policy=None, importance_type=None,
             interaction_constraints=None, learning_rate=None, max_bin=None,
             max_cat_threshold=None, max_cat_to_onehot=None,
             max_delta_step=None, max_depth=None, max_leaves=None,
             min_child_weight=None, missing=nan, monotone_constraints=None,
             multi_strategy=None, n_estimators=None, n_jobs=None,
             num_parallel_tree=None, random_state=None, ...), 'estimator__eta': 0.5, 'estimator__gamma': 0, 'estimator__max_delta_step': 0, 'estimator__max_depth': 6, 'estimator__min_child_weight': 0, 'estimator__random_state': 42}",0.019673542447095457,0.01254861715100458,0.011918897220185583,0.01599126738210633,0.01996554345921248,0.0381377026484095,0.019028187463045444,0.016530826725958153,0.006194212240461824,0.005917170983094096,0.016590596772057344,0.008669754395236557,329,0.38851350181712485,0.7314351093743562,0.676328076643102,0.5949604786280154,0.6652587502812792,0.36157026989386665,0.662647540540944,0.6431591860888926,0.820025110198533,0.7203814242868806,0.6264279447752995,0.1380819840155814,273,0.09537813007776869,0.09398915774325026,0.09272934894423195,0.09373642809675145,0.11943027060649315,0.13287352474145991,0.08090107641197039,0.09297241455945734,0.06262396275016663,0.06190089791692714,0.09265352118484768,0.020810451029020086,299
634,0.04270966053009033,0.0014180371625622738,0.005001163482666016,3.0532475649990315e-07,"XGBRegressor(base_score=None, booster=None, callbacks=None,
             colsample_bylevel=None, colsample_bynode=None,
             colsample_bytree=None, device=None, early_stopping_rounds=None,
             enable_categorical=False, eval_metric=None, feature_types=None,
             gamma=None, grow_policy=None, importance_type=None,
             interaction_constraints=None, learning_rate=None, max_bin=None,
             max_cat_threshold=None, max_cat_to_onehot=None,
             max_delta_step=None, max_depth=None, max_leaves=None,
             min_child_weight=None, missing=nan, monotone_constraints=None,
             multi_strategy=None, n_estimators=None, n_jobs=None,
             num_parallel_tree=None, random_state=None, ...)",,,0,,,,,0.5,0,6,1,42,,,,,,"{'estimator': XGBRegressor(base_score=None, booster=None, callbacks=None,
             colsample_bylevel=None, colsample_bynode=None,
             colsample_bytree=None, device=None, early_stopping_rounds=None,
             enable_categorical=False, eval_metric=None, feature_types=None,
             gamma=None, grow_policy=None, importance_type=None,
             interaction_constraints=None, learning_rate=None, max_bin=None,
             max_cat_threshold=None, max_cat_to_onehot=None,
             max_delta_step=None, max_depth=None, max_leaves=None,
             min_child_weight=None, missing=nan, monotone_constraints=None,
             multi_strategy=None, n_estimators=None, n_jobs=None,
             num_parallel_tree=None, random_state=None, ...), 'estimator__eta': 0.5, 'estimator__gamma': 0, 'estimator__max_delta_step': 0, 'estimator__max_depth': 6, 'estimator__min_child_weight': 1, 'estimator__random_state': 42}",0.019673542447095457,0.01254861715100458,0.011918897220185583,0.01599126738210633,0.01996554345921248,0.0381377026484095,0.019028187463045444,0.016530826725958153,0.006194212240461824,0.005917170983094096,0.016590596772057344,0.008669754395236557,329,0.38851350181712485,0.7314351093743562,0.676328076643102,0.5949604786280154,0.6652587502812792,0.36157026989386665,0.662647540540944,0.6431591860888926,0.820025110198533,0.7203814242868806,0.6264279447752995,0.1380819840155814,273,0.09537813007776869,0.09398915774325026,0.09272934894423195,0.09373642809675145,0.11943027060649315,0.13287352474145991,0.08090107641197039,0.09297241455945734,0.06262396275016663,0.06190089791692714,0.09265352118484768,0.020810451029020086,299
635,0.055112457275390624,0.002914351173547189,0.005301046371459961,0.0004581723996176147,"XGBRegressor(base_score=None, booster=None, callbacks=None,
             colsample_bylevel=None, colsample_bynode=None,
             colsample_bytree=None, device=None, early_stopping_rounds=None,
             enable_categorical=False, eval_metric=None, feature_types=None,
             gamma=None, grow_policy=None, importance_type=None,
             interaction_constraints=None, learning_rate=None, max_bin=None,
             max_cat_threshold=None, max_cat_to_onehot=None,
             max_delta_step=None, max_depth=None, max_leaves=None,
             min_child_weight=None, missing=nan, monotone_constraints=None,
             multi_strategy=None, n_estimators=None, n_jobs=None,
             num_parallel_tree=None, random_state=None, ...)",,,0,,,,,0.5,0,6,10,42,,,,,,"{'estimator': XGBRegressor(base_score=None, booster=None, callbacks=None,
             colsample_bylevel=None, colsample_bynode=None,
             colsample_bytree=None, device=None, early_stopping_rounds=None,
             enable_categorical=False, eval_metric=None, feature_types=None,
             gamma=None, grow_policy=None, importance_type=None,
             interaction_constraints=None, learning_rate=None, max_bin=None,
             max_cat_threshold=None, max_cat_to_onehot=None,
             max_delta_step=None, max_depth=None, max_leaves=None,
             min_child_weight=None, missing=nan, monotone_constraints=None,
             multi_strategy=None, n_estimators=None, n_jobs=None,
             num_parallel_tree=None, random_state=None, ...), 'estimator__eta': 0.5, 'estimator__gamma': 0, 'estimator__max_delta_step': 0, 'estimator__max_depth': 6, 'estimator__min_child_weight': 10, 'estimator__random_state': 42}",0.014829125819178115,0.022869555313556222,0.008840319640992519,0.009162497908262963,0.015462049809264595,0.025059107218336665,0.024335197213062897,0.01802666627458687,0.014647975496085423,0.006030234535287435,0.015926272922861372,0.006353611051069678,254,0.5390860470265115,0.5105468955238113,0.7599305364892426,0.767924975634682,0.7407640875421233,0.5805075306818319,0.5685590838753486,0.6108694155370719,0.574398216693006,0.7150385552841607,0.636762534428779,0.09336197445833318,239,0.07970998052271781,0.12236529166958636,0.07225405040494587,0.06486720723716219,0.08954479936772636,0.11656087601027965,0.10746807195311983,0.09444572688149873,0.09419383546649869,0.05652518698443735,0.08979350264979728,0.020659823142742676,190
636,0.05621259212493897,0.0032812868755274574,0.0053010225296020504,0.0004583441566732547,"XGBRegressor(base_score=None, booster=None, callbacks=None,
             colsample_bylevel=None, colsample_bynode=None,
             colsample_bytree=None, device=None, early_stopping_rounds=None,
             enable_categorical=False, eval_metric=None, feature_types=None,
             gamma=None, grow_policy=None, importance_type=None,
             interaction_constraints=None, learning_rate=None, max_bin=None,
             max_cat_threshold=None, max_cat_to_onehot=None,
             max_delta_step=None, max_depth=None, max_leaves=None,
             min_child_weight=None, missing=nan, monotone_constraints=None,
             multi_strategy=None, n_estimators=None, n_jobs=None,
             num_parallel_tree=None, random_state=None, ...)",,,0,,,,,0.5,0,9,0,42,,,,,,"{'estimator': XGBRegressor(base_score=None, booster=None, callbacks=None,
             colsample_bylevel=None, colsample_bynode=None,
             colsample_bytree=None, device=None, early_stopping_rounds=None,
             enable_categorical=False, eval_metric=None, feature_types=None,
             gamma=None, grow_policy=None, importance_type=None,
             interaction_constraints=None, learning_rate=None, max_bin=None,
             max_cat_threshold=None, max_cat_to_onehot=None,
             max_delta_step=None, max_depth=None, max_leaves=None,
             min_child_weight=None, missing=nan, monotone_constraints=None,
             multi_strategy=None, n_estimators=None, n_jobs=None,
             num_parallel_tree=None, random_state=None, ...), 'estimator__eta': 0.5, 'estimator__gamma': 0, 'estimator__max_delta_step': 0, 'estimator__max_depth': 9, 'estimator__min_child_weight': 0, 'estimator__random_state': 42}",0.011163981589892402,0.015662958218118975,0.017521807478804968,0.016152309651397006,0.018890205557261036,0.03559284024351228,0.020621840710913112,0.015756644700196835,0.008694206415226028,0.006217678268892477,0.016627447283421512,0.007646074909439446,335,0.6530048400516067,0.6647821341504232,0.5241743407477946,0.5908814721230561,0.6832878088894005,0.4041715726858568,0.6343935177267803,0.6598709784733722,0.7473869507941094,0.7061808173606261,0.6268134433003026,0.09418050123466841,271,0.07967579586565454,0.10064343996016425,0.10475762071615721,0.09016456237608961,0.11592128556392113,0.13307094327224198,0.09064349087818803,0.0934315702438957,0.06541291595980837,0.06479384453276382,0.09385154693688846,0.020170340221806735,366
637,0.05191190242767334,0.00336077180643723,0.004900908470153809,0.00030000236335081163,"XGBRegressor(base_score=None, booster=None, callbacks=None,
             colsample_bylevel=None, colsample_bynode=None,
             colsample_bytree=None, device=None, early_stopping_rounds=None,
             enable_categorical=False, eval_metric=None, feature_types=None,
             gamma=None, grow_policy=None, importance_type=None,
             interaction_constraints=None, learning_rate=None, max_bin=None,
             max_cat_threshold=None, max_cat_to_onehot=None,
             max_delta_step=None, max_depth=None, max_leaves=None,
             min_child_weight=None, missing=nan, monotone_constraints=None,
             multi_strategy=None, n_estimators=None, n_jobs=None,
             num_parallel_tree=None, random_state=None, ...)",,,0,,,,,0.5,0,9,1,42,,,,,,"{'estimator': XGBRegressor(base_score=None, booster=None, callbacks=None,
             colsample_bylevel=None, colsample_bynode=None,
             colsample_bytree=None, device=None, early_stopping_rounds=None,
             enable_categorical=False, eval_metric=None, feature_types=None,
             gamma=None, grow_policy=None, importance_type=None,
             interaction_constraints=None, learning_rate=None, max_bin=None,
             max_cat_threshold=None, max_cat_to_onehot=None,
             max_delta_step=None, max_depth=None, max_leaves=None,
             min_child_weight=None, missing=nan, monotone_constraints=None,
             multi_strategy=None, n_estimators=None, n_jobs=None,
             num_parallel_tree=None, random_state=None, ...), 'estimator__eta': 0.5, 'estimator__gamma': 0, 'estimator__max_delta_step': 0, 'estimator__max_depth': 9, 'estimator__min_child_weight': 1, 'estimator__random_state': 42}",0.011163981589892402,0.015662958218118975,0.017521807478804968,0.016152309651397006,0.018890205557261036,0.03559284024351228,0.020621840710913112,0.015756644700196835,0.008694206415226028,0.006217678268892477,0.016627447283421512,0.007646074909439446,335,0.6530048400516067,0.6647821341504232,0.5241743407477946,0.5908814721230561,0.6832878088894005,0.4041715726858568,0.6343935177267803,0.6598709784733722,0.7473869507941094,0.7061808173606261,0.6268134433003026,0.09418050123466841,271,0.07967579586565454,0.10064343996016425,0.10475762071615721,0.09016456237608961,0.11592128556392113,0.13307094327224198,0.09064349087818803,0.0934315702438957,0.06541291595980837,0.06479384453276382,0.09385154693688846,0.020170340221806735,366
638,0.05991377830505371,0.0031454885359407415,0.005200910568237305,0.00040016177157428304,"XGBRegressor(base_score=None, booster=None, callbacks=None,
             colsample_bylevel=None, colsample_bynode=None,
             colsample_bytree=None, device=None, early_stopping_rounds=None,
             enable_categorical=False, eval_metric=None, feature_types=None,
             gamma=None, grow_policy=None, importance_type=None,
             interaction_constraints=None, learning_rate=None, max_bin=None,
             max_cat_threshold=None, max_cat_to_onehot=None,
             max_delta_step=None, max_depth=None, max_leaves=None,
             min_child_weight=None, missing=nan, monotone_constraints=None,
             multi_strategy=None, n_estimators=None, n_jobs=None,
             num_parallel_tree=None, random_state=None, ...)",,,0,,,,,0.5,0,9,10,42,,,,,,"{'estimator': XGBRegressor(base_score=None, booster=None, callbacks=None,
             colsample_bylevel=None, colsample_bynode=None,
             colsample_bytree=None, device=None, early_stopping_rounds=None,
             enable_categorical=False, eval_metric=None, feature_types=None,
             gamma=None, grow_policy=None, importance_type=None,
             interaction_constraints=None, learning_rate=None, max_bin=None,
             max_cat_threshold=None, max_cat_to_onehot=None,
             max_delta_step=None, max_depth=None, max_leaves=None,
             min_child_weight=None, missing=nan, monotone_constraints=None,
             multi_strategy=None, n_estimators=None, n_jobs=None,
             num_parallel_tree=None, random_state=None, ...), 'estimator__eta': 0.5, 'estimator__gamma': 0, 'estimator__max_delta_step': 0, 'estimator__max_depth': 9, 'estimator__min_child_weight': 10, 'estimator__random_state': 42}",0.013143893720145709,0.024447777381666543,0.009420466022694297,0.009935674463600129,0.01520404012606689,0.02610503071394934,0.027332980962986978,0.01694210112704965,0.01557152712701271,0.004775958743421755,0.0162879450388594,0.007190211227161379,301,0.5914658702146248,0.4767698639987804,0.744175966940984,0.7483413457430181,0.7450898642969395,0.5629986455459962,0.5154111041780001,0.6342812579332584,0.5475641179328202,0.7743099218671041,0.6340407958651525,0.10504605168374782,252,0.07748853805130007,0.1287789609949977,0.08159364598072782,0.06730015879462406,0.08908570037209049,0.11744157095491896,0.10989287240982841,0.09202510356512074,0.09589991790244437,0.050869846382436794,0.09103763154084894,0.02226029742227761,231
639,0.042610001564025876,0.0014286764178571539,0.005100846290588379,0.0005383851375707759,"XGBRegressor(base_score=None, booster=None, callbacks=None,
             colsample_bylevel=None, colsample_bynode=None,
             colsample_bytree=None, device=None, early_stopping_rounds=None,
             enable_categorical=False, eval_metric=None, feature_types=None,
             gamma=None, grow_policy=None, importance_type=None,
             interaction_constraints=None, learning_rate=None, max_bin=None,
             max_cat_threshold=None, max_cat_to_onehot=None,
             max_delta_step=None, max_depth=None, max_leaves=None,
             min_child_weight=None, missing=nan, monotone_constraints=None,
             multi_strategy=None, n_estimators=None, n_jobs=None,
             num_parallel_tree=None, random_state=None, ...)",,,0,,,,,0.5,3,3,0,42,,,,,,"{'estimator': XGBRegressor(base_score=None, booster=None, callbacks=None,
             colsample_bylevel=None, colsample_bynode=None,
             colsample_bytree=None, device=None, early_stopping_rounds=None,
             enable_categorical=False, eval_metric=None, feature_types=None,
             gamma=None, grow_policy=None, importance_type=None,
             interaction_constraints=None, learning_rate=None, max_bin=None,
             max_cat_threshold=None, max_cat_to_onehot=None,
             max_delta_step=None, max_depth=None, max_leaves=None,
             min_child_weight=None, missing=nan, monotone_constraints=None,
             multi_strategy=None, n_estimators=None, n_jobs=None,
             num_parallel_tree=None, random_state=None, ...), 'estimator__eta': 0.5, 'estimator__gamma': 0, 'estimator__max_delta_step': 3, 'estimator__max_depth': 3, 'estimator__min_child_weight': 0, 'estimator__random_state': 42}",0.01830507938687568,0.012513576156287558,0.014007167030625224,0.0068288757149896065,0.013781795702152657,0.024608282901898447,0.021261067422680312,0.02092512113621967,0.007785410544345109,0.010632317100445174,0.015064869309651943,0.005692581708733685,162,0.4310476151745266,0.7321850550297496,0.6196186098571623,0.8270328120331989,0.7689351393749317,0.5880543839708813,0.6230606094408286,0.5483022488093773,0.773792316055153,0.4975650741459323,0.6409593863891742,0.12399708979186597,212,0.08258249976504754,0.09053266968863508,0.08179648035182584,0.057678009593006466,0.09302364197317742,0.11050112715857577,0.08448459546954154,0.11566621577927684,0.07587614271731798,0.07132028282104803,0.08634616653174526,0.016434217287803348,114
640,0.042209506034851074,0.0015368876163493995,0.004900908470153809,0.0003001614057220273,"XGBRegressor(base_score=None, booster=None, callbacks=None,
             colsample_bylevel=None, colsample_bynode=None,
             colsample_bytree=None, device=None, early_stopping_rounds=None,
             enable_categorical=False, eval_metric=None, feature_types=None,
             gamma=None, grow_policy=None, importance_type=None,
             interaction_constraints=None, learning_rate=None, max_bin=None,
             max_cat_threshold=None, max_cat_to_onehot=None,
             max_delta_step=None, max_depth=None, max_leaves=None,
             min_child_weight=None, missing=nan, monotone_constraints=None,
             multi_strategy=None, n_estimators=None, n_jobs=None,
             num_parallel_tree=None, random_state=None, ...)",,,0,,,,,0.5,3,3,1,42,,,,,,"{'estimator': XGBRegressor(base_score=None, booster=None, callbacks=None,
             colsample_bylevel=None, colsample_bynode=None,
             colsample_bytree=None, device=None, early_stopping_rounds=None,
             enable_categorical=False, eval_metric=None, feature_types=None,
             gamma=None, grow_policy=None, importance_type=None,
             interaction_constraints=None, learning_rate=None, max_bin=None,
             max_cat_threshold=None, max_cat_to_onehot=None,
             max_delta_step=None, max_depth=None, max_leaves=None,
             min_child_weight=None, missing=nan, monotone_constraints=None,
             multi_strategy=None, n_estimators=None, n_jobs=None,
             num_parallel_tree=None, random_state=None, ...), 'estimator__eta': 0.5, 'estimator__gamma': 0, 'estimator__max_delta_step': 3, 'estimator__max_depth': 3, 'estimator__min_child_weight': 1, 'estimator__random_state': 42}",0.01830507938687568,0.012513576156287558,0.014007167030625224,0.0068288757149896065,0.013781795702152657,0.024608282901898447,0.021261067422680312,0.02092512113621967,0.007785410544345109,0.010632317100445174,0.015064869309651943,0.005692581708733685,162,0.4310476151745266,0.7321850550297496,0.6196186098571623,0.8270328120331989,0.7689351393749317,0.5880543839708813,0.6230606094408286,0.5483022488093773,0.773792316055153,0.4975650741459323,0.6409593863891742,0.12399708979186597,212,0.08258249976504754,0.09053266968863508,0.08179648035182584,0.057678009593006466,0.09302364197317742,0.11050112715857577,0.08448459546954154,0.11566621577927684,0.07587614271731798,0.07132028282104803,0.08634616653174526,0.016434217287803348,114
641,0.044609904289245605,0.0016250333986890207,0.004800939559936523,0.0004000783561576807,"XGBRegressor(base_score=None, booster=None, callbacks=None,
             colsample_bylevel=None, colsample_bynode=None,
             colsample_bytree=None, device=None, early_stopping_rounds=None,
             enable_categorical=False, eval_metric=None, feature_types=None,
             gamma=None, grow_policy=None, importance_type=None,
             interaction_constraints=None, learning_rate=None, max_bin=None,
             max_cat_threshold=None, max_cat_to_onehot=None,
             max_delta_step=None, max_depth=None, max_leaves=None,
             min_child_weight=None, missing=nan, monotone_constraints=None,
             multi_strategy=None, n_estimators=None, n_jobs=None,
             num_parallel_tree=None, random_state=None, ...)",,,0,,,,,0.5,3,3,10,42,,,,,,"{'estimator': XGBRegressor(base_score=None, booster=None, callbacks=None,
             colsample_bylevel=None, colsample_bynode=None,
             colsample_bytree=None, device=None, early_stopping_rounds=None,
             enable_categorical=False, eval_metric=None, feature_types=None,
             gamma=None, grow_policy=None, importance_type=None,
             interaction_constraints=None, learning_rate=None, max_bin=None,
             max_cat_threshold=None, max_cat_to_onehot=None,
             max_delta_step=None, max_depth=None, max_leaves=None,
             min_child_weight=None, missing=nan, monotone_constraints=None,
             multi_strategy=None, n_estimators=None, n_jobs=None,
             num_parallel_tree=None, random_state=None, ...), 'estimator__eta': 0.5, 'estimator__gamma': 0, 'estimator__max_delta_step': 3, 'estimator__max_depth': 3, 'estimator__min_child_weight': 10, 'estimator__random_state': 42}",0.015916003072861316,0.02103438632506037,0.010036429510651888,0.007399546523665838,0.016282487922414334,0.028651250362189004,0.020341599633090356,0.023087274934249617,0.01633732659718283,0.003999232104426647,0.01630855369857922,0.007122338998686093,304,0.5053040899846326,0.5498230924739673,0.7274487409919921,0.8125784085338349,0.7270086653632248,0.5203746223371841,0.639361937184943,0.5016291613782173,0.5253135604925067,0.811014488480909,0.6319856767221411,0.12103294099317227,256,0.08014637939062472,0.10968639969690777,0.08090683544654582,0.06614222898532278,0.09053925549412807,0.12128823449286044,0.09672488974698175,0.10659620238333829,0.10666386597946988,0.04295923232624485,0.09016535239424243,0.02219611312803654,209
642,0.042909646034240724,0.002022682184776976,0.004900932312011719,0.00030001012326338477,"XGBRegressor(base_score=None, booster=None, callbacks=None,
             colsample_bylevel=None, colsample_bynode=None,
             colsample_bytree=None, device=None, early_stopping_rounds=None,
             enable_categorical=False, eval_metric=None, feature_types=None,
             gamma=None, grow_policy=None, importance_type=None,
             interaction_constraints=None, learning_rate=None, max_bin=None,
             max_cat_threshold=None, max_cat_to_onehot=None,
             max_delta_step=None, max_depth=None, max_leaves=None,
             min_child_weight=None, missing=nan, monotone_constraints=None,
             multi_strategy=None, n_estimators=None, n_jobs=None,
             num_parallel_tree=None, random_state=None, ...)",,,0,,,,,0.5,3,6,0,42,,,,,,"{'estimator': XGBRegressor(base_score=None, booster=None, callbacks=None,
             colsample_bylevel=None, colsample_bynode=None,
             colsample_bytree=None, device=None, early_stopping_rounds=None,
             enable_categorical=False, eval_metric=None, feature_types=None,
             gamma=None, grow_policy=None, importance_type=None,
             interaction_constraints=None, learning_rate=None, max_bin=None,
             max_cat_threshold=None, max_cat_to_onehot=None,
             max_delta_step=None, max_depth=None, max_leaves=None,
             min_child_weight=None, missing=nan, monotone_constraints=None,
             multi_strategy=None, n_estimators=None, n_jobs=None,
             num_parallel_tree=None, random_state=None, ...), 'estimator__eta': 0.5, 'estimator__gamma': 0, 'estimator__max_delta_step': 3, 'estimator__max_depth': 6, 'estimator__min_child_weight': 0, 'estimator__random_state': 42}",0.019673542447095457,0.01254861715100458,0.011918897220185583,0.01599126738210633,0.01996554345921248,0.0381377026484095,0.019028187463045444,0.016530826725958153,0.006194212240461824,0.005917170983094096,0.016590596772057344,0.008669754395236557,329,0.38851350181712485,0.7314351093743562,0.676328076643102,0.5949604786280154,0.6652587502812792,0.36157026989386665,0.662647540540944,0.6431591860888926,0.820025110198533,0.7203814242868806,0.6264279447752995,0.1380819840155814,273,0.09537813007776869,0.09398915774325026,0.09272934894423195,0.09373642809675145,0.11943027060649315,0.13287352474145991,0.08090107641197039,0.09297241455945734,0.06262396275016663,0.06190089791692714,0.09265352118484768,0.020810451029020086,299
643,0.04210996627807617,0.0011361277823837147,0.005000567436218262,4.0531158447265624e-07,"XGBRegressor(base_score=None, booster=None, callbacks=None,
             colsample_bylevel=None, colsample_bynode=None,
             colsample_bytree=None, device=None, early_stopping_rounds=None,
             enable_categorical=False, eval_metric=None, feature_types=None,
             gamma=None, grow_policy=None, importance_type=None,
             interaction_constraints=None, learning_rate=None, max_bin=None,
             max_cat_threshold=None, max_cat_to_onehot=None,
             max_delta_step=None, max_depth=None, max_leaves=None,
             min_child_weight=None, missing=nan, monotone_constraints=None,
             multi_strategy=None, n_estimators=None, n_jobs=None,
             num_parallel_tree=None, random_state=None, ...)",,,0,,,,,0.5,3,6,1,42,,,,,,"{'estimator': XGBRegressor(base_score=None, booster=None, callbacks=None,
             colsample_bylevel=None, colsample_bynode=None,
             colsample_bytree=None, device=None, early_stopping_rounds=None,
             enable_categorical=False, eval_metric=None, feature_types=None,
             gamma=None, grow_policy=None, importance_type=None,
             interaction_constraints=None, learning_rate=None, max_bin=None,
             max_cat_threshold=None, max_cat_to_onehot=None,
             max_delta_step=None, max_depth=None, max_leaves=None,
             min_child_weight=None, missing=nan, monotone_constraints=None,
             multi_strategy=None, n_estimators=None, n_jobs=None,
             num_parallel_tree=None, random_state=None, ...), 'estimator__eta': 0.5, 'estimator__gamma': 0, 'estimator__max_delta_step': 3, 'estimator__max_depth': 6, 'estimator__min_child_weight': 1, 'estimator__random_state': 42}",0.019673542447095457,0.01254861715100458,0.011918897220185583,0.01599126738210633,0.01996554345921248,0.0381377026484095,0.019028187463045444,0.016530826725958153,0.006194212240461824,0.005917170983094096,0.016590596772057344,0.008669754395236557,329,0.38851350181712485,0.7314351093743562,0.676328076643102,0.5949604786280154,0.6652587502812792,0.36157026989386665,0.662647540540944,0.6431591860888926,0.820025110198533,0.7203814242868806,0.6264279447752995,0.1380819840155814,273,0.09537813007776869,0.09398915774325026,0.09272934894423195,0.09373642809675145,0.11943027060649315,0.13287352474145991,0.08090107641197039,0.09297241455945734,0.06262396275016663,0.06190089791692714,0.09265352118484768,0.020810451029020086,299
644,0.05501260757446289,0.0032255417724059263,0.005201148986816406,0.00040034099992215805,"XGBRegressor(base_score=None, booster=None, callbacks=None,
             colsample_bylevel=None, colsample_bynode=None,
             colsample_bytree=None, device=None, early_stopping_rounds=None,
             enable_categorical=False, eval_metric=None, feature_types=None,
             gamma=None, grow_policy=None, importance_type=None,
             interaction_constraints=None, learning_rate=None, max_bin=None,
             max_cat_threshold=None, max_cat_to_onehot=None,
             max_delta_step=None, max_depth=None, max_leaves=None,
             min_child_weight=None, missing=nan, monotone_constraints=None,
             multi_strategy=None, n_estimators=None, n_jobs=None,
             num_parallel_tree=None, random_state=None, ...)",,,0,,,,,0.5,3,6,10,42,,,,,,"{'estimator': XGBRegressor(base_score=None, booster=None, callbacks=None,
             colsample_bylevel=None, colsample_bynode=None,
             colsample_bytree=None, device=None, early_stopping_rounds=None,
             enable_categorical=False, eval_metric=None, feature_types=None,
             gamma=None, grow_policy=None, importance_type=None,
             interaction_constraints=None, learning_rate=None, max_bin=None,
             max_cat_threshold=None, max_cat_to_onehot=None,
             max_delta_step=None, max_depth=None, max_leaves=None,
             min_child_weight=None, missing=nan, monotone_constraints=None,
             multi_strategy=None, n_estimators=None, n_jobs=None,
             num_parallel_tree=None, random_state=None, ...), 'estimator__eta': 0.5, 'estimator__gamma': 0, 'estimator__max_delta_step': 3, 'estimator__max_depth': 6, 'estimator__min_child_weight': 10, 'estimator__random_state': 42}",0.014829125819178115,0.022869555313556222,0.008840319640992519,0.009162497908262963,0.015462049809264595,0.025059107218336665,0.024335197213062897,0.01802666627458687,0.014647975496085423,0.006030234535287435,0.015926272922861372,0.006353611051069678,254,0.5390860470265115,0.5105468955238113,0.7599305364892426,0.767924975634682,0.7407640875421233,0.5805075306818319,0.5685590838753486,0.6108694155370719,0.574398216693006,0.7150385552841607,0.636762534428779,0.09336197445833318,239,0.07970998052271781,0.12236529166958636,0.07225405040494587,0.06486720723716219,0.08954479936772636,0.11656087601027965,0.10746807195311983,0.09444572688149873,0.09419383546649869,0.05652518698443735,0.08979350264979728,0.020659823142742676,190
645,0.05301198959350586,0.0027207455268410457,0.004901361465454101,0.000300153591012443,"XGBRegressor(base_score=None, booster=None, callbacks=None,
             colsample_bylevel=None, colsample_bynode=None,
             colsample_bytree=None, device=None, early_stopping_rounds=None,
             enable_categorical=False, eval_metric=None, feature_types=None,
             gamma=None, grow_policy=None, importance_type=None,
             interaction_constraints=None, learning_rate=None, max_bin=None,
             max_cat_threshold=None, max_cat_to_onehot=None,
             max_delta_step=None, max_depth=None, max_leaves=None,
             min_child_weight=None, missing=nan, monotone_constraints=None,
             multi_strategy=None, n_estimators=None, n_jobs=None,
             num_parallel_tree=None, random_state=None, ...)",,,0,,,,,0.5,3,9,0,42,,,,,,"{'estimator': XGBRegressor(base_score=None, booster=None, callbacks=None,
             colsample_bylevel=None, colsample_bynode=None,
             colsample_bytree=None, device=None, early_stopping_rounds=None,
             enable_categorical=False, eval_metric=None, feature_types=None,
             gamma=None, grow_policy=None, importance_type=None,
             interaction_constraints=None, learning_rate=None, max_bin=None,
             max_cat_threshold=None, max_cat_to_onehot=None,
             max_delta_step=None, max_depth=None, max_leaves=None,
             min_child_weight=None, missing=nan, monotone_constraints=None,
             multi_strategy=None, n_estimators=None, n_jobs=None,
             num_parallel_tree=None, random_state=None, ...), 'estimator__eta': 0.5, 'estimator__gamma': 0, 'estimator__max_delta_step': 3, 'estimator__max_depth': 9, 'estimator__min_child_weight': 0, 'estimator__random_state': 42}",0.011163981589892402,0.015662958218118975,0.017521807478804968,0.016152309651397006,0.018890205557261036,0.03627137979993069,0.020621840710913112,0.015756644700196835,0.008694206415226028,0.006217678268892477,0.01669530123906335,0.007815219307205256,341,0.6530048400516067,0.6647821341504232,0.5241743407477946,0.5908814721230561,0.6832878088894005,0.3928127388865532,0.6343935177267803,0.6598709784733722,0.7473869507941094,0.7061808173606261,0.6256775599203722,0.09688843735608345,283,0.07967579586565454,0.10064343996016425,0.10475762071615721,0.09016456237608961,0.11592128556392113,0.13282687119258346,0.09064349087818803,0.0934315702438957,0.06541291595980837,0.06479384453276382,0.09382713972892262,0.020122959875334853,362
646,0.05521230697631836,0.008390202382836633,0.005101609230041504,0.000539084073622846,"XGBRegressor(base_score=None, booster=None, callbacks=None,
             colsample_bylevel=None, colsample_bynode=None,
             colsample_bytree=None, device=None, early_stopping_rounds=None,
             enable_categorical=False, eval_metric=None, feature_types=None,
             gamma=None, grow_policy=None, importance_type=None,
             interaction_constraints=None, learning_rate=None, max_bin=None,
             max_cat_threshold=None, max_cat_to_onehot=None,
             max_delta_step=None, max_depth=None, max_leaves=None,
             min_child_weight=None, missing=nan, monotone_constraints=None,
             multi_strategy=None, n_estimators=None, n_jobs=None,
             num_parallel_tree=None, random_state=None, ...)",,,0,,,,,0.5,3,9,1,42,,,,,,"{'estimator': XGBRegressor(base_score=None, booster=None, callbacks=None,
             colsample_bylevel=None, colsample_bynode=None,
             colsample_bytree=None, device=None, early_stopping_rounds=None,
             enable_categorical=False, eval_metric=None, feature_types=None,
             gamma=None, grow_policy=None, importance_type=None,
             interaction_constraints=None, learning_rate=None, max_bin=None,
             max_cat_threshold=None, max_cat_to_onehot=None,
             max_delta_step=None, max_depth=None, max_leaves=None,
             min_child_weight=None, missing=nan, monotone_constraints=None,
             multi_strategy=None, n_estimators=None, n_jobs=None,
             num_parallel_tree=None, random_state=None, ...), 'estimator__eta': 0.5, 'estimator__gamma': 0, 'estimator__max_delta_step': 3, 'estimator__max_depth': 9, 'estimator__min_child_weight': 1, 'estimator__random_state': 42}",0.011163981589892402,0.015662958218118975,0.017521807478804968,0.016152309651397006,0.018890205557261036,0.03627137979993069,0.020621840710913112,0.015756644700196835,0.008694206415226028,0.006217678268892477,0.01669530123906335,0.007815219307205256,341,0.6530048400516067,0.6647821341504232,0.5241743407477946,0.5908814721230561,0.6832878088894005,0.3928127388865532,0.6343935177267803,0.6598709784733722,0.7473869507941094,0.7061808173606261,0.6256775599203722,0.09688843735608345,283,0.07967579586565454,0.10064343996016425,0.10475762071615721,0.09016456237608961,0.11592128556392113,0.13282687119258346,0.09064349087818803,0.0934315702438957,0.06541291595980837,0.06479384453276382,0.09382713972892262,0.020122959875334853,362
647,0.0609135627746582,0.002427526553348806,0.0052013397216796875,0.0004003050215120108,"XGBRegressor(base_score=None, booster=None, callbacks=None,
             colsample_bylevel=None, colsample_bynode=None,
             colsample_bytree=None, device=None, early_stopping_rounds=None,
             enable_categorical=False, eval_metric=None, feature_types=None,
             gamma=None, grow_policy=None, importance_type=None,
             interaction_constraints=None, learning_rate=None, max_bin=None,
             max_cat_threshold=None, max_cat_to_onehot=None,
             max_delta_step=None, max_depth=None, max_leaves=None,
             min_child_weight=None, missing=nan, monotone_constraints=None,
             multi_strategy=None, n_estimators=None, n_jobs=None,
             num_parallel_tree=None, random_state=None, ...)",,,0,,,,,0.5,3,9,10,42,,,,,,"{'estimator': XGBRegressor(base_score=None, booster=None, callbacks=None,
             colsample_bylevel=None, colsample_bynode=None,
             colsample_bytree=None, device=None, early_stopping_rounds=None,
             enable_categorical=False, eval_metric=None, feature_types=None,
             gamma=None, grow_policy=None, importance_type=None,
             interaction_constraints=None, learning_rate=None, max_bin=None,
             max_cat_threshold=None, max_cat_to_onehot=None,
             max_delta_step=None, max_depth=None, max_leaves=None,
             min_child_weight=None, missing=nan, monotone_constraints=None,
             multi_strategy=None, n_estimators=None, n_jobs=None,
             num_parallel_tree=None, random_state=None, ...), 'estimator__eta': 0.5, 'estimator__gamma': 0, 'estimator__max_delta_step': 3, 'estimator__max_depth': 9, 'estimator__min_child_weight': 10, 'estimator__random_state': 42}",0.013143893720145709,0.024447777381666543,0.009420466022694297,0.009935674463600129,0.01520404012606689,0.02610503071394934,0.027332980962986978,0.01694210112704965,0.01557152712701271,0.004775958743421755,0.0162879450388594,0.007190211227161379,301,0.5914658702146248,0.4767698639987804,0.744175966940984,0.7483413457430181,0.7450898642969395,0.5629986455459962,0.5154111041780001,0.6342812579332584,0.5475641179328202,0.7743099218671041,0.6340407958651525,0.10504605168374782,252,0.07748853805130007,0.1287789609949977,0.08159364598072782,0.06730015879462406,0.08908570037209049,0.11744157095491896,0.10989287240982841,0.09202510356512074,0.09589991790244437,0.050869846382436794,0.09103763154084894,0.02226029742227761,231
648,0.04431009292602539,0.0024927403755056156,0.005400919914245605,0.0006637443622229205,"XGBRegressor(base_score=None, booster=None, callbacks=None,
             colsample_bylevel=None, colsample_bynode=None,
             colsample_bytree=None, device=None, early_stopping_rounds=None,
             enable_categorical=False, eval_metric=None, feature_types=None,
             gamma=None, grow_policy=None, importance_type=None,
             interaction_constraints=None, learning_rate=None, max_bin=None,
             max_cat_threshold=None, max_cat_to_onehot=None,
             max_delta_step=None, max_depth=None, max_leaves=None,
             min_child_weight=None, missing=nan, monotone_constraints=None,
             multi_strategy=None, n_estimators=None, n_jobs=None,
             num_parallel_tree=None, random_state=None, ...)",,,0,,,,,0.5,6,3,0,42,,,,,,"{'estimator': XGBRegressor(base_score=None, booster=None, callbacks=None,
             colsample_bylevel=None, colsample_bynode=None,
             colsample_bytree=None, device=None, early_stopping_rounds=None,
             enable_categorical=False, eval_metric=None, feature_types=None,
             gamma=None, grow_policy=None, importance_type=None,
             interaction_constraints=None, learning_rate=None, max_bin=None,
             max_cat_threshold=None, max_cat_to_onehot=None,
             max_delta_step=None, max_depth=None, max_leaves=None,
             min_child_weight=None, missing=nan, monotone_constraints=None,
             multi_strategy=None, n_estimators=None, n_jobs=None,
             num_parallel_tree=None, random_state=None, ...), 'estimator__eta': 0.5, 'estimator__gamma': 0, 'estimator__max_delta_step': 6, 'estimator__max_depth': 3, 'estimator__min_child_weight': 0, 'estimator__random_state': 42}",0.01830507938687568,0.012513576156287558,0.014007167030625224,0.0068288757149896065,0.013781795702152657,0.024608282901898447,0.021261067422680312,0.02092512113621967,0.007785410544345109,0.010632317100445174,0.015064869309651943,0.005692581708733685,162,0.4310476151745266,0.7321850550297496,0.6196186098571623,0.8270328120331989,0.7689351393749317,0.5880543839708813,0.6230606094408286,0.5483022488093773,0.773792316055153,0.4975650741459323,0.6409593863891742,0.12399708979186597,212,0.08258249976504754,0.09053266968863508,0.08179648035182584,0.057678009593006466,0.09302364197317742,0.11050112715857577,0.08448459546954154,0.11566621577927684,0.07587614271731798,0.07132028282104803,0.08634616653174526,0.016434217287803348,114
649,0.04150962829589844,0.0012846900221858244,0.0050011157989501955,0.0004476079547613063,"XGBRegressor(base_score=None, booster=None, callbacks=None,
             colsample_bylevel=None, colsample_bynode=None,
             colsample_bytree=None, device=None, early_stopping_rounds=None,
             enable_categorical=False, eval_metric=None, feature_types=None,
             gamma=None, grow_policy=None, importance_type=None,
             interaction_constraints=None, learning_rate=None, max_bin=None,
             max_cat_threshold=None, max_cat_to_onehot=None,
             max_delta_step=None, max_depth=None, max_leaves=None,
             min_child_weight=None, missing=nan, monotone_constraints=None,
             multi_strategy=None, n_estimators=None, n_jobs=None,
             num_parallel_tree=None, random_state=None, ...)",,,0,,,,,0.5,6,3,1,42,,,,,,"{'estimator': XGBRegressor(base_score=None, booster=None, callbacks=None,
             colsample_bylevel=None, colsample_bynode=None,
             colsample_bytree=None, device=None, early_stopping_rounds=None,
             enable_categorical=False, eval_metric=None, feature_types=None,
             gamma=None, grow_policy=None, importance_type=None,
             interaction_constraints=None, learning_rate=None, max_bin=None,
             max_cat_threshold=None, max_cat_to_onehot=None,
             max_delta_step=None, max_depth=None, max_leaves=None,
             min_child_weight=None, missing=nan, monotone_constraints=None,
             multi_strategy=None, n_estimators=None, n_jobs=None,
             num_parallel_tree=None, random_state=None, ...), 'estimator__eta': 0.5, 'estimator__gamma': 0, 'estimator__max_delta_step': 6, 'estimator__max_depth': 3, 'estimator__min_child_weight': 1, 'estimator__random_state': 42}",0.01830507938687568,0.012513576156287558,0.014007167030625224,0.0068288757149896065,0.013781795702152657,0.024608282901898447,0.021261067422680312,0.02092512113621967,0.007785410544345109,0.010632317100445174,0.015064869309651943,0.005692581708733685,162,0.4310476151745266,0.7321850550297496,0.6196186098571623,0.8270328120331989,0.7689351393749317,0.5880543839708813,0.6230606094408286,0.5483022488093773,0.773792316055153,0.4975650741459323,0.6409593863891742,0.12399708979186597,212,0.08258249976504754,0.09053266968863508,0.08179648035182584,0.057678009593006466,0.09302364197317742,0.11050112715857577,0.08448459546954154,0.11566621577927684,0.07587614271731798,0.07132028282104803,0.08634616653174526,0.016434217287803348,114
650,0.04481022357940674,0.0013268593410870895,0.005000877380371094,0.0004471280674671326,"XGBRegressor(base_score=None, booster=None, callbacks=None,
             colsample_bylevel=None, colsample_bynode=None,
             colsample_bytree=None, device=None, early_stopping_rounds=None,
             enable_categorical=False, eval_metric=None, feature_types=None,
             gamma=None, grow_policy=None, importance_type=None,
             interaction_constraints=None, learning_rate=None, max_bin=None,
             max_cat_threshold=None, max_cat_to_onehot=None,
             max_delta_step=None, max_depth=None, max_leaves=None,
             min_child_weight=None, missing=nan, monotone_constraints=None,
             multi_strategy=None, n_estimators=None, n_jobs=None,
             num_parallel_tree=None, random_state=None, ...)",,,0,,,,,0.5,6,3,10,42,,,,,,"{'estimator': XGBRegressor(base_score=None, booster=None, callbacks=None,
             colsample_bylevel=None, colsample_bynode=None,
             colsample_bytree=None, device=None, early_stopping_rounds=None,
             enable_categorical=False, eval_metric=None, feature_types=None,
             gamma=None, grow_policy=None, importance_type=None,
             interaction_constraints=None, learning_rate=None, max_bin=None,
             max_cat_threshold=None, max_cat_to_onehot=None,
             max_delta_step=None, max_depth=None, max_leaves=None,
             min_child_weight=None, missing=nan, monotone_constraints=None,
             multi_strategy=None, n_estimators=None, n_jobs=None,
             num_parallel_tree=None, random_state=None, ...), 'estimator__eta': 0.5, 'estimator__gamma': 0, 'estimator__max_delta_step': 6, 'estimator__max_depth': 3, 'estimator__min_child_weight': 10, 'estimator__random_state': 42}",0.015916003072861316,0.02103438632506037,0.010036429510651888,0.007399546523665838,0.016282487922414334,0.028651250362189004,0.020341599633090356,0.023087274934249617,0.01633732659718283,0.003999232104426647,0.01630855369857922,0.007122338998686093,304,0.5053040899846326,0.5498230924739673,0.7274487409919921,0.8125784085338349,0.7270086653632248,0.5203746223371841,0.639361937184943,0.5016291613782173,0.5253135604925067,0.811014488480909,0.6319856767221411,0.12103294099317227,256,0.08014637939062472,0.10968639969690777,0.08090683544654582,0.06614222898532278,0.09053925549412807,0.12128823449286044,0.09672488974698175,0.10659620238333829,0.10666386597946988,0.04295923232624485,0.09016535239424243,0.02219611312803654,209
651,0.04533069133758545,0.005281269138348112,0.005380487442016602,0.0009270245152747055,"XGBRegressor(base_score=None, booster=None, callbacks=None,
             colsample_bylevel=None, colsample_bynode=None,
             colsample_bytree=None, device=None, early_stopping_rounds=None,
             enable_categorical=False, eval_metric=None, feature_types=None,
             gamma=None, grow_policy=None, importance_type=None,
             interaction_constraints=None, learning_rate=None, max_bin=None,
             max_cat_threshold=None, max_cat_to_onehot=None,
             max_delta_step=None, max_depth=None, max_leaves=None,
             min_child_weight=None, missing=nan, monotone_constraints=None,
             multi_strategy=None, n_estimators=None, n_jobs=None,
             num_parallel_tree=None, random_state=None, ...)",,,0,,,,,0.5,6,6,0,42,,,,,,"{'estimator': XGBRegressor(base_score=None, booster=None, callbacks=None,
             colsample_bylevel=None, colsample_bynode=None,
             colsample_bytree=None, device=None, early_stopping_rounds=None,
             enable_categorical=False, eval_metric=None, feature_types=None,
             gamma=None, grow_policy=None, importance_type=None,
             interaction_constraints=None, learning_rate=None, max_bin=None,
             max_cat_threshold=None, max_cat_to_onehot=None,
             max_delta_step=None, max_depth=None, max_leaves=None,
             min_child_weight=None, missing=nan, monotone_constraints=None,
             multi_strategy=None, n_estimators=None, n_jobs=None,
             num_parallel_tree=None, random_state=None, ...), 'estimator__eta': 0.5, 'estimator__gamma': 0, 'estimator__max_delta_step': 6, 'estimator__max_depth': 6, 'estimator__min_child_weight': 0, 'estimator__random_state': 42}",0.019673542447095457,0.01254861715100458,0.011918897220185583,0.01599126738210633,0.01996554345921248,0.0381377026484095,0.019028187463045444,0.016530826725958153,0.006194212240461824,0.005917170983094096,0.016590596772057344,0.008669754395236557,329,0.38851350181712485,0.7314351093743562,0.676328076643102,0.5949604786280154,0.6652587502812792,0.36157026989386665,0.662647540540944,0.6431591860888926,0.820025110198533,0.7203814242868806,0.6264279447752995,0.1380819840155814,273,0.09537813007776869,0.09398915774325026,0.09272934894423195,0.09373642809675145,0.11943027060649315,0.13287352474145991,0.08090107641197039,0.09297241455945734,0.06262396275016663,0.06190089791692714,0.09265352118484768,0.020810451029020086,299
652,0.043109560012817384,0.0011366188672279386,0.0050011157989501955,0.00044792785203420245,"XGBRegressor(base_score=None, booster=None, callbacks=None,
             colsample_bylevel=None, colsample_bynode=None,
             colsample_bytree=None, device=None, early_stopping_rounds=None,
             enable_categorical=False, eval_metric=None, feature_types=None,
             gamma=None, grow_policy=None, importance_type=None,
             interaction_constraints=None, learning_rate=None, max_bin=None,
             max_cat_threshold=None, max_cat_to_onehot=None,
             max_delta_step=None, max_depth=None, max_leaves=None,
             min_child_weight=None, missing=nan, monotone_constraints=None,
             multi_strategy=None, n_estimators=None, n_jobs=None,
             num_parallel_tree=None, random_state=None, ...)",,,0,,,,,0.5,6,6,1,42,,,,,,"{'estimator': XGBRegressor(base_score=None, booster=None, callbacks=None,
             colsample_bylevel=None, colsample_bynode=None,
             colsample_bytree=None, device=None, early_stopping_rounds=None,
             enable_categorical=False, eval_metric=None, feature_types=None,
             gamma=None, grow_policy=None, importance_type=None,
             interaction_constraints=None, learning_rate=None, max_bin=None,
             max_cat_threshold=None, max_cat_to_onehot=None,
             max_delta_step=None, max_depth=None, max_leaves=None,
             min_child_weight=None, missing=nan, monotone_constraints=None,
             multi_strategy=None, n_estimators=None, n_jobs=None,
             num_parallel_tree=None, random_state=None, ...), 'estimator__eta': 0.5, 'estimator__gamma': 0, 'estimator__max_delta_step': 6, 'estimator__max_depth': 6, 'estimator__min_child_weight': 1, 'estimator__random_state': 42}",0.019673542447095457,0.01254861715100458,0.011918897220185583,0.01599126738210633,0.01996554345921248,0.0381377026484095,0.019028187463045444,0.016530826725958153,0.006194212240461824,0.005917170983094096,0.016590596772057344,0.008669754395236557,329,0.38851350181712485,0.7314351093743562,0.676328076643102,0.5949604786280154,0.6652587502812792,0.36157026989386665,0.662647540540944,0.6431591860888926,0.820025110198533,0.7203814242868806,0.6264279447752995,0.1380819840155814,273,0.09537813007776869,0.09398915774325026,0.09272934894423195,0.09373642809675145,0.11943027060649315,0.13287352474145991,0.08090107641197039,0.09297241455945734,0.06262396275016663,0.06190089791692714,0.09265352118484768,0.020810451029020086,299
653,0.05541286468505859,0.0036117025068387524,0.005000853538513183,0.0004472881038382629,"XGBRegressor(base_score=None, booster=None, callbacks=None,
             colsample_bylevel=None, colsample_bynode=None,
             colsample_bytree=None, device=None, early_stopping_rounds=None,
             enable_categorical=False, eval_metric=None, feature_types=None,
             gamma=None, grow_policy=None, importance_type=None,
             interaction_constraints=None, learning_rate=None, max_bin=None,
             max_cat_threshold=None, max_cat_to_onehot=None,
             max_delta_step=None, max_depth=None, max_leaves=None,
             min_child_weight=None, missing=nan, monotone_constraints=None,
             multi_strategy=None, n_estimators=None, n_jobs=None,
             num_parallel_tree=None, random_state=None, ...)",,,0,,,,,0.5,6,6,10,42,,,,,,"{'estimator': XGBRegressor(base_score=None, booster=None, callbacks=None,
             colsample_bylevel=None, colsample_bynode=None,
             colsample_bytree=None, device=None, early_stopping_rounds=None,
             enable_categorical=False, eval_metric=None, feature_types=None,
             gamma=None, grow_policy=None, importance_type=None,
             interaction_constraints=None, learning_rate=None, max_bin=None,
             max_cat_threshold=None, max_cat_to_onehot=None,
             max_delta_step=None, max_depth=None, max_leaves=None,
             min_child_weight=None, missing=nan, monotone_constraints=None,
             multi_strategy=None, n_estimators=None, n_jobs=None,
             num_parallel_tree=None, random_state=None, ...), 'estimator__eta': 0.5, 'estimator__gamma': 0, 'estimator__max_delta_step': 6, 'estimator__max_depth': 6, 'estimator__min_child_weight': 10, 'estimator__random_state': 42}",0.014829125819178115,0.022869555313556222,0.008840319640992519,0.009162497908262963,0.015462049809264595,0.025059107218336665,0.024335197213062897,0.01802666627458687,0.014647975496085423,0.006030234535287435,0.015926272922861372,0.006353611051069678,254,0.5390860470265115,0.5105468955238113,0.7599305364892426,0.767924975634682,0.7407640875421233,0.5805075306818319,0.5685590838753486,0.6108694155370719,0.574398216693006,0.7150385552841607,0.636762534428779,0.09336197445833318,239,0.07970998052271781,0.12236529166958636,0.07225405040494587,0.06486720723716219,0.08954479936772636,0.11656087601027965,0.10746807195311983,0.09444572688149873,0.09419383546649869,0.05652518698443735,0.08979350264979728,0.020659823142742676,190
654,0.05331175327301026,0.0024107091416827,0.004900979995727539,0.00030002622413379286,"XGBRegressor(base_score=None, booster=None, callbacks=None,
             colsample_bylevel=None, colsample_bynode=None,
             colsample_bytree=None, device=None, early_stopping_rounds=None,
             enable_categorical=False, eval_metric=None, feature_types=None,
             gamma=None, grow_policy=None, importance_type=None,
             interaction_constraints=None, learning_rate=None, max_bin=None,
             max_cat_threshold=None, max_cat_to_onehot=None,
             max_delta_step=None, max_depth=None, max_leaves=None,
             min_child_weight=None, missing=nan, monotone_constraints=None,
             multi_strategy=None, n_estimators=None, n_jobs=None,
             num_parallel_tree=None, random_state=None, ...)",,,0,,,,,0.5,6,9,0,42,,,,,,"{'estimator': XGBRegressor(base_score=None, booster=None, callbacks=None,
             colsample_bylevel=None, colsample_bynode=None,
             colsample_bytree=None, device=None, early_stopping_rounds=None,
             enable_categorical=False, eval_metric=None, feature_types=None,
             gamma=None, grow_policy=None, importance_type=None,
             interaction_constraints=None, learning_rate=None, max_bin=None,
             max_cat_threshold=None, max_cat_to_onehot=None,
             max_delta_step=None, max_depth=None, max_leaves=None,
             min_child_weight=None, missing=nan, monotone_constraints=None,
             multi_strategy=None, n_estimators=None, n_jobs=None,
             num_parallel_tree=None, random_state=None, ...), 'estimator__eta': 0.5, 'estimator__gamma': 0, 'estimator__max_delta_step': 6, 'estimator__max_depth': 9, 'estimator__min_child_weight': 0, 'estimator__random_state': 42}",0.011163981589892402,0.015662958218118975,0.017521807478804968,0.016152309651397006,0.018890205557261036,0.03627137979993069,0.020621840710913112,0.015756644700196835,0.008694206415226028,0.006217678268892477,0.01669530123906335,0.007815219307205256,341,0.6530048400516067,0.6647821341504232,0.5241743407477946,0.5908814721230561,0.6832878088894005,0.3928127388865532,0.6343935177267803,0.6598709784733722,0.7473869507941094,0.7061808173606261,0.6256775599203722,0.09688843735608345,283,0.07967579586565454,0.10064343996016425,0.10475762071615721,0.09016456237608961,0.11592128556392113,0.13282687119258346,0.09064349087818803,0.0934315702438957,0.06541291595980837,0.06479384453276382,0.09382713972892262,0.020122959875334853,362
655,0.052211666107177736,0.002088668191005166,0.005301046371459961,0.00045838068317640237,"XGBRegressor(base_score=None, booster=None, callbacks=None,
             colsample_bylevel=None, colsample_bynode=None,
             colsample_bytree=None, device=None, early_stopping_rounds=None,
             enable_categorical=False, eval_metric=None, feature_types=None,
             gamma=None, grow_policy=None, importance_type=None,
             interaction_constraints=None, learning_rate=None, max_bin=None,
             max_cat_threshold=None, max_cat_to_onehot=None,
             max_delta_step=None, max_depth=None, max_leaves=None,
             min_child_weight=None, missing=nan, monotone_constraints=None,
             multi_strategy=None, n_estimators=None, n_jobs=None,
             num_parallel_tree=None, random_state=None, ...)",,,0,,,,,0.5,6,9,1,42,,,,,,"{'estimator': XGBRegressor(base_score=None, booster=None, callbacks=None,
             colsample_bylevel=None, colsample_bynode=None,
             colsample_bytree=None, device=None, early_stopping_rounds=None,
             enable_categorical=False, eval_metric=None, feature_types=None,
             gamma=None, grow_policy=None, importance_type=None,
             interaction_constraints=None, learning_rate=None, max_bin=None,
             max_cat_threshold=None, max_cat_to_onehot=None,
             max_delta_step=None, max_depth=None, max_leaves=None,
             min_child_weight=None, missing=nan, monotone_constraints=None,
             multi_strategy=None, n_estimators=None, n_jobs=None,
             num_parallel_tree=None, random_state=None, ...), 'estimator__eta': 0.5, 'estimator__gamma': 0, 'estimator__max_delta_step': 6, 'estimator__max_depth': 9, 'estimator__min_child_weight': 1, 'estimator__random_state': 42}",0.011163981589892402,0.015662958218118975,0.017521807478804968,0.016152309651397006,0.018890205557261036,0.03627137979993069,0.020621840710913112,0.015756644700196835,0.008694206415226028,0.006217678268892477,0.01669530123906335,0.007815219307205256,341,0.6530048400516067,0.6647821341504232,0.5241743407477946,0.5908814721230561,0.6832878088894005,0.3928127388865532,0.6343935177267803,0.6598709784733722,0.7473869507941094,0.7061808173606261,0.6256775599203722,0.09688843735608345,283,0.07967579586565454,0.10064343996016425,0.10475762071615721,0.09016456237608961,0.11592128556392113,0.13282687119258346,0.09064349087818803,0.0934315702438957,0.06541291595980837,0.06479384453276382,0.09382713972892262,0.020122959875334853,362
656,0.0603140115737915,0.0036354717460213393,0.005300998687744141,0.0004583080849256315,"XGBRegressor(base_score=None, booster=None, callbacks=None,
             colsample_bylevel=None, colsample_bynode=None,
             colsample_bytree=None, device=None, early_stopping_rounds=None,
             enable_categorical=False, eval_metric=None, feature_types=None,
             gamma=None, grow_policy=None, importance_type=None,
             interaction_constraints=None, learning_rate=None, max_bin=None,
             max_cat_threshold=None, max_cat_to_onehot=None,
             max_delta_step=None, max_depth=None, max_leaves=None,
             min_child_weight=None, missing=nan, monotone_constraints=None,
             multi_strategy=None, n_estimators=None, n_jobs=None,
             num_parallel_tree=None, random_state=None, ...)",,,0,,,,,0.5,6,9,10,42,,,,,,"{'estimator': XGBRegressor(base_score=None, booster=None, callbacks=None,
             colsample_bylevel=None, colsample_bynode=None,
             colsample_bytree=None, device=None, early_stopping_rounds=None,
             enable_categorical=False, eval_metric=None, feature_types=None,
             gamma=None, grow_policy=None, importance_type=None,
             interaction_constraints=None, learning_rate=None, max_bin=None,
             max_cat_threshold=None, max_cat_to_onehot=None,
             max_delta_step=None, max_depth=None, max_leaves=None,
             min_child_weight=None, missing=nan, monotone_constraints=None,
             multi_strategy=None, n_estimators=None, n_jobs=None,
             num_parallel_tree=None, random_state=None, ...), 'estimator__eta': 0.5, 'estimator__gamma': 0, 'estimator__max_delta_step': 6, 'estimator__max_depth': 9, 'estimator__min_child_weight': 10, 'estimator__random_state': 42}",0.013143893720145709,0.024447777381666543,0.009420466022694297,0.009935674463600129,0.01520404012606689,0.02610503071394934,0.027332980962986978,0.01694210112704965,0.01557152712701271,0.004775958743421755,0.0162879450388594,0.007190211227161379,301,0.5914658702146248,0.4767698639987804,0.744175966940984,0.7483413457430181,0.7450898642969395,0.5629986455459962,0.5154111041780001,0.6342812579332584,0.5475641179328202,0.7743099218671041,0.6340407958651525,0.10504605168374782,252,0.07748853805130007,0.1287789609949977,0.08159364598072782,0.06730015879462406,0.08908570037209049,0.11744157095491896,0.10989287240982841,0.09202510356512074,0.09589991790244437,0.050869846382436794,0.09103763154084894,0.02226029742227761,231
657,0.02930638790130615,0.0007809654163883166,0.005401134490966797,0.0004901740683357638,"XGBRegressor(base_score=None, booster=None, callbacks=None,
             colsample_bylevel=None, colsample_bynode=None,
             colsample_bytree=None, device=None, early_stopping_rounds=None,
             enable_categorical=False, eval_metric=None, feature_types=None,
             gamma=None, grow_policy=None, importance_type=None,
             interaction_constraints=None, learning_rate=None, max_bin=None,
             max_cat_threshold=None, max_cat_to_onehot=None,
             max_delta_step=None, max_depth=None, max_leaves=None,
             min_child_weight=None, missing=nan, monotone_constraints=None,
             multi_strategy=None, n_estimators=None, n_jobs=None,
             num_parallel_tree=None, random_state=None, ...)",,,10,,,,,0.5,0,3,0,42,,,,,,"{'estimator': XGBRegressor(base_score=None, booster=None, callbacks=None,
             colsample_bylevel=None, colsample_bynode=None,
             colsample_bytree=None, device=None, early_stopping_rounds=None,
             enable_categorical=False, eval_metric=None, feature_types=None,
             gamma=None, grow_policy=None, importance_type=None,
             interaction_constraints=None, learning_rate=None, max_bin=None,
             max_cat_threshold=None, max_cat_to_onehot=None,
             max_delta_step=None, max_depth=None, max_leaves=None,
             min_child_weight=None, missing=nan, monotone_constraints=None,
             multi_strategy=None, n_estimators=None, n_jobs=None,
             num_parallel_tree=None, random_state=None, ...), 'estimator__eta': 0.5, 'estimator__gamma': 10, 'estimator__max_delta_step': 0, 'estimator__max_depth': 3, 'estimator__min_child_weight': 0, 'estimator__random_state': 42}",0.03599063436210516,0.05799454693120446,0.037869750305241666,0.04029670713212541,0.06181477486725849,0.06275382538843341,0.0585904735445141,0.04645832659715925,0.03450532229957629,0.02795477719537449,0.04642291386229928,0.012199106700667508,589,0.11864891809116473,0.24119645742924045,0.028398407327837605,0.02066700403787869,0.03638325860846092,0.05050658596856494,0.03875581368426939,0.0028673913716468213,0.0025635766667464477,0.32101556741915505,0.0861002980604965,0.10382520714439339,606,0.16735711752593546,0.20491798351024226,0.17227371208473763,0.17249387732608762,0.22654835006323465,0.1898865125617788,0.19731434715480983,0.1877474386673681,0.17047527330852666,0.14259692533902762,0.18316115375417485,0.022160479939809095,631
658,0.029706740379333497,0.0018463543263817221,0.0050011157989501955,3.6626557101576846e-07,"XGBRegressor(base_score=None, booster=None, callbacks=None,
             colsample_bylevel=None, colsample_bynode=None,
             colsample_bytree=None, device=None, early_stopping_rounds=None,
             enable_categorical=False, eval_metric=None, feature_types=None,
             gamma=None, grow_policy=None, importance_type=None,
             interaction_constraints=None, learning_rate=None, max_bin=None,
             max_cat_threshold=None, max_cat_to_onehot=None,
             max_delta_step=None, max_depth=None, max_leaves=None,
             min_child_weight=None, missing=nan, monotone_constraints=None,
             multi_strategy=None, n_estimators=None, n_jobs=None,
             num_parallel_tree=None, random_state=None, ...)",,,10,,,,,0.5,0,3,1,42,,,,,,"{'estimator': XGBRegressor(base_score=None, booster=None, callbacks=None,
             colsample_bylevel=None, colsample_bynode=None,
             colsample_bytree=None, device=None, early_stopping_rounds=None,
             enable_categorical=False, eval_metric=None, feature_types=None,
             gamma=None, grow_policy=None, importance_type=None,
             interaction_constraints=None, learning_rate=None, max_bin=None,
             max_cat_threshold=None, max_cat_to_onehot=None,
             max_delta_step=None, max_depth=None, max_leaves=None,
             min_child_weight=None, missing=nan, monotone_constraints=None,
             multi_strategy=None, n_estimators=None, n_jobs=None,
             num_parallel_tree=None, random_state=None, ...), 'estimator__eta': 0.5, 'estimator__gamma': 10, 'estimator__max_delta_step': 0, 'estimator__max_depth': 3, 'estimator__min_child_weight': 1, 'estimator__random_state': 42}",0.03599063436210516,0.05799454693120446,0.037869750305241666,0.04029670713212541,0.06181477486725849,0.06275382538843341,0.0585904735445141,0.04645832659715925,0.03450532229957629,0.02795477719537449,0.04642291386229928,0.012199106700667508,589,0.11864891809116473,0.24119645742924045,0.028398407327837605,0.02066700403787869,0.03638325860846092,0.05050658596856494,0.03875581368426939,0.0028673913716468213,0.0025635766667464477,0.32101556741915505,0.0861002980604965,0.10382520714439339,606,0.16735711752593546,0.20491798351024226,0.17227371208473763,0.17249387732608762,0.22654835006323465,0.1898865125617788,0.19731434715480983,0.1877474386673681,0.17047527330852666,0.14259692533902762,0.18316115375417485,0.022160479939809095,631
659,0.033707714080810545,0.010837945824481688,0.005200982093811035,0.0004002455225294807,"XGBRegressor(base_score=None, booster=None, callbacks=None,
             colsample_bylevel=None, colsample_bynode=None,
             colsample_bytree=None, device=None, early_stopping_rounds=None,
             enable_categorical=False, eval_metric=None, feature_types=None,
             gamma=None, grow_policy=None, importance_type=None,
             interaction_constraints=None, learning_rate=None, max_bin=None,
             max_cat_threshold=None, max_cat_to_onehot=None,
             max_delta_step=None, max_depth=None, max_leaves=None,
             min_child_weight=None, missing=nan, monotone_constraints=None,
             multi_strategy=None, n_estimators=None, n_jobs=None,
             num_parallel_tree=None, random_state=None, ...)",,,10,,,,,0.5,0,3,10,42,,,,,,"{'estimator': XGBRegressor(base_score=None, booster=None, callbacks=None,
             colsample_bylevel=None, colsample_bynode=None,
             colsample_bytree=None, device=None, early_stopping_rounds=None,
             enable_categorical=False, eval_metric=None, feature_types=None,
             gamma=None, grow_policy=None, importance_type=None,
             interaction_constraints=None, learning_rate=None, max_bin=None,
             max_cat_threshold=None, max_cat_to_onehot=None,
             max_delta_step=None, max_depth=None, max_leaves=None,
             min_child_weight=None, missing=nan, monotone_constraints=None,
             multi_strategy=None, n_estimators=None, n_jobs=None,
             num_parallel_tree=None, random_state=None, ...), 'estimator__eta': 0.5, 'estimator__gamma': 10, 'estimator__max_delta_step': 0, 'estimator__max_depth': 3, 'estimator__min_child_weight': 10, 'estimator__random_state': 42}",0.03599063436210516,0.05799454693120446,0.037869750305241666,0.04029670713212541,0.06181477486725849,0.06275382538843341,0.0585904735445141,0.04645832659715925,0.03450532229957629,0.02795477719537449,0.04642291386229928,0.012199106700667508,589,0.11864891809116473,0.24119645742924045,0.028398407327837605,0.02066700403787869,0.03638325860846092,0.05050658596856494,0.03875581368426939,0.0028673913716468213,0.0025635766667464477,0.32101556741915505,0.0861002980604965,0.10382520714439339,606,0.16735711752593546,0.20491798351024226,0.17227371208473763,0.17249387732608762,0.22654835006323465,0.1898865125617788,0.19731434715480983,0.1877474386673681,0.17047527330852666,0.14259692533902762,0.18316115375417485,0.022160479939809095,631
660,0.0290067195892334,0.0007740793032751457,0.005000615119934082,9.0127268654994e-07,"XGBRegressor(base_score=None, booster=None, callbacks=None,
             colsample_bylevel=None, colsample_bynode=None,
             colsample_bytree=None, device=None, early_stopping_rounds=None,
             enable_categorical=False, eval_metric=None, feature_types=None,
             gamma=None, grow_policy=None, importance_type=None,
             interaction_constraints=None, learning_rate=None, max_bin=None,
             max_cat_threshold=None, max_cat_to_onehot=None,
             max_delta_step=None, max_depth=None, max_leaves=None,
             min_child_weight=None, missing=nan, monotone_constraints=None,
             multi_strategy=None, n_estimators=None, n_jobs=None,
             num_parallel_tree=None, random_state=None, ...)",,,10,,,,,0.5,0,6,0,42,,,,,,"{'estimator': XGBRegressor(base_score=None, booster=None, callbacks=None,
             colsample_bylevel=None, colsample_bynode=None,
             colsample_bytree=None, device=None, early_stopping_rounds=None,
             enable_categorical=False, eval_metric=None, feature_types=None,
             gamma=None, grow_policy=None, importance_type=None,
             interaction_constraints=None, learning_rate=None, max_bin=None,
             max_cat_threshold=None, max_cat_to_onehot=None,
             max_delta_step=None, max_depth=None, max_leaves=None,
             min_child_weight=None, missing=nan, monotone_constraints=None,
             multi_strategy=None, n_estimators=None, n_jobs=None,
             num_parallel_tree=None, random_state=None, ...), 'estimator__eta': 0.5, 'estimator__gamma': 10, 'estimator__max_delta_step': 0, 'estimator__max_depth': 6, 'estimator__min_child_weight': 0, 'estimator__random_state': 42}",0.03599063436210516,0.05799454693120446,0.037869750305241666,0.04029670713212541,0.06181477486725849,0.06275382538843341,0.0585904735445141,0.04645832659715925,0.03450532229957629,0.02795477719537449,0.04642291386229928,0.012199106700667508,589,0.11864891809116473,0.24119645742924045,0.028398407327837605,0.02066700403787869,0.03638325860846092,0.05050658596856494,0.03875581368426939,0.0028673913716468213,0.0025635766667464477,0.32101556741915505,0.0861002980604965,0.10382520714439339,606,0.16735711752593546,0.20491798351024226,0.17227371208473763,0.17249387732608762,0.22654835006323465,0.1898865125617788,0.19731434715480983,0.1877474386673681,0.17047527330852666,0.14259692533902762,0.18316115375417485,0.022160479939809095,631
661,0.029606723785400392,0.0009165216128303042,0.0049010515213012695,0.00030005000913518176,"XGBRegressor(base_score=None, booster=None, callbacks=None,
             colsample_bylevel=None, colsample_bynode=None,
             colsample_bytree=None, device=None, early_stopping_rounds=None,
             enable_categorical=False, eval_metric=None, feature_types=None,
             gamma=None, grow_policy=None, importance_type=None,
             interaction_constraints=None, learning_rate=None, max_bin=None,
             max_cat_threshold=None, max_cat_to_onehot=None,
             max_delta_step=None, max_depth=None, max_leaves=None,
             min_child_weight=None, missing=nan, monotone_constraints=None,
             multi_strategy=None, n_estimators=None, n_jobs=None,
             num_parallel_tree=None, random_state=None, ...)",,,10,,,,,0.5,0,6,1,42,,,,,,"{'estimator': XGBRegressor(base_score=None, booster=None, callbacks=None,
             colsample_bylevel=None, colsample_bynode=None,
             colsample_bytree=None, device=None, early_stopping_rounds=None,
             enable_categorical=False, eval_metric=None, feature_types=None,
             gamma=None, grow_policy=None, importance_type=None,
             interaction_constraints=None, learning_rate=None, max_bin=None,
             max_cat_threshold=None, max_cat_to_onehot=None,
             max_delta_step=None, max_depth=None, max_leaves=None,
             min_child_weight=None, missing=nan, monotone_constraints=None,
             multi_strategy=None, n_estimators=None, n_jobs=None,
             num_parallel_tree=None, random_state=None, ...), 'estimator__eta': 0.5, 'estimator__gamma': 10, 'estimator__max_delta_step': 0, 'estimator__max_depth': 6, 'estimator__min_child_weight': 1, 'estimator__random_state': 42}",0.03599063436210516,0.05799454693120446,0.037869750305241666,0.04029670713212541,0.06181477486725849,0.06275382538843341,0.0585904735445141,0.04645832659715925,0.03450532229957629,0.02795477719537449,0.04642291386229928,0.012199106700667508,589,0.11864891809116473,0.24119645742924045,0.028398407327837605,0.02066700403787869,0.03638325860846092,0.05050658596856494,0.03875581368426939,0.0028673913716468213,0.0025635766667464477,0.32101556741915505,0.0861002980604965,0.10382520714439339,606,0.16735711752593546,0.20491798351024226,0.17227371208473763,0.17249387732608762,0.22654835006323465,0.1898865125617788,0.19731434715480983,0.1877474386673681,0.17047527330852666,0.14259692533902762,0.18316115375417485,0.022160479939809095,631
662,0.02890667915344238,0.0009436027391932189,0.005116772651672363,0.00029855792810844895,"XGBRegressor(base_score=None, booster=None, callbacks=None,
             colsample_bylevel=None, colsample_bynode=None,
             colsample_bytree=None, device=None, early_stopping_rounds=None,
             enable_categorical=False, eval_metric=None, feature_types=None,
             gamma=None, grow_policy=None, importance_type=None,
             interaction_constraints=None, learning_rate=None, max_bin=None,
             max_cat_threshold=None, max_cat_to_onehot=None,
             max_delta_step=None, max_depth=None, max_leaves=None,
             min_child_weight=None, missing=nan, monotone_constraints=None,
             multi_strategy=None, n_estimators=None, n_jobs=None,
             num_parallel_tree=None, random_state=None, ...)",,,10,,,,,0.5,0,6,10,42,,,,,,"{'estimator': XGBRegressor(base_score=None, booster=None, callbacks=None,
             colsample_bylevel=None, colsample_bynode=None,
             colsample_bytree=None, device=None, early_stopping_rounds=None,
             enable_categorical=False, eval_metric=None, feature_types=None,
             gamma=None, grow_policy=None, importance_type=None,
             interaction_constraints=None, learning_rate=None, max_bin=None,
             max_cat_threshold=None, max_cat_to_onehot=None,
             max_delta_step=None, max_depth=None, max_leaves=None,
             min_child_weight=None, missing=nan, monotone_constraints=None,
             multi_strategy=None, n_estimators=None, n_jobs=None,
             num_parallel_tree=None, random_state=None, ...), 'estimator__eta': 0.5, 'estimator__gamma': 10, 'estimator__max_delta_step': 0, 'estimator__max_depth': 6, 'estimator__min_child_weight': 10, 'estimator__random_state': 42}",0.03599063436210516,0.05799454693120446,0.037869750305241666,0.04029670713212541,0.06181477486725849,0.06275382538843341,0.0585904735445141,0.04645832659715925,0.03450532229957629,0.02795477719537449,0.04642291386229928,0.012199106700667508,589,0.11864891809116473,0.24119645742924045,0.028398407327837605,0.02066700403787869,0.03638325860846092,0.05050658596856494,0.03875581368426939,0.0028673913716468213,0.0025635766667464477,0.32101556741915505,0.0861002980604965,0.10382520714439339,606,0.16735711752593546,0.20491798351024226,0.17227371208473763,0.17249387732608762,0.22654835006323465,0.1898865125617788,0.19731434715480983,0.1877474386673681,0.17047527330852666,0.14259692533902762,0.18316115375417485,0.022160479939809095,631
663,0.028806614875793456,0.00039991151647963865,0.005201220512390137,0.0006004970259760602,"XGBRegressor(base_score=None, booster=None, callbacks=None,
             colsample_bylevel=None, colsample_bynode=None,
             colsample_bytree=None, device=None, early_stopping_rounds=None,
             enable_categorical=False, eval_metric=None, feature_types=None,
             gamma=None, grow_policy=None, importance_type=None,
             interaction_constraints=None, learning_rate=None, max_bin=None,
             max_cat_threshold=None, max_cat_to_onehot=None,
             max_delta_step=None, max_depth=None, max_leaves=None,
             min_child_weight=None, missing=nan, monotone_constraints=None,
             multi_strategy=None, n_estimators=None, n_jobs=None,
             num_parallel_tree=None, random_state=None, ...)",,,10,,,,,0.5,0,9,0,42,,,,,,"{'estimator': XGBRegressor(base_score=None, booster=None, callbacks=None,
             colsample_bylevel=None, colsample_bynode=None,
             colsample_bytree=None, device=None, early_stopping_rounds=None,
             enable_categorical=False, eval_metric=None, feature_types=None,
             gamma=None, grow_policy=None, importance_type=None,
             interaction_constraints=None, learning_rate=None, max_bin=None,
             max_cat_threshold=None, max_cat_to_onehot=None,
             max_delta_step=None, max_depth=None, max_leaves=None,
             min_child_weight=None, missing=nan, monotone_constraints=None,
             multi_strategy=None, n_estimators=None, n_jobs=None,
             num_parallel_tree=None, random_state=None, ...), 'estimator__eta': 0.5, 'estimator__gamma': 10, 'estimator__max_delta_step': 0, 'estimator__max_depth': 9, 'estimator__min_child_weight': 0, 'estimator__random_state': 42}",0.03599063436210516,0.05799454693120446,0.037869750305241666,0.04029670713212541,0.06181477486725849,0.06275382538843341,0.0585904735445141,0.04645832659715925,0.03450532229957629,0.02795477719537449,0.04642291386229928,0.012199106700667508,589,0.11864891809116473,0.24119645742924045,0.028398407327837605,0.02066700403787869,0.03638325860846092,0.05050658596856494,0.03875581368426939,0.0028673913716468213,0.0025635766667464477,0.32101556741915505,0.0861002980604965,0.10382520714439339,606,0.16735711752593546,0.20491798351024226,0.17227371208473763,0.17249387732608762,0.22654835006323465,0.1898865125617788,0.19731434715480983,0.1877474386673681,0.17047527330852666,0.14259692533902762,0.18316115375417485,0.022160479939809095,631
664,0.02880687713623047,0.0007483473823098166,0.005000782012939453,0.0004472345770602041,"XGBRegressor(base_score=None, booster=None, callbacks=None,
             colsample_bylevel=None, colsample_bynode=None,
             colsample_bytree=None, device=None, early_stopping_rounds=None,
             enable_categorical=False, eval_metric=None, feature_types=None,
             gamma=None, grow_policy=None, importance_type=None,
             interaction_constraints=None, learning_rate=None, max_bin=None,
             max_cat_threshold=None, max_cat_to_onehot=None,
             max_delta_step=None, max_depth=None, max_leaves=None,
             min_child_weight=None, missing=nan, monotone_constraints=None,
             multi_strategy=None, n_estimators=None, n_jobs=None,
             num_parallel_tree=None, random_state=None, ...)",,,10,,,,,0.5,0,9,1,42,,,,,,"{'estimator': XGBRegressor(base_score=None, booster=None, callbacks=None,
             colsample_bylevel=None, colsample_bynode=None,
             colsample_bytree=None, device=None, early_stopping_rounds=None,
             enable_categorical=False, eval_metric=None, feature_types=None,
             gamma=None, grow_policy=None, importance_type=None,
             interaction_constraints=None, learning_rate=None, max_bin=None,
             max_cat_threshold=None, max_cat_to_onehot=None,
             max_delta_step=None, max_depth=None, max_leaves=None,
             min_child_weight=None, missing=nan, monotone_constraints=None,
             multi_strategy=None, n_estimators=None, n_jobs=None,
             num_parallel_tree=None, random_state=None, ...), 'estimator__eta': 0.5, 'estimator__gamma': 10, 'estimator__max_delta_step': 0, 'estimator__max_depth': 9, 'estimator__min_child_weight': 1, 'estimator__random_state': 42}",0.03599063436210516,0.05799454693120446,0.037869750305241666,0.04029670713212541,0.06181477486725849,0.06275382538843341,0.0585904735445141,0.04645832659715925,0.03450532229957629,0.02795477719537449,0.04642291386229928,0.012199106700667508,589,0.11864891809116473,0.24119645742924045,0.028398407327837605,0.02066700403787869,0.03638325860846092,0.05050658596856494,0.03875581368426939,0.0028673913716468213,0.0025635766667464477,0.32101556741915505,0.0861002980604965,0.10382520714439339,606,0.16735711752593546,0.20491798351024226,0.17227371208473763,0.17249387732608762,0.22654835006323465,0.1898865125617788,0.19731434715480983,0.1877474386673681,0.17047527330852666,0.14259692533902762,0.18316115375417485,0.022160479939809095,631
665,0.029006767272949218,0.0008944158252736099,0.0051009893417358395,0.0007002661848089283,"XGBRegressor(base_score=None, booster=None, callbacks=None,
             colsample_bylevel=None, colsample_bynode=None,
             colsample_bytree=None, device=None, early_stopping_rounds=None,
             enable_categorical=False, eval_metric=None, feature_types=None,
             gamma=None, grow_policy=None, importance_type=None,
             interaction_constraints=None, learning_rate=None, max_bin=None,
             max_cat_threshold=None, max_cat_to_onehot=None,
             max_delta_step=None, max_depth=None, max_leaves=None,
             min_child_weight=None, missing=nan, monotone_constraints=None,
             multi_strategy=None, n_estimators=None, n_jobs=None,
             num_parallel_tree=None, random_state=None, ...)",,,10,,,,,0.5,0,9,10,42,,,,,,"{'estimator': XGBRegressor(base_score=None, booster=None, callbacks=None,
             colsample_bylevel=None, colsample_bynode=None,
             colsample_bytree=None, device=None, early_stopping_rounds=None,
             enable_categorical=False, eval_metric=None, feature_types=None,
             gamma=None, grow_policy=None, importance_type=None,
             interaction_constraints=None, learning_rate=None, max_bin=None,
             max_cat_threshold=None, max_cat_to_onehot=None,
             max_delta_step=None, max_depth=None, max_leaves=None,
             min_child_weight=None, missing=nan, monotone_constraints=None,
             multi_strategy=None, n_estimators=None, n_jobs=None,
             num_parallel_tree=None, random_state=None, ...), 'estimator__eta': 0.5, 'estimator__gamma': 10, 'estimator__max_delta_step': 0, 'estimator__max_depth': 9, 'estimator__min_child_weight': 10, 'estimator__random_state': 42}",0.03599063436210516,0.05799454693120446,0.037869750305241666,0.04029670713212541,0.06181477486725849,0.06275382538843341,0.0585904735445141,0.04645832659715925,0.03450532229957629,0.02795477719537449,0.04642291386229928,0.012199106700667508,589,0.11864891809116473,0.24119645742924045,0.028398407327837605,0.02066700403787869,0.03638325860846092,0.05050658596856494,0.03875581368426939,0.0028673913716468213,0.0025635766667464477,0.32101556741915505,0.0861002980604965,0.10382520714439339,606,0.16735711752593546,0.20491798351024226,0.17227371208473763,0.17249387732608762,0.22654835006323465,0.1898865125617788,0.19731434715480983,0.1877474386673681,0.17047527330852666,0.14259692533902762,0.18316115375417485,0.022160479939809095,631
666,0.028906607627868654,0.0006997961675117034,0.005101060867309571,0.000300375660474989,"XGBRegressor(base_score=None, booster=None, callbacks=None,
             colsample_bylevel=None, colsample_bynode=None,
             colsample_bytree=None, device=None, early_stopping_rounds=None,
             enable_categorical=False, eval_metric=None, feature_types=None,
             gamma=None, grow_policy=None, importance_type=None,
             interaction_constraints=None, learning_rate=None, max_bin=None,
             max_cat_threshold=None, max_cat_to_onehot=None,
             max_delta_step=None, max_depth=None, max_leaves=None,
             min_child_weight=None, missing=nan, monotone_constraints=None,
             multi_strategy=None, n_estimators=None, n_jobs=None,
             num_parallel_tree=None, random_state=None, ...)",,,10,,,,,0.5,3,3,0,42,,,,,,"{'estimator': XGBRegressor(base_score=None, booster=None, callbacks=None,
             colsample_bylevel=None, colsample_bynode=None,
             colsample_bytree=None, device=None, early_stopping_rounds=None,
             enable_categorical=False, eval_metric=None, feature_types=None,
             gamma=None, grow_policy=None, importance_type=None,
             interaction_constraints=None, learning_rate=None, max_bin=None,
             max_cat_threshold=None, max_cat_to_onehot=None,
             max_delta_step=None, max_depth=None, max_leaves=None,
             min_child_weight=None, missing=nan, monotone_constraints=None,
             multi_strategy=None, n_estimators=None, n_jobs=None,
             num_parallel_tree=None, random_state=None, ...), 'estimator__eta': 0.5, 'estimator__gamma': 10, 'estimator__max_delta_step': 3, 'estimator__max_depth': 3, 'estimator__min_child_weight': 0, 'estimator__random_state': 42}",0.03599063436210516,0.05799454693120446,0.037869750305241666,0.04029670713212541,0.06181477486725849,0.06275382538843341,0.0585904735445141,0.04645832659715925,0.03450532229957629,0.02795477719537449,0.04642291386229928,0.012199106700667508,589,0.11864891809116473,0.24119645742924045,0.028398407327837605,0.02066700403787869,0.03638325860846092,0.05050658596856494,0.03875581368426939,0.0028673913716468213,0.0025635766667464477,0.32101556741915505,0.0861002980604965,0.10382520714439339,606,0.16735711752593546,0.20491798351024226,0.17227371208473763,0.17249387732608762,0.22654835006323465,0.1898865125617788,0.19731434715480983,0.1877474386673681,0.17047527330852666,0.14259692533902762,0.18316115375417485,0.022160479939809095,631
667,0.029806971549987793,0.0010770789467485177,0.005018162727355957,5.1681872811312633e-05,"XGBRegressor(base_score=None, booster=None, callbacks=None,
             colsample_bylevel=None, colsample_bynode=None,
             colsample_bytree=None, device=None, early_stopping_rounds=None,
             enable_categorical=False, eval_metric=None, feature_types=None,
             gamma=None, grow_policy=None, importance_type=None,
             interaction_constraints=None, learning_rate=None, max_bin=None,
             max_cat_threshold=None, max_cat_to_onehot=None,
             max_delta_step=None, max_depth=None, max_leaves=None,
             min_child_weight=None, missing=nan, monotone_constraints=None,
             multi_strategy=None, n_estimators=None, n_jobs=None,
             num_parallel_tree=None, random_state=None, ...)",,,10,,,,,0.5,3,3,1,42,,,,,,"{'estimator': XGBRegressor(base_score=None, booster=None, callbacks=None,
             colsample_bylevel=None, colsample_bynode=None,
             colsample_bytree=None, device=None, early_stopping_rounds=None,
             enable_categorical=False, eval_metric=None, feature_types=None,
             gamma=None, grow_policy=None, importance_type=None,
             interaction_constraints=None, learning_rate=None, max_bin=None,
             max_cat_threshold=None, max_cat_to_onehot=None,
             max_delta_step=None, max_depth=None, max_leaves=None,
             min_child_weight=None, missing=nan, monotone_constraints=None,
             multi_strategy=None, n_estimators=None, n_jobs=None,
             num_parallel_tree=None, random_state=None, ...), 'estimator__eta': 0.5, 'estimator__gamma': 10, 'estimator__max_delta_step': 3, 'estimator__max_depth': 3, 'estimator__min_child_weight': 1, 'estimator__random_state': 42}",0.03599063436210516,0.05799454693120446,0.037869750305241666,0.04029670713212541,0.06181477486725849,0.06275382538843341,0.0585904735445141,0.04645832659715925,0.03450532229957629,0.02795477719537449,0.04642291386229928,0.012199106700667508,589,0.11864891809116473,0.24119645742924045,0.028398407327837605,0.02066700403787869,0.03638325860846092,0.05050658596856494,0.03875581368426939,0.0028673913716468213,0.0025635766667464477,0.32101556741915505,0.0861002980604965,0.10382520714439339,606,0.16735711752593546,0.20491798351024226,0.17227371208473763,0.17249387732608762,0.22654835006323465,0.1898865125617788,0.19731434715480983,0.1877474386673681,0.17047527330852666,0.14259692533902762,0.18316115375417485,0.022160479939809095,631
668,0.028996372222900392,0.0006492882208548558,0.004900979995727539,0.00029970878397126143,"XGBRegressor(base_score=None, booster=None, callbacks=None,
             colsample_bylevel=None, colsample_bynode=None,
             colsample_bytree=None, device=None, early_stopping_rounds=None,
             enable_categorical=False, eval_metric=None, feature_types=None,
             gamma=None, grow_policy=None, importance_type=None,
             interaction_constraints=None, learning_rate=None, max_bin=None,
             max_cat_threshold=None, max_cat_to_onehot=None,
             max_delta_step=None, max_depth=None, max_leaves=None,
             min_child_weight=None, missing=nan, monotone_constraints=None,
             multi_strategy=None, n_estimators=None, n_jobs=None,
             num_parallel_tree=None, random_state=None, ...)",,,10,,,,,0.5,3,3,10,42,,,,,,"{'estimator': XGBRegressor(base_score=None, booster=None, callbacks=None,
             colsample_bylevel=None, colsample_bynode=None,
             colsample_bytree=None, device=None, early_stopping_rounds=None,
             enable_categorical=False, eval_metric=None, feature_types=None,
             gamma=None, grow_policy=None, importance_type=None,
             interaction_constraints=None, learning_rate=None, max_bin=None,
             max_cat_threshold=None, max_cat_to_onehot=None,
             max_delta_step=None, max_depth=None, max_leaves=None,
             min_child_weight=None, missing=nan, monotone_constraints=None,
             multi_strategy=None, n_estimators=None, n_jobs=None,
             num_parallel_tree=None, random_state=None, ...), 'estimator__eta': 0.5, 'estimator__gamma': 10, 'estimator__max_delta_step': 3, 'estimator__max_depth': 3, 'estimator__min_child_weight': 10, 'estimator__random_state': 42}",0.03599063436210516,0.05799454693120446,0.037869750305241666,0.04029670713212541,0.06181477486725849,0.06275382538843341,0.0585904735445141,0.04645832659715925,0.03450532229957629,0.02795477719537449,0.04642291386229928,0.012199106700667508,589,0.11864891809116473,0.24119645742924045,0.028398407327837605,0.02066700403787869,0.03638325860846092,0.05050658596856494,0.03875581368426939,0.0028673913716468213,0.0025635766667464477,0.32101556741915505,0.0861002980604965,0.10382520714439339,606,0.16735711752593546,0.20491798351024226,0.17227371208473763,0.17249387732608762,0.22654835006323465,0.1898865125617788,0.19731434715480983,0.1877474386673681,0.17047527330852666,0.14259692533902762,0.18316115375417485,0.022160479939809095,631
669,0.028906750679016113,0.0005387034113255941,0.005300784111022949,0.0004582921401210985,"XGBRegressor(base_score=None, booster=None, callbacks=None,
             colsample_bylevel=None, colsample_bynode=None,
             colsample_bytree=None, device=None, early_stopping_rounds=None,
             enable_categorical=False, eval_metric=None, feature_types=None,
             gamma=None, grow_policy=None, importance_type=None,
             interaction_constraints=None, learning_rate=None, max_bin=None,
             max_cat_threshold=None, max_cat_to_onehot=None,
             max_delta_step=None, max_depth=None, max_leaves=None,
             min_child_weight=None, missing=nan, monotone_constraints=None,
             multi_strategy=None, n_estimators=None, n_jobs=None,
             num_parallel_tree=None, random_state=None, ...)",,,10,,,,,0.5,3,6,0,42,,,,,,"{'estimator': XGBRegressor(base_score=None, booster=None, callbacks=None,
             colsample_bylevel=None, colsample_bynode=None,
             colsample_bytree=None, device=None, early_stopping_rounds=None,
             enable_categorical=False, eval_metric=None, feature_types=None,
             gamma=None, grow_policy=None, importance_type=None,
             interaction_constraints=None, learning_rate=None, max_bin=None,
             max_cat_threshold=None, max_cat_to_onehot=None,
             max_delta_step=None, max_depth=None, max_leaves=None,
             min_child_weight=None, missing=nan, monotone_constraints=None,
             multi_strategy=None, n_estimators=None, n_jobs=None,
             num_parallel_tree=None, random_state=None, ...), 'estimator__eta': 0.5, 'estimator__gamma': 10, 'estimator__max_delta_step': 3, 'estimator__max_depth': 6, 'estimator__min_child_weight': 0, 'estimator__random_state': 42}",0.03599063436210516,0.05799454693120446,0.037869750305241666,0.04029670713212541,0.06181477486725849,0.06275382538843341,0.0585904735445141,0.04645832659715925,0.03450532229957629,0.02795477719537449,0.04642291386229928,0.012199106700667508,589,0.11864891809116473,0.24119645742924045,0.028398407327837605,0.02066700403787869,0.03638325860846092,0.05050658596856494,0.03875581368426939,0.0028673913716468213,0.0025635766667464477,0.32101556741915505,0.0861002980604965,0.10382520714439339,606,0.16735711752593546,0.20491798351024226,0.17227371208473763,0.17249387732608762,0.22654835006323465,0.1898865125617788,0.19731434715480983,0.1877474386673681,0.17047527330852666,0.14259692533902762,0.18316115375417485,0.022160479939809095,631
670,0.029206490516662596,0.0014004912123661893,0.0051010847091674805,0.0005387830005013729,"XGBRegressor(base_score=None, booster=None, callbacks=None,
             colsample_bylevel=None, colsample_bynode=None,
             colsample_bytree=None, device=None, early_stopping_rounds=None,
             enable_categorical=False, eval_metric=None, feature_types=None,
             gamma=None, grow_policy=None, importance_type=None,
             interaction_constraints=None, learning_rate=None, max_bin=None,
             max_cat_threshold=None, max_cat_to_onehot=None,
             max_delta_step=None, max_depth=None, max_leaves=None,
             min_child_weight=None, missing=nan, monotone_constraints=None,
             multi_strategy=None, n_estimators=None, n_jobs=None,
             num_parallel_tree=None, random_state=None, ...)",,,10,,,,,0.5,3,6,1,42,,,,,,"{'estimator': XGBRegressor(base_score=None, booster=None, callbacks=None,
             colsample_bylevel=None, colsample_bynode=None,
             colsample_bytree=None, device=None, early_stopping_rounds=None,
             enable_categorical=False, eval_metric=None, feature_types=None,
             gamma=None, grow_policy=None, importance_type=None,
             interaction_constraints=None, learning_rate=None, max_bin=None,
             max_cat_threshold=None, max_cat_to_onehot=None,
             max_delta_step=None, max_depth=None, max_leaves=None,
             min_child_weight=None, missing=nan, monotone_constraints=None,
             multi_strategy=None, n_estimators=None, n_jobs=None,
             num_parallel_tree=None, random_state=None, ...), 'estimator__eta': 0.5, 'estimator__gamma': 10, 'estimator__max_delta_step': 3, 'estimator__max_depth': 6, 'estimator__min_child_weight': 1, 'estimator__random_state': 42}",0.03599063436210516,0.05799454693120446,0.037869750305241666,0.04029670713212541,0.06181477486725849,0.06275382538843341,0.0585904735445141,0.04645832659715925,0.03450532229957629,0.02795477719537449,0.04642291386229928,0.012199106700667508,589,0.11864891809116473,0.24119645742924045,0.028398407327837605,0.02066700403787869,0.03638325860846092,0.05050658596856494,0.03875581368426939,0.0028673913716468213,0.0025635766667464477,0.32101556741915505,0.0861002980604965,0.10382520714439339,606,0.16735711752593546,0.20491798351024226,0.17227371208473763,0.17249387732608762,0.22654835006323465,0.1898865125617788,0.19731434715480983,0.1877474386673681,0.17047527330852666,0.14259692533902762,0.18316115375417485,0.022160479939809095,631
671,0.028593993186950682,0.0006581349699031449,0.0053967714309692385,0.0006594110102909279,"XGBRegressor(base_score=None, booster=None, callbacks=None,
             colsample_bylevel=None, colsample_bynode=None,
             colsample_bytree=None, device=None, early_stopping_rounds=None,
             enable_categorical=False, eval_metric=None, feature_types=None,
             gamma=None, grow_policy=None, importance_type=None,
             interaction_constraints=None, learning_rate=None, max_bin=None,
             max_cat_threshold=None, max_cat_to_onehot=None,
             max_delta_step=None, max_depth=None, max_leaves=None,
             min_child_weight=None, missing=nan, monotone_constraints=None,
             multi_strategy=None, n_estimators=None, n_jobs=None,
             num_parallel_tree=None, random_state=None, ...)",,,10,,,,,0.5,3,6,10,42,,,,,,"{'estimator': XGBRegressor(base_score=None, booster=None, callbacks=None,
             colsample_bylevel=None, colsample_bynode=None,
             colsample_bytree=None, device=None, early_stopping_rounds=None,
             enable_categorical=False, eval_metric=None, feature_types=None,
             gamma=None, grow_policy=None, importance_type=None,
             interaction_constraints=None, learning_rate=None, max_bin=None,
             max_cat_threshold=None, max_cat_to_onehot=None,
             max_delta_step=None, max_depth=None, max_leaves=None,
             min_child_weight=None, missing=nan, monotone_constraints=None,
             multi_strategy=None, n_estimators=None, n_jobs=None,
             num_parallel_tree=None, random_state=None, ...), 'estimator__eta': 0.5, 'estimator__gamma': 10, 'estimator__max_delta_step': 3, 'estimator__max_depth': 6, 'estimator__min_child_weight': 10, 'estimator__random_state': 42}",0.03599063436210516,0.05799454693120446,0.037869750305241666,0.04029670713212541,0.06181477486725849,0.06275382538843341,0.0585904735445141,0.04645832659715925,0.03450532229957629,0.02795477719537449,0.04642291386229928,0.012199106700667508,589,0.11864891809116473,0.24119645742924045,0.028398407327837605,0.02066700403787869,0.03638325860846092,0.05050658596856494,0.03875581368426939,0.0028673913716468213,0.0025635766667464477,0.32101556741915505,0.0861002980604965,0.10382520714439339,606,0.16735711752593546,0.20491798351024226,0.17227371208473763,0.17249387732608762,0.22654835006323465,0.1898865125617788,0.19731434715480983,0.1877474386673681,0.17047527330852666,0.14259692533902762,0.18316115375417485,0.022160479939809095,631
672,0.02850668430328369,0.0005000831606276902,0.005000901222229004,4.1364077503436735e-07,"XGBRegressor(base_score=None, booster=None, callbacks=None,
             colsample_bylevel=None, colsample_bynode=None,
             colsample_bytree=None, device=None, early_stopping_rounds=None,
             enable_categorical=False, eval_metric=None, feature_types=None,
             gamma=None, grow_policy=None, importance_type=None,
             interaction_constraints=None, learning_rate=None, max_bin=None,
             max_cat_threshold=None, max_cat_to_onehot=None,
             max_delta_step=None, max_depth=None, max_leaves=None,
             min_child_weight=None, missing=nan, monotone_constraints=None,
             multi_strategy=None, n_estimators=None, n_jobs=None,
             num_parallel_tree=None, random_state=None, ...)",,,10,,,,,0.5,3,9,0,42,,,,,,"{'estimator': XGBRegressor(base_score=None, booster=None, callbacks=None,
             colsample_bylevel=None, colsample_bynode=None,
             colsample_bytree=None, device=None, early_stopping_rounds=None,
             enable_categorical=False, eval_metric=None, feature_types=None,
             gamma=None, grow_policy=None, importance_type=None,
             interaction_constraints=None, learning_rate=None, max_bin=None,
             max_cat_threshold=None, max_cat_to_onehot=None,
             max_delta_step=None, max_depth=None, max_leaves=None,
             min_child_weight=None, missing=nan, monotone_constraints=None,
             multi_strategy=None, n_estimators=None, n_jobs=None,
             num_parallel_tree=None, random_state=None, ...), 'estimator__eta': 0.5, 'estimator__gamma': 10, 'estimator__max_delta_step': 3, 'estimator__max_depth': 9, 'estimator__min_child_weight': 0, 'estimator__random_state': 42}",0.03599063436210516,0.05799454693120446,0.037869750305241666,0.04029670713212541,0.06181477486725849,0.06275382538843341,0.0585904735445141,0.04645832659715925,0.03450532229957629,0.02795477719537449,0.04642291386229928,0.012199106700667508,589,0.11864891809116473,0.24119645742924045,0.028398407327837605,0.02066700403787869,0.03638325860846092,0.05050658596856494,0.03875581368426939,0.0028673913716468213,0.0025635766667464477,0.32101556741915505,0.0861002980604965,0.10382520714439339,606,0.16735711752593546,0.20491798351024226,0.17227371208473763,0.17249387732608762,0.22654835006323465,0.1898865125617788,0.19731434715480983,0.1877474386673681,0.17047527330852666,0.14259692533902762,0.18316115375417485,0.022160479939809095,631
673,0.02870664596557617,0.00090032706636276,0.0052010536193847655,0.00040050794241791755,"XGBRegressor(base_score=None, booster=None, callbacks=None,
             colsample_bylevel=None, colsample_bynode=None,
             colsample_bytree=None, device=None, early_stopping_rounds=None,
             enable_categorical=False, eval_metric=None, feature_types=None,
             gamma=None, grow_policy=None, importance_type=None,
             interaction_constraints=None, learning_rate=None, max_bin=None,
             max_cat_threshold=None, max_cat_to_onehot=None,
             max_delta_step=None, max_depth=None, max_leaves=None,
             min_child_weight=None, missing=nan, monotone_constraints=None,
             multi_strategy=None, n_estimators=None, n_jobs=None,
             num_parallel_tree=None, random_state=None, ...)",,,10,,,,,0.5,3,9,1,42,,,,,,"{'estimator': XGBRegressor(base_score=None, booster=None, callbacks=None,
             colsample_bylevel=None, colsample_bynode=None,
             colsample_bytree=None, device=None, early_stopping_rounds=None,
             enable_categorical=False, eval_metric=None, feature_types=None,
             gamma=None, grow_policy=None, importance_type=None,
             interaction_constraints=None, learning_rate=None, max_bin=None,
             max_cat_threshold=None, max_cat_to_onehot=None,
             max_delta_step=None, max_depth=None, max_leaves=None,
             min_child_weight=None, missing=nan, monotone_constraints=None,
             multi_strategy=None, n_estimators=None, n_jobs=None,
             num_parallel_tree=None, random_state=None, ...), 'estimator__eta': 0.5, 'estimator__gamma': 10, 'estimator__max_delta_step': 3, 'estimator__max_depth': 9, 'estimator__min_child_weight': 1, 'estimator__random_state': 42}",0.03599063436210516,0.05799454693120446,0.037869750305241666,0.04029670713212541,0.06181477486725849,0.06275382538843341,0.0585904735445141,0.04645832659715925,0.03450532229957629,0.02795477719537449,0.04642291386229928,0.012199106700667508,589,0.11864891809116473,0.24119645742924045,0.028398407327837605,0.02066700403787869,0.03638325860846092,0.05050658596856494,0.03875581368426939,0.0028673913716468213,0.0025635766667464477,0.32101556741915505,0.0861002980604965,0.10382520714439339,606,0.16735711752593546,0.20491798351024226,0.17227371208473763,0.17249387732608762,0.22654835006323465,0.1898865125617788,0.19731434715480983,0.1877474386673681,0.17047527330852666,0.14259692533902762,0.18316115375417485,0.022160479939809095,631
674,0.029006528854370116,0.0008947089440223556,0.004900884628295898,0.0002999943550166838,"XGBRegressor(base_score=None, booster=None, callbacks=None,
             colsample_bylevel=None, colsample_bynode=None,
             colsample_bytree=None, device=None, early_stopping_rounds=None,
             enable_categorical=False, eval_metric=None, feature_types=None,
             gamma=None, grow_policy=None, importance_type=None,
             interaction_constraints=None, learning_rate=None, max_bin=None,
             max_cat_threshold=None, max_cat_to_onehot=None,
             max_delta_step=None, max_depth=None, max_leaves=None,
             min_child_weight=None, missing=nan, monotone_constraints=None,
             multi_strategy=None, n_estimators=None, n_jobs=None,
             num_parallel_tree=None, random_state=None, ...)",,,10,,,,,0.5,3,9,10,42,,,,,,"{'estimator': XGBRegressor(base_score=None, booster=None, callbacks=None,
             colsample_bylevel=None, colsample_bynode=None,
             colsample_bytree=None, device=None, early_stopping_rounds=None,
             enable_categorical=False, eval_metric=None, feature_types=None,
             gamma=None, grow_policy=None, importance_type=None,
             interaction_constraints=None, learning_rate=None, max_bin=None,
             max_cat_threshold=None, max_cat_to_onehot=None,
             max_delta_step=None, max_depth=None, max_leaves=None,
             min_child_weight=None, missing=nan, monotone_constraints=None,
             multi_strategy=None, n_estimators=None, n_jobs=None,
             num_parallel_tree=None, random_state=None, ...), 'estimator__eta': 0.5, 'estimator__gamma': 10, 'estimator__max_delta_step': 3, 'estimator__max_depth': 9, 'estimator__min_child_weight': 10, 'estimator__random_state': 42}",0.03599063436210516,0.05799454693120446,0.037869750305241666,0.04029670713212541,0.06181477486725849,0.06275382538843341,0.0585904735445141,0.04645832659715925,0.03450532229957629,0.02795477719537449,0.04642291386229928,0.012199106700667508,589,0.11864891809116473,0.24119645742924045,0.028398407327837605,0.02066700403787869,0.03638325860846092,0.05050658596856494,0.03875581368426939,0.0028673913716468213,0.0025635766667464477,0.32101556741915505,0.0861002980604965,0.10382520714439339,606,0.16735711752593546,0.20491798351024226,0.17227371208473763,0.17249387732608762,0.22654835006323465,0.1898865125617788,0.19731434715480983,0.1877474386673681,0.17047527330852666,0.14259692533902762,0.18316115375417485,0.022160479939809095,631
675,0.028606605529785157,0.0004899408265309257,0.0051011800765991214,0.00030001831685383574,"XGBRegressor(base_score=None, booster=None, callbacks=None,
             colsample_bylevel=None, colsample_bynode=None,
             colsample_bytree=None, device=None, early_stopping_rounds=None,
             enable_categorical=False, eval_metric=None, feature_types=None,
             gamma=None, grow_policy=None, importance_type=None,
             interaction_constraints=None, learning_rate=None, max_bin=None,
             max_cat_threshold=None, max_cat_to_onehot=None,
             max_delta_step=None, max_depth=None, max_leaves=None,
             min_child_weight=None, missing=nan, monotone_constraints=None,
             multi_strategy=None, n_estimators=None, n_jobs=None,
             num_parallel_tree=None, random_state=None, ...)",,,10,,,,,0.5,6,3,0,42,,,,,,"{'estimator': XGBRegressor(base_score=None, booster=None, callbacks=None,
             colsample_bylevel=None, colsample_bynode=None,
             colsample_bytree=None, device=None, early_stopping_rounds=None,
             enable_categorical=False, eval_metric=None, feature_types=None,
             gamma=None, grow_policy=None, importance_type=None,
             interaction_constraints=None, learning_rate=None, max_bin=None,
             max_cat_threshold=None, max_cat_to_onehot=None,
             max_delta_step=None, max_depth=None, max_leaves=None,
             min_child_weight=None, missing=nan, monotone_constraints=None,
             multi_strategy=None, n_estimators=None, n_jobs=None,
             num_parallel_tree=None, random_state=None, ...), 'estimator__eta': 0.5, 'estimator__gamma': 10, 'estimator__max_delta_step': 6, 'estimator__max_depth': 3, 'estimator__min_child_weight': 0, 'estimator__random_state': 42}",0.03599063436210516,0.05799454693120446,0.037869750305241666,0.04029670713212541,0.06181477486725849,0.06275382538843341,0.0585904735445141,0.04645832659715925,0.03450532229957629,0.02795477719537449,0.04642291386229928,0.012199106700667508,589,0.11864891809116473,0.24119645742924045,0.028398407327837605,0.02066700403787869,0.03638325860846092,0.05050658596856494,0.03875581368426939,0.0028673913716468213,0.0025635766667464477,0.32101556741915505,0.0861002980604965,0.10382520714439339,606,0.16735711752593546,0.20491798351024226,0.17227371208473763,0.17249387732608762,0.22654835006323465,0.1898865125617788,0.19731434715480983,0.1877474386673681,0.17047527330852666,0.14259692533902762,0.18316115375417485,0.022160479939809095,631
676,0.029506921768188477,0.0008065813925270478,0.005201077461242676,0.0004000188518812147,"XGBRegressor(base_score=None, booster=None, callbacks=None,
             colsample_bylevel=None, colsample_bynode=None,
             colsample_bytree=None, device=None, early_stopping_rounds=None,
             enable_categorical=False, eval_metric=None, feature_types=None,
             gamma=None, grow_policy=None, importance_type=None,
             interaction_constraints=None, learning_rate=None, max_bin=None,
             max_cat_threshold=None, max_cat_to_onehot=None,
             max_delta_step=None, max_depth=None, max_leaves=None,
             min_child_weight=None, missing=nan, monotone_constraints=None,
             multi_strategy=None, n_estimators=None, n_jobs=None,
             num_parallel_tree=None, random_state=None, ...)",,,10,,,,,0.5,6,3,1,42,,,,,,"{'estimator': XGBRegressor(base_score=None, booster=None, callbacks=None,
             colsample_bylevel=None, colsample_bynode=None,
             colsample_bytree=None, device=None, early_stopping_rounds=None,
             enable_categorical=False, eval_metric=None, feature_types=None,
             gamma=None, grow_policy=None, importance_type=None,
             interaction_constraints=None, learning_rate=None, max_bin=None,
             max_cat_threshold=None, max_cat_to_onehot=None,
             max_delta_step=None, max_depth=None, max_leaves=None,
             min_child_weight=None, missing=nan, monotone_constraints=None,
             multi_strategy=None, n_estimators=None, n_jobs=None,
             num_parallel_tree=None, random_state=None, ...), 'estimator__eta': 0.5, 'estimator__gamma': 10, 'estimator__max_delta_step': 6, 'estimator__max_depth': 3, 'estimator__min_child_weight': 1, 'estimator__random_state': 42}",0.03599063436210516,0.05799454693120446,0.037869750305241666,0.04029670713212541,0.06181477486725849,0.06275382538843341,0.0585904735445141,0.04645832659715925,0.03450532229957629,0.02795477719537449,0.04642291386229928,0.012199106700667508,589,0.11864891809116473,0.24119645742924045,0.028398407327837605,0.02066700403787869,0.03638325860846092,0.05050658596856494,0.03875581368426939,0.0028673913716468213,0.0025635766667464477,0.32101556741915505,0.0861002980604965,0.10382520714439339,606,0.16735711752593546,0.20491798351024226,0.17227371208473763,0.17249387732608762,0.22654835006323465,0.1898865125617788,0.19731434715480983,0.1877474386673681,0.17047527330852666,0.14259692533902762,0.18316115375417485,0.022160479939809095,631
677,0.0287067174911499,0.000640403967319395,0.005200886726379394,0.000400352566766979,"XGBRegressor(base_score=None, booster=None, callbacks=None,
             colsample_bylevel=None, colsample_bynode=None,
             colsample_bytree=None, device=None, early_stopping_rounds=None,
             enable_categorical=False, eval_metric=None, feature_types=None,
             gamma=None, grow_policy=None, importance_type=None,
             interaction_constraints=None, learning_rate=None, max_bin=None,
             max_cat_threshold=None, max_cat_to_onehot=None,
             max_delta_step=None, max_depth=None, max_leaves=None,
             min_child_weight=None, missing=nan, monotone_constraints=None,
             multi_strategy=None, n_estimators=None, n_jobs=None,
             num_parallel_tree=None, random_state=None, ...)",,,10,,,,,0.5,6,3,10,42,,,,,,"{'estimator': XGBRegressor(base_score=None, booster=None, callbacks=None,
             colsample_bylevel=None, colsample_bynode=None,
             colsample_bytree=None, device=None, early_stopping_rounds=None,
             enable_categorical=False, eval_metric=None, feature_types=None,
             gamma=None, grow_policy=None, importance_type=None,
             interaction_constraints=None, learning_rate=None, max_bin=None,
             max_cat_threshold=None, max_cat_to_onehot=None,
             max_delta_step=None, max_depth=None, max_leaves=None,
             min_child_weight=None, missing=nan, monotone_constraints=None,
             multi_strategy=None, n_estimators=None, n_jobs=None,
             num_parallel_tree=None, random_state=None, ...), 'estimator__eta': 0.5, 'estimator__gamma': 10, 'estimator__max_delta_step': 6, 'estimator__max_depth': 3, 'estimator__min_child_weight': 10, 'estimator__random_state': 42}",0.03599063436210516,0.05799454693120446,0.037869750305241666,0.04029670713212541,0.06181477486725849,0.06275382538843341,0.0585904735445141,0.04645832659715925,0.03450532229957629,0.02795477719537449,0.04642291386229928,0.012199106700667508,589,0.11864891809116473,0.24119645742924045,0.028398407327837605,0.02066700403787869,0.03638325860846092,0.05050658596856494,0.03875581368426939,0.0028673913716468213,0.0025635766667464477,0.32101556741915505,0.0861002980604965,0.10382520714439339,606,0.16735711752593546,0.20491798351024226,0.17227371208473763,0.17249387732608762,0.22654835006323465,0.1898865125617788,0.19731434715480983,0.1877474386673681,0.17047527330852666,0.14259692533902762,0.18316115375417485,0.022160479939809095,631
678,0.028806543350219725,0.0006001313916822555,0.005000996589660645,3.5443469875618234e-07,"XGBRegressor(base_score=None, booster=None, callbacks=None,
             colsample_bylevel=None, colsample_bynode=None,
             colsample_bytree=None, device=None, early_stopping_rounds=None,
             enable_categorical=False, eval_metric=None, feature_types=None,
             gamma=None, grow_policy=None, importance_type=None,
             interaction_constraints=None, learning_rate=None, max_bin=None,
             max_cat_threshold=None, max_cat_to_onehot=None,
             max_delta_step=None, max_depth=None, max_leaves=None,
             min_child_weight=None, missing=nan, monotone_constraints=None,
             multi_strategy=None, n_estimators=None, n_jobs=None,
             num_parallel_tree=None, random_state=None, ...)",,,10,,,,,0.5,6,6,0,42,,,,,,"{'estimator': XGBRegressor(base_score=None, booster=None, callbacks=None,
             colsample_bylevel=None, colsample_bynode=None,
             colsample_bytree=None, device=None, early_stopping_rounds=None,
             enable_categorical=False, eval_metric=None, feature_types=None,
             gamma=None, grow_policy=None, importance_type=None,
             interaction_constraints=None, learning_rate=None, max_bin=None,
             max_cat_threshold=None, max_cat_to_onehot=None,
             max_delta_step=None, max_depth=None, max_leaves=None,
             min_child_weight=None, missing=nan, monotone_constraints=None,
             multi_strategy=None, n_estimators=None, n_jobs=None,
             num_parallel_tree=None, random_state=None, ...), 'estimator__eta': 0.5, 'estimator__gamma': 10, 'estimator__max_delta_step': 6, 'estimator__max_depth': 6, 'estimator__min_child_weight': 0, 'estimator__random_state': 42}",0.03599063436210516,0.05799454693120446,0.037869750305241666,0.04029670713212541,0.06181477486725849,0.06275382538843341,0.0585904735445141,0.04645832659715925,0.03450532229957629,0.02795477719537449,0.04642291386229928,0.012199106700667508,589,0.11864891809116473,0.24119645742924045,0.028398407327837605,0.02066700403787869,0.03638325860846092,0.05050658596856494,0.03875581368426939,0.0028673913716468213,0.0025635766667464477,0.32101556741915505,0.0861002980604965,0.10382520714439339,606,0.16735711752593546,0.20491798351024226,0.17227371208473763,0.17249387732608762,0.22654835006323465,0.1898865125617788,0.19731434715480983,0.1877474386673681,0.17047527330852666,0.14259692533902762,0.18316115375417485,0.022160479939809095,631
679,0.02900674343109131,0.0008944957572986692,0.00490102767944336,0.0005385573548803581,"XGBRegressor(base_score=None, booster=None, callbacks=None,
             colsample_bylevel=None, colsample_bynode=None,
             colsample_bytree=None, device=None, early_stopping_rounds=None,
             enable_categorical=False, eval_metric=None, feature_types=None,
             gamma=None, grow_policy=None, importance_type=None,
             interaction_constraints=None, learning_rate=None, max_bin=None,
             max_cat_threshold=None, max_cat_to_onehot=None,
             max_delta_step=None, max_depth=None, max_leaves=None,
             min_child_weight=None, missing=nan, monotone_constraints=None,
             multi_strategy=None, n_estimators=None, n_jobs=None,
             num_parallel_tree=None, random_state=None, ...)",,,10,,,,,0.5,6,6,1,42,,,,,,"{'estimator': XGBRegressor(base_score=None, booster=None, callbacks=None,
             colsample_bylevel=None, colsample_bynode=None,
             colsample_bytree=None, device=None, early_stopping_rounds=None,
             enable_categorical=False, eval_metric=None, feature_types=None,
             gamma=None, grow_policy=None, importance_type=None,
             interaction_constraints=None, learning_rate=None, max_bin=None,
             max_cat_threshold=None, max_cat_to_onehot=None,
             max_delta_step=None, max_depth=None, max_leaves=None,
             min_child_weight=None, missing=nan, monotone_constraints=None,
             multi_strategy=None, n_estimators=None, n_jobs=None,
             num_parallel_tree=None, random_state=None, ...), 'estimator__eta': 0.5, 'estimator__gamma': 10, 'estimator__max_delta_step': 6, 'estimator__max_depth': 6, 'estimator__min_child_weight': 1, 'estimator__random_state': 42}",0.03599063436210516,0.05799454693120446,0.037869750305241666,0.04029670713212541,0.06181477486725849,0.06275382538843341,0.0585904735445141,0.04645832659715925,0.03450532229957629,0.02795477719537449,0.04642291386229928,0.012199106700667508,589,0.11864891809116473,0.24119645742924045,0.028398407327837605,0.02066700403787869,0.03638325860846092,0.05050658596856494,0.03875581368426939,0.0028673913716468213,0.0025635766667464477,0.32101556741915505,0.0861002980604965,0.10382520714439339,606,0.16735711752593546,0.20491798351024226,0.17227371208473763,0.17249387732608762,0.22654835006323465,0.1898865125617788,0.19731434715480983,0.1877474386673681,0.17047527330852666,0.14259692533902762,0.18316115375417485,0.022160479939809095,631
680,0.028606605529785157,0.0006635860740830518,0.005200934410095215,0.0004002095440580664,"XGBRegressor(base_score=None, booster=None, callbacks=None,
             colsample_bylevel=None, colsample_bynode=None,
             colsample_bytree=None, device=None, early_stopping_rounds=None,
             enable_categorical=False, eval_metric=None, feature_types=None,
             gamma=None, grow_policy=None, importance_type=None,
             interaction_constraints=None, learning_rate=None, max_bin=None,
             max_cat_threshold=None, max_cat_to_onehot=None,
             max_delta_step=None, max_depth=None, max_leaves=None,
             min_child_weight=None, missing=nan, monotone_constraints=None,
             multi_strategy=None, n_estimators=None, n_jobs=None,
             num_parallel_tree=None, random_state=None, ...)",,,10,,,,,0.5,6,6,10,42,,,,,,"{'estimator': XGBRegressor(base_score=None, booster=None, callbacks=None,
             colsample_bylevel=None, colsample_bynode=None,
             colsample_bytree=None, device=None, early_stopping_rounds=None,
             enable_categorical=False, eval_metric=None, feature_types=None,
             gamma=None, grow_policy=None, importance_type=None,
             interaction_constraints=None, learning_rate=None, max_bin=None,
             max_cat_threshold=None, max_cat_to_onehot=None,
             max_delta_step=None, max_depth=None, max_leaves=None,
             min_child_weight=None, missing=nan, monotone_constraints=None,
             multi_strategy=None, n_estimators=None, n_jobs=None,
             num_parallel_tree=None, random_state=None, ...), 'estimator__eta': 0.5, 'estimator__gamma': 10, 'estimator__max_delta_step': 6, 'estimator__max_depth': 6, 'estimator__min_child_weight': 10, 'estimator__random_state': 42}",0.03599063436210516,0.05799454693120446,0.037869750305241666,0.04029670713212541,0.06181477486725849,0.06275382538843341,0.0585904735445141,0.04645832659715925,0.03450532229957629,0.02795477719537449,0.04642291386229928,0.012199106700667508,589,0.11864891809116473,0.24119645742924045,0.028398407327837605,0.02066700403787869,0.03638325860846092,0.05050658596856494,0.03875581368426939,0.0028673913716468213,0.0025635766667464477,0.32101556741915505,0.0861002980604965,0.10382520714439339,606,0.16735711752593546,0.20491798351024226,0.17227371208473763,0.17249387732608762,0.22654835006323465,0.1898865125617788,0.19731434715480983,0.1877474386673681,0.17047527330852666,0.14259692533902762,0.18316115375417485,0.022160479939809095,631
681,0.02870659828186035,0.0007812798934275388,0.0051010847091674805,0.0003001298691446856,"XGBRegressor(base_score=None, booster=None, callbacks=None,
             colsample_bylevel=None, colsample_bynode=None,
             colsample_bytree=None, device=None, early_stopping_rounds=None,
             enable_categorical=False, eval_metric=None, feature_types=None,
             gamma=None, grow_policy=None, importance_type=None,
             interaction_constraints=None, learning_rate=None, max_bin=None,
             max_cat_threshold=None, max_cat_to_onehot=None,
             max_delta_step=None, max_depth=None, max_leaves=None,
             min_child_weight=None, missing=nan, monotone_constraints=None,
             multi_strategy=None, n_estimators=None, n_jobs=None,
             num_parallel_tree=None, random_state=None, ...)",,,10,,,,,0.5,6,9,0,42,,,,,,"{'estimator': XGBRegressor(base_score=None, booster=None, callbacks=None,
             colsample_bylevel=None, colsample_bynode=None,
             colsample_bytree=None, device=None, early_stopping_rounds=None,
             enable_categorical=False, eval_metric=None, feature_types=None,
             gamma=None, grow_policy=None, importance_type=None,
             interaction_constraints=None, learning_rate=None, max_bin=None,
             max_cat_threshold=None, max_cat_to_onehot=None,
             max_delta_step=None, max_depth=None, max_leaves=None,
             min_child_weight=None, missing=nan, monotone_constraints=None,
             multi_strategy=None, n_estimators=None, n_jobs=None,
             num_parallel_tree=None, random_state=None, ...), 'estimator__eta': 0.5, 'estimator__gamma': 10, 'estimator__max_delta_step': 6, 'estimator__max_depth': 9, 'estimator__min_child_weight': 0, 'estimator__random_state': 42}",0.03599063436210516,0.05799454693120446,0.037869750305241666,0.04029670713212541,0.06181477486725849,0.06275382538843341,0.0585904735445141,0.04645832659715925,0.03450532229957629,0.02795477719537449,0.04642291386229928,0.012199106700667508,589,0.11864891809116473,0.24119645742924045,0.028398407327837605,0.02066700403787869,0.03638325860846092,0.05050658596856494,0.03875581368426939,0.0028673913716468213,0.0025635766667464477,0.32101556741915505,0.0861002980604965,0.10382520714439339,606,0.16735711752593546,0.20491798351024226,0.17227371208473763,0.17249387732608762,0.22654835006323465,0.1898865125617788,0.19731434715480983,0.1877474386673681,0.17047527330852666,0.14259692533902762,0.18316115375417485,0.022160479939809095,631
682,0.030657339096069335,0.0013042186879173997,0.005301237106323242,0.0004590361264705418,"XGBRegressor(base_score=None, booster=None, callbacks=None,
             colsample_bylevel=None, colsample_bynode=None,
             colsample_bytree=None, device=None, early_stopping_rounds=None,
             enable_categorical=False, eval_metric=None, feature_types=None,
             gamma=None, grow_policy=None, importance_type=None,
             interaction_constraints=None, learning_rate=None, max_bin=None,
             max_cat_threshold=None, max_cat_to_onehot=None,
             max_delta_step=None, max_depth=None, max_leaves=None,
             min_child_weight=None, missing=nan, monotone_constraints=None,
             multi_strategy=None, n_estimators=None, n_jobs=None,
             num_parallel_tree=None, random_state=None, ...)",,,10,,,,,0.5,6,9,1,42,,,,,,"{'estimator': XGBRegressor(base_score=None, booster=None, callbacks=None,
             colsample_bylevel=None, colsample_bynode=None,
             colsample_bytree=None, device=None, early_stopping_rounds=None,
             enable_categorical=False, eval_metric=None, feature_types=None,
             gamma=None, grow_policy=None, importance_type=None,
             interaction_constraints=None, learning_rate=None, max_bin=None,
             max_cat_threshold=None, max_cat_to_onehot=None,
             max_delta_step=None, max_depth=None, max_leaves=None,
             min_child_weight=None, missing=nan, monotone_constraints=None,
             multi_strategy=None, n_estimators=None, n_jobs=None,
             num_parallel_tree=None, random_state=None, ...), 'estimator__eta': 0.5, 'estimator__gamma': 10, 'estimator__max_delta_step': 6, 'estimator__max_depth': 9, 'estimator__min_child_weight': 1, 'estimator__random_state': 42}",0.03599063436210516,0.05799454693120446,0.037869750305241666,0.04029670713212541,0.06181477486725849,0.06275382538843341,0.0585904735445141,0.04645832659715925,0.03450532229957629,0.02795477719537449,0.04642291386229928,0.012199106700667508,589,0.11864891809116473,0.24119645742924045,0.028398407327837605,0.02066700403787869,0.03638325860846092,0.05050658596856494,0.03875581368426939,0.0028673913716468213,0.0025635766667464477,0.32101556741915505,0.0861002980604965,0.10382520714439339,606,0.16735711752593546,0.20491798351024226,0.17227371208473763,0.17249387732608762,0.22654835006323465,0.1898865125617788,0.19731434715480983,0.1877474386673681,0.17047527330852666,0.14259692533902762,0.18316115375417485,0.022160479939809095,631
683,0.02910642623901367,0.0012209031697362131,0.005116081237792969,0.000537698061004715,"XGBRegressor(base_score=None, booster=None, callbacks=None,
             colsample_bylevel=None, colsample_bynode=None,
             colsample_bytree=None, device=None, early_stopping_rounds=None,
             enable_categorical=False, eval_metric=None, feature_types=None,
             gamma=None, grow_policy=None, importance_type=None,
             interaction_constraints=None, learning_rate=None, max_bin=None,
             max_cat_threshold=None, max_cat_to_onehot=None,
             max_delta_step=None, max_depth=None, max_leaves=None,
             min_child_weight=None, missing=nan, monotone_constraints=None,
             multi_strategy=None, n_estimators=None, n_jobs=None,
             num_parallel_tree=None, random_state=None, ...)",,,10,,,,,0.5,6,9,10,42,,,,,,"{'estimator': XGBRegressor(base_score=None, booster=None, callbacks=None,
             colsample_bylevel=None, colsample_bynode=None,
             colsample_bytree=None, device=None, early_stopping_rounds=None,
             enable_categorical=False, eval_metric=None, feature_types=None,
             gamma=None, grow_policy=None, importance_type=None,
             interaction_constraints=None, learning_rate=None, max_bin=None,
             max_cat_threshold=None, max_cat_to_onehot=None,
             max_delta_step=None, max_depth=None, max_leaves=None,
             min_child_weight=None, missing=nan, monotone_constraints=None,
             multi_strategy=None, n_estimators=None, n_jobs=None,
             num_parallel_tree=None, random_state=None, ...), 'estimator__eta': 0.5, 'estimator__gamma': 10, 'estimator__max_delta_step': 6, 'estimator__max_depth': 9, 'estimator__min_child_weight': 10, 'estimator__random_state': 42}",0.03599063436210516,0.05799454693120446,0.037869750305241666,0.04029670713212541,0.06181477486725849,0.06275382538843341,0.0585904735445141,0.04645832659715925,0.03450532229957629,0.02795477719537449,0.04642291386229928,0.012199106700667508,589,0.11864891809116473,0.24119645742924045,0.028398407327837605,0.02066700403787869,0.03638325860846092,0.05050658596856494,0.03875581368426939,0.0028673913716468213,0.0025635766667464477,0.32101556741915505,0.0861002980604965,0.10382520714439339,606,0.16735711752593546,0.20491798351024226,0.17227371208473763,0.17249387732608762,0.22654835006323465,0.1898865125617788,0.19731434715480983,0.1877474386673681,0.17047527330852666,0.14259692533902762,0.18316115375417485,0.022160479939809095,631
684,0.028606438636779787,0.00080017454076005,0.005200982093811035,0.00040012602210843753,"XGBRegressor(base_score=None, booster=None, callbacks=None,
             colsample_bylevel=None, colsample_bynode=None,
             colsample_bytree=None, device=None, early_stopping_rounds=None,
             enable_categorical=False, eval_metric=None, feature_types=None,
             gamma=None, grow_policy=None, importance_type=None,
             interaction_constraints=None, learning_rate=None, max_bin=None,
             max_cat_threshold=None, max_cat_to_onehot=None,
             max_delta_step=None, max_depth=None, max_leaves=None,
             min_child_weight=None, missing=nan, monotone_constraints=None,
             multi_strategy=None, n_estimators=None, n_jobs=None,
             num_parallel_tree=None, random_state=None, ...)",,,20,,,,,0.5,0,3,0,42,,,,,,"{'estimator': XGBRegressor(base_score=None, booster=None, callbacks=None,
             colsample_bylevel=None, colsample_bynode=None,
             colsample_bytree=None, device=None, early_stopping_rounds=None,
             enable_categorical=False, eval_metric=None, feature_types=None,
             gamma=None, grow_policy=None, importance_type=None,
             interaction_constraints=None, learning_rate=None, max_bin=None,
             max_cat_threshold=None, max_cat_to_onehot=None,
             max_delta_step=None, max_depth=None, max_leaves=None,
             min_child_weight=None, missing=nan, monotone_constraints=None,
             multi_strategy=None, n_estimators=None, n_jobs=None,
             num_parallel_tree=None, random_state=None, ...), 'estimator__eta': 0.5, 'estimator__gamma': 20, 'estimator__max_delta_step': 0, 'estimator__max_depth': 3, 'estimator__min_child_weight': 0, 'estimator__random_state': 42}",0.03599063436210516,0.05799454693120446,0.037869750305241666,0.04029670713212541,0.06181477486725849,0.06275382538843341,0.0585904735445141,0.04645832659715925,0.03450532229957629,0.02795477719537449,0.04642291386229928,0.012199106700667508,589,0.11864891809116473,0.24119645742924045,0.028398407327837605,0.02066700403787869,0.03638325860846092,0.05050658596856494,0.03875581368426939,0.0028673913716468213,0.0025635766667464477,0.32101556741915505,0.0861002980604965,0.10382520714439339,606,0.16735711752593546,0.20491798351024226,0.17227371208473763,0.17249387732608762,0.22654835006323465,0.1898865125617788,0.19731434715480983,0.1877474386673681,0.17047527330852666,0.14259692533902762,0.18316115375417485,0.022160479939809095,631
685,0.029006695747375487,0.0010001421849995683,0.00510094165802002,0.0005384996304607358,"XGBRegressor(base_score=None, booster=None, callbacks=None,
             colsample_bylevel=None, colsample_bynode=None,
             colsample_bytree=None, device=None, early_stopping_rounds=None,
             enable_categorical=False, eval_metric=None, feature_types=None,
             gamma=None, grow_policy=None, importance_type=None,
             interaction_constraints=None, learning_rate=None, max_bin=None,
             max_cat_threshold=None, max_cat_to_onehot=None,
             max_delta_step=None, max_depth=None, max_leaves=None,
             min_child_weight=None, missing=nan, monotone_constraints=None,
             multi_strategy=None, n_estimators=None, n_jobs=None,
             num_parallel_tree=None, random_state=None, ...)",,,20,,,,,0.5,0,3,1,42,,,,,,"{'estimator': XGBRegressor(base_score=None, booster=None, callbacks=None,
             colsample_bylevel=None, colsample_bynode=None,
             colsample_bytree=None, device=None, early_stopping_rounds=None,
             enable_categorical=False, eval_metric=None, feature_types=None,
             gamma=None, grow_policy=None, importance_type=None,
             interaction_constraints=None, learning_rate=None, max_bin=None,
             max_cat_threshold=None, max_cat_to_onehot=None,
             max_delta_step=None, max_depth=None, max_leaves=None,
             min_child_weight=None, missing=nan, monotone_constraints=None,
             multi_strategy=None, n_estimators=None, n_jobs=None,
             num_parallel_tree=None, random_state=None, ...), 'estimator__eta': 0.5, 'estimator__gamma': 20, 'estimator__max_delta_step': 0, 'estimator__max_depth': 3, 'estimator__min_child_weight': 1, 'estimator__random_state': 42}",0.03599063436210516,0.05799454693120446,0.037869750305241666,0.04029670713212541,0.06181477486725849,0.06275382538843341,0.0585904735445141,0.04645832659715925,0.03450532229957629,0.02795477719537449,0.04642291386229928,0.012199106700667508,589,0.11864891809116473,0.24119645742924045,0.028398407327837605,0.02066700403787869,0.03638325860846092,0.05050658596856494,0.03875581368426939,0.0028673913716468213,0.0025635766667464477,0.32101556741915505,0.0861002980604965,0.10382520714439339,606,0.16735711752593546,0.20491798351024226,0.17227371208473763,0.17249387732608762,0.22654835006323465,0.1898865125617788,0.19731434715480983,0.1877474386673681,0.17047527330852666,0.14259692533902762,0.18316115375417485,0.022160479939809095,631
686,0.0288543701171875,0.0006320914052255078,0.005053210258483887,0.0007212194572722047,"XGBRegressor(base_score=None, booster=None, callbacks=None,
             colsample_bylevel=None, colsample_bynode=None,
             colsample_bytree=None, device=None, early_stopping_rounds=None,
             enable_categorical=False, eval_metric=None, feature_types=None,
             gamma=None, grow_policy=None, importance_type=None,
             interaction_constraints=None, learning_rate=None, max_bin=None,
             max_cat_threshold=None, max_cat_to_onehot=None,
             max_delta_step=None, max_depth=None, max_leaves=None,
             min_child_weight=None, missing=nan, monotone_constraints=None,
             multi_strategy=None, n_estimators=None, n_jobs=None,
             num_parallel_tree=None, random_state=None, ...)",,,20,,,,,0.5,0,3,10,42,,,,,,"{'estimator': XGBRegressor(base_score=None, booster=None, callbacks=None,
             colsample_bylevel=None, colsample_bynode=None,
             colsample_bytree=None, device=None, early_stopping_rounds=None,
             enable_categorical=False, eval_metric=None, feature_types=None,
             gamma=None, grow_policy=None, importance_type=None,
             interaction_constraints=None, learning_rate=None, max_bin=None,
             max_cat_threshold=None, max_cat_to_onehot=None,
             max_delta_step=None, max_depth=None, max_leaves=None,
             min_child_weight=None, missing=nan, monotone_constraints=None,
             multi_strategy=None, n_estimators=None, n_jobs=None,
             num_parallel_tree=None, random_state=None, ...), 'estimator__eta': 0.5, 'estimator__gamma': 20, 'estimator__max_delta_step': 0, 'estimator__max_depth': 3, 'estimator__min_child_weight': 10, 'estimator__random_state': 42}",0.03599063436210516,0.05799454693120446,0.037869750305241666,0.04029670713212541,0.06181477486725849,0.06275382538843341,0.0585904735445141,0.04645832659715925,0.03450532229957629,0.02795477719537449,0.04642291386229928,0.012199106700667508,589,0.11864891809116473,0.24119645742924045,0.028398407327837605,0.02066700403787869,0.03638325860846092,0.05050658596856494,0.03875581368426939,0.0028673913716468213,0.0025635766667464477,0.32101556741915505,0.0861002980604965,0.10382520714439339,606,0.16735711752593546,0.20491798351024226,0.17227371208473763,0.17249387732608762,0.22654835006323465,0.1898865125617788,0.19731434715480983,0.1877474386673681,0.17047527330852666,0.14259692533902762,0.18316115375417485,0.022160479939809095,631
687,0.028406429290771484,0.0004898916891783648,0.0051010847091674805,0.0003002088747880441,"XGBRegressor(base_score=None, booster=None, callbacks=None,
             colsample_bylevel=None, colsample_bynode=None,
             colsample_bytree=None, device=None, early_stopping_rounds=None,
             enable_categorical=False, eval_metric=None, feature_types=None,
             gamma=None, grow_policy=None, importance_type=None,
             interaction_constraints=None, learning_rate=None, max_bin=None,
             max_cat_threshold=None, max_cat_to_onehot=None,
             max_delta_step=None, max_depth=None, max_leaves=None,
             min_child_weight=None, missing=nan, monotone_constraints=None,
             multi_strategy=None, n_estimators=None, n_jobs=None,
             num_parallel_tree=None, random_state=None, ...)",,,20,,,,,0.5,0,6,0,42,,,,,,"{'estimator': XGBRegressor(base_score=None, booster=None, callbacks=None,
             colsample_bylevel=None, colsample_bynode=None,
             colsample_bytree=None, device=None, early_stopping_rounds=None,
             enable_categorical=False, eval_metric=None, feature_types=None,
             gamma=None, grow_policy=None, importance_type=None,
             interaction_constraints=None, learning_rate=None, max_bin=None,
             max_cat_threshold=None, max_cat_to_onehot=None,
             max_delta_step=None, max_depth=None, max_leaves=None,
             min_child_weight=None, missing=nan, monotone_constraints=None,
             multi_strategy=None, n_estimators=None, n_jobs=None,
             num_parallel_tree=None, random_state=None, ...), 'estimator__eta': 0.5, 'estimator__gamma': 20, 'estimator__max_delta_step': 0, 'estimator__max_depth': 6, 'estimator__min_child_weight': 0, 'estimator__random_state': 42}",0.03599063436210516,0.05799454693120446,0.037869750305241666,0.04029670713212541,0.06181477486725849,0.06275382538843341,0.0585904735445141,0.04645832659715925,0.03450532229957629,0.02795477719537449,0.04642291386229928,0.012199106700667508,589,0.11864891809116473,0.24119645742924045,0.028398407327837605,0.02066700403787869,0.03638325860846092,0.05050658596856494,0.03875581368426939,0.0028673913716468213,0.0025635766667464477,0.32101556741915505,0.0861002980604965,0.10382520714439339,606,0.16735711752593546,0.20491798351024226,0.17227371208473763,0.17249387732608762,0.22654835006323465,0.1898865125617788,0.19731434715480983,0.1877474386673681,0.17047527330852666,0.14259692533902762,0.18316115375417485,0.022160479939809095,631
688,0.028906583786010742,0.0006997246303502991,0.0052013397216796875,0.00040054345414744784,"XGBRegressor(base_score=None, booster=None, callbacks=None,
             colsample_bylevel=None, colsample_bynode=None,
             colsample_bytree=None, device=None, early_stopping_rounds=None,
             enable_categorical=False, eval_metric=None, feature_types=None,
             gamma=None, grow_policy=None, importance_type=None,
             interaction_constraints=None, learning_rate=None, max_bin=None,
             max_cat_threshold=None, max_cat_to_onehot=None,
             max_delta_step=None, max_depth=None, max_leaves=None,
             min_child_weight=None, missing=nan, monotone_constraints=None,
             multi_strategy=None, n_estimators=None, n_jobs=None,
             num_parallel_tree=None, random_state=None, ...)",,,20,,,,,0.5,0,6,1,42,,,,,,"{'estimator': XGBRegressor(base_score=None, booster=None, callbacks=None,
             colsample_bylevel=None, colsample_bynode=None,
             colsample_bytree=None, device=None, early_stopping_rounds=None,
             enable_categorical=False, eval_metric=None, feature_types=None,
             gamma=None, grow_policy=None, importance_type=None,
             interaction_constraints=None, learning_rate=None, max_bin=None,
             max_cat_threshold=None, max_cat_to_onehot=None,
             max_delta_step=None, max_depth=None, max_leaves=None,
             min_child_weight=None, missing=nan, monotone_constraints=None,
             multi_strategy=None, n_estimators=None, n_jobs=None,
             num_parallel_tree=None, random_state=None, ...), 'estimator__eta': 0.5, 'estimator__gamma': 20, 'estimator__max_delta_step': 0, 'estimator__max_depth': 6, 'estimator__min_child_weight': 1, 'estimator__random_state': 42}",0.03599063436210516,0.05799454693120446,0.037869750305241666,0.04029670713212541,0.06181477486725849,0.06275382538843341,0.0585904735445141,0.04645832659715925,0.03450532229957629,0.02795477719537449,0.04642291386229928,0.012199106700667508,589,0.11864891809116473,0.24119645742924045,0.028398407327837605,0.02066700403787869,0.03638325860846092,0.05050658596856494,0.03875581368426939,0.0028673913716468213,0.0025635766667464477,0.32101556741915505,0.0861002980604965,0.10382520714439339,606,0.16735711752593546,0.20491798351024226,0.17227371208473763,0.17249387732608762,0.22654835006323465,0.1898865125617788,0.19731434715480983,0.1877474386673681,0.17047527330852666,0.14259692533902762,0.18316115375417485,0.022160479939809095,631
689,0.029306793212890626,0.0009000884675076993,0.00510096549987793,0.0003002484976056795,"XGBRegressor(base_score=None, booster=None, callbacks=None,
             colsample_bylevel=None, colsample_bynode=None,
             colsample_bytree=None, device=None, early_stopping_rounds=None,
             enable_categorical=False, eval_metric=None, feature_types=None,
             gamma=None, grow_policy=None, importance_type=None,
             interaction_constraints=None, learning_rate=None, max_bin=None,
             max_cat_threshold=None, max_cat_to_onehot=None,
             max_delta_step=None, max_depth=None, max_leaves=None,
             min_child_weight=None, missing=nan, monotone_constraints=None,
             multi_strategy=None, n_estimators=None, n_jobs=None,
             num_parallel_tree=None, random_state=None, ...)",,,20,,,,,0.5,0,6,10,42,,,,,,"{'estimator': XGBRegressor(base_score=None, booster=None, callbacks=None,
             colsample_bylevel=None, colsample_bynode=None,
             colsample_bytree=None, device=None, early_stopping_rounds=None,
             enable_categorical=False, eval_metric=None, feature_types=None,
             gamma=None, grow_policy=None, importance_type=None,
             interaction_constraints=None, learning_rate=None, max_bin=None,
             max_cat_threshold=None, max_cat_to_onehot=None,
             max_delta_step=None, max_depth=None, max_leaves=None,
             min_child_weight=None, missing=nan, monotone_constraints=None,
             multi_strategy=None, n_estimators=None, n_jobs=None,
             num_parallel_tree=None, random_state=None, ...), 'estimator__eta': 0.5, 'estimator__gamma': 20, 'estimator__max_delta_step': 0, 'estimator__max_depth': 6, 'estimator__min_child_weight': 10, 'estimator__random_state': 42}",0.03599063436210516,0.05799454693120446,0.037869750305241666,0.04029670713212541,0.06181477486725849,0.06275382538843341,0.0585904735445141,0.04645832659715925,0.03450532229957629,0.02795477719537449,0.04642291386229928,0.012199106700667508,589,0.11864891809116473,0.24119645742924045,0.028398407327837605,0.02066700403787869,0.03638325860846092,0.05050658596856494,0.03875581368426939,0.0028673913716468213,0.0025635766667464477,0.32101556741915505,0.0861002980604965,0.10382520714439339,606,0.16735711752593546,0.20491798351024226,0.17227371208473763,0.17249387732608762,0.22654835006323465,0.1898865125617788,0.19731434715480983,0.1877474386673681,0.17047527330852666,0.14259692533902762,0.18316115375417485,0.022160479939809095,631
690,0.02900667190551758,0.0008944957658776496,0.004800820350646972,0.0003998997670154838,"XGBRegressor(base_score=None, booster=None, callbacks=None,
             colsample_bylevel=None, colsample_bynode=None,
             colsample_bytree=None, device=None, early_stopping_rounds=None,
             enable_categorical=False, eval_metric=None, feature_types=None,
             gamma=None, grow_policy=None, importance_type=None,
             interaction_constraints=None, learning_rate=None, max_bin=None,
             max_cat_threshold=None, max_cat_to_onehot=None,
             max_delta_step=None, max_depth=None, max_leaves=None,
             min_child_weight=None, missing=nan, monotone_constraints=None,
             multi_strategy=None, n_estimators=None, n_jobs=None,
             num_parallel_tree=None, random_state=None, ...)",,,20,,,,,0.5,0,9,0,42,,,,,,"{'estimator': XGBRegressor(base_score=None, booster=None, callbacks=None,
             colsample_bylevel=None, colsample_bynode=None,
             colsample_bytree=None, device=None, early_stopping_rounds=None,
             enable_categorical=False, eval_metric=None, feature_types=None,
             gamma=None, grow_policy=None, importance_type=None,
             interaction_constraints=None, learning_rate=None, max_bin=None,
             max_cat_threshold=None, max_cat_to_onehot=None,
             max_delta_step=None, max_depth=None, max_leaves=None,
             min_child_weight=None, missing=nan, monotone_constraints=None,
             multi_strategy=None, n_estimators=None, n_jobs=None,
             num_parallel_tree=None, random_state=None, ...), 'estimator__eta': 0.5, 'estimator__gamma': 20, 'estimator__max_delta_step': 0, 'estimator__max_depth': 9, 'estimator__min_child_weight': 0, 'estimator__random_state': 42}",0.03599063436210516,0.05799454693120446,0.037869750305241666,0.04029670713212541,0.06181477486725849,0.06275382538843341,0.0585904735445141,0.04645832659715925,0.03450532229957629,0.02795477719537449,0.04642291386229928,0.012199106700667508,589,0.11864891809116473,0.24119645742924045,0.028398407327837605,0.02066700403787869,0.03638325860846092,0.05050658596856494,0.03875581368426939,0.0028673913716468213,0.0025635766667464477,0.32101556741915505,0.0861002980604965,0.10382520714439339,606,0.16735711752593546,0.20491798351024226,0.17227371208473763,0.17249387732608762,0.22654835006323465,0.1898865125617788,0.19731434715480983,0.1877474386673681,0.17047527330852666,0.14259692533902762,0.18316115375417485,0.022160479939809095,631
691,0.028806495666503906,0.0006003539535482552,0.0050010204315185545,3.1629798797182086e-07,"XGBRegressor(base_score=None, booster=None, callbacks=None,
             colsample_bylevel=None, colsample_bynode=None,
             colsample_bytree=None, device=None, early_stopping_rounds=None,
             enable_categorical=False, eval_metric=None, feature_types=None,
             gamma=None, grow_policy=None, importance_type=None,
             interaction_constraints=None, learning_rate=None, max_bin=None,
             max_cat_threshold=None, max_cat_to_onehot=None,
             max_delta_step=None, max_depth=None, max_leaves=None,
             min_child_weight=None, missing=nan, monotone_constraints=None,
             multi_strategy=None, n_estimators=None, n_jobs=None,
             num_parallel_tree=None, random_state=None, ...)",,,20,,,,,0.5,0,9,1,42,,,,,,"{'estimator': XGBRegressor(base_score=None, booster=None, callbacks=None,
             colsample_bylevel=None, colsample_bynode=None,
             colsample_bytree=None, device=None, early_stopping_rounds=None,
             enable_categorical=False, eval_metric=None, feature_types=None,
             gamma=None, grow_policy=None, importance_type=None,
             interaction_constraints=None, learning_rate=None, max_bin=None,
             max_cat_threshold=None, max_cat_to_onehot=None,
             max_delta_step=None, max_depth=None, max_leaves=None,
             min_child_weight=None, missing=nan, monotone_constraints=None,
             multi_strategy=None, n_estimators=None, n_jobs=None,
             num_parallel_tree=None, random_state=None, ...), 'estimator__eta': 0.5, 'estimator__gamma': 20, 'estimator__max_delta_step': 0, 'estimator__max_depth': 9, 'estimator__min_child_weight': 1, 'estimator__random_state': 42}",0.03599063436210516,0.05799454693120446,0.037869750305241666,0.04029670713212541,0.06181477486725849,0.06275382538843341,0.0585904735445141,0.04645832659715925,0.03450532229957629,0.02795477719537449,0.04642291386229928,0.012199106700667508,589,0.11864891809116473,0.24119645742924045,0.028398407327837605,0.02066700403787869,0.03638325860846092,0.05050658596856494,0.03875581368426939,0.0028673913716468213,0.0025635766667464477,0.32101556741915505,0.0861002980604965,0.10382520714439339,606,0.16735711752593546,0.20491798351024226,0.17227371208473763,0.17249387732608762,0.22654835006323465,0.1898865125617788,0.19731434715480983,0.1877474386673681,0.17047527330852666,0.14259692533902762,0.18316115375417485,0.022160479939809095,631
692,0.02940685749053955,0.0021075913268960743,0.005100917816162109,0.0005385484423699978,"XGBRegressor(base_score=None, booster=None, callbacks=None,
             colsample_bylevel=None, colsample_bynode=None,
             colsample_bytree=None, device=None, early_stopping_rounds=None,
             enable_categorical=False, eval_metric=None, feature_types=None,
             gamma=None, grow_policy=None, importance_type=None,
             interaction_constraints=None, learning_rate=None, max_bin=None,
             max_cat_threshold=None, max_cat_to_onehot=None,
             max_delta_step=None, max_depth=None, max_leaves=None,
             min_child_weight=None, missing=nan, monotone_constraints=None,
             multi_strategy=None, n_estimators=None, n_jobs=None,
             num_parallel_tree=None, random_state=None, ...)",,,20,,,,,0.5,0,9,10,42,,,,,,"{'estimator': XGBRegressor(base_score=None, booster=None, callbacks=None,
             colsample_bylevel=None, colsample_bynode=None,
             colsample_bytree=None, device=None, early_stopping_rounds=None,
             enable_categorical=False, eval_metric=None, feature_types=None,
             gamma=None, grow_policy=None, importance_type=None,
             interaction_constraints=None, learning_rate=None, max_bin=None,
             max_cat_threshold=None, max_cat_to_onehot=None,
             max_delta_step=None, max_depth=None, max_leaves=None,
             min_child_weight=None, missing=nan, monotone_constraints=None,
             multi_strategy=None, n_estimators=None, n_jobs=None,
             num_parallel_tree=None, random_state=None, ...), 'estimator__eta': 0.5, 'estimator__gamma': 20, 'estimator__max_delta_step': 0, 'estimator__max_depth': 9, 'estimator__min_child_weight': 10, 'estimator__random_state': 42}",0.03599063436210516,0.05799454693120446,0.037869750305241666,0.04029670713212541,0.06181477486725849,0.06275382538843341,0.0585904735445141,0.04645832659715925,0.03450532229957629,0.02795477719537449,0.04642291386229928,0.012199106700667508,589,0.11864891809116473,0.24119645742924045,0.028398407327837605,0.02066700403787869,0.03638325860846092,0.05050658596856494,0.03875581368426939,0.0028673913716468213,0.0025635766667464477,0.32101556741915505,0.0861002980604965,0.10382520714439339,606,0.16735711752593546,0.20491798351024226,0.17227371208473763,0.17249387732608762,0.22654835006323465,0.1898865125617788,0.19731434715480983,0.1877474386673681,0.17047527330852666,0.14259692533902762,0.18316115375417485,0.022160479939809095,631
693,0.028606748580932616,0.0006634207055568714,0.005000901222229004,4.529953002929688e-07,"XGBRegressor(base_score=None, booster=None, callbacks=None,
             colsample_bylevel=None, colsample_bynode=None,
             colsample_bytree=None, device=None, early_stopping_rounds=None,
             enable_categorical=False, eval_metric=None, feature_types=None,
             gamma=None, grow_policy=None, importance_type=None,
             interaction_constraints=None, learning_rate=None, max_bin=None,
             max_cat_threshold=None, max_cat_to_onehot=None,
             max_delta_step=None, max_depth=None, max_leaves=None,
             min_child_weight=None, missing=nan, monotone_constraints=None,
             multi_strategy=None, n_estimators=None, n_jobs=None,
             num_parallel_tree=None, random_state=None, ...)",,,20,,,,,0.5,3,3,0,42,,,,,,"{'estimator': XGBRegressor(base_score=None, booster=None, callbacks=None,
             colsample_bylevel=None, colsample_bynode=None,
             colsample_bytree=None, device=None, early_stopping_rounds=None,
             enable_categorical=False, eval_metric=None, feature_types=None,
             gamma=None, grow_policy=None, importance_type=None,
             interaction_constraints=None, learning_rate=None, max_bin=None,
             max_cat_threshold=None, max_cat_to_onehot=None,
             max_delta_step=None, max_depth=None, max_leaves=None,
             min_child_weight=None, missing=nan, monotone_constraints=None,
             multi_strategy=None, n_estimators=None, n_jobs=None,
             num_parallel_tree=None, random_state=None, ...), 'estimator__eta': 0.5, 'estimator__gamma': 20, 'estimator__max_delta_step': 3, 'estimator__max_depth': 3, 'estimator__min_child_weight': 0, 'estimator__random_state': 42}",0.03599063436210516,0.05799454693120446,0.037869750305241666,0.04029670713212541,0.06181477486725849,0.06275382538843341,0.0585904735445141,0.04645832659715925,0.03450532229957629,0.02795477719537449,0.04642291386229928,0.012199106700667508,589,0.11864891809116473,0.24119645742924045,0.028398407327837605,0.02066700403787869,0.03638325860846092,0.05050658596856494,0.03875581368426939,0.0028673913716468213,0.0025635766667464477,0.32101556741915505,0.0861002980604965,0.10382520714439339,606,0.16735711752593546,0.20491798351024226,0.17227371208473763,0.17249387732608762,0.22654835006323465,0.1898865125617788,0.19731434715480983,0.1877474386673681,0.17047527330852666,0.14259692533902762,0.18316115375417485,0.022160479939809095,631
694,0.03000664710998535,0.00141438100442742,0.005401349067687989,0.0004901448493064432,"XGBRegressor(base_score=None, booster=None, callbacks=None,
             colsample_bylevel=None, colsample_bynode=None,
             colsample_bytree=None, device=None, early_stopping_rounds=None,
             enable_categorical=False, eval_metric=None, feature_types=None,
             gamma=None, grow_policy=None, importance_type=None,
             interaction_constraints=None, learning_rate=None, max_bin=None,
             max_cat_threshold=None, max_cat_to_onehot=None,
             max_delta_step=None, max_depth=None, max_leaves=None,
             min_child_weight=None, missing=nan, monotone_constraints=None,
             multi_strategy=None, n_estimators=None, n_jobs=None,
             num_parallel_tree=None, random_state=None, ...)",,,20,,,,,0.5,3,3,1,42,,,,,,"{'estimator': XGBRegressor(base_score=None, booster=None, callbacks=None,
             colsample_bylevel=None, colsample_bynode=None,
             colsample_bytree=None, device=None, early_stopping_rounds=None,
             enable_categorical=False, eval_metric=None, feature_types=None,
             gamma=None, grow_policy=None, importance_type=None,
             interaction_constraints=None, learning_rate=None, max_bin=None,
             max_cat_threshold=None, max_cat_to_onehot=None,
             max_delta_step=None, max_depth=None, max_leaves=None,
             min_child_weight=None, missing=nan, monotone_constraints=None,
             multi_strategy=None, n_estimators=None, n_jobs=None,
             num_parallel_tree=None, random_state=None, ...), 'estimator__eta': 0.5, 'estimator__gamma': 20, 'estimator__max_delta_step': 3, 'estimator__max_depth': 3, 'estimator__min_child_weight': 1, 'estimator__random_state': 42}",0.03599063436210516,0.05799454693120446,0.037869750305241666,0.04029670713212541,0.06181477486725849,0.06275382538843341,0.0585904735445141,0.04645832659715925,0.03450532229957629,0.02795477719537449,0.04642291386229928,0.012199106700667508,589,0.11864891809116473,0.24119645742924045,0.028398407327837605,0.02066700403787869,0.03638325860846092,0.05050658596856494,0.03875581368426939,0.0028673913716468213,0.0025635766667464477,0.32101556741915505,0.0861002980604965,0.10382520714439339,606,0.16735711752593546,0.20491798351024226,0.17227371208473763,0.17249387732608762,0.22654835006323465,0.1898865125617788,0.19731434715480983,0.1877474386673681,0.17047527330852666,0.14259692533902762,0.18316115375417485,0.022160479939809095,631
695,0.02940685749053955,0.0008004249601410731,0.005201005935668945,0.00040047178312717114,"XGBRegressor(base_score=None, booster=None, callbacks=None,
             colsample_bylevel=None, colsample_bynode=None,
             colsample_bytree=None, device=None, early_stopping_rounds=None,
             enable_categorical=False, eval_metric=None, feature_types=None,
             gamma=None, grow_policy=None, importance_type=None,
             interaction_constraints=None, learning_rate=None, max_bin=None,
             max_cat_threshold=None, max_cat_to_onehot=None,
             max_delta_step=None, max_depth=None, max_leaves=None,
             min_child_weight=None, missing=nan, monotone_constraints=None,
             multi_strategy=None, n_estimators=None, n_jobs=None,
             num_parallel_tree=None, random_state=None, ...)",,,20,,,,,0.5,3,3,10,42,,,,,,"{'estimator': XGBRegressor(base_score=None, booster=None, callbacks=None,
             colsample_bylevel=None, colsample_bynode=None,
             colsample_bytree=None, device=None, early_stopping_rounds=None,
             enable_categorical=False, eval_metric=None, feature_types=None,
             gamma=None, grow_policy=None, importance_type=None,
             interaction_constraints=None, learning_rate=None, max_bin=None,
             max_cat_threshold=None, max_cat_to_onehot=None,
             max_delta_step=None, max_depth=None, max_leaves=None,
             min_child_weight=None, missing=nan, monotone_constraints=None,
             multi_strategy=None, n_estimators=None, n_jobs=None,
             num_parallel_tree=None, random_state=None, ...), 'estimator__eta': 0.5, 'estimator__gamma': 20, 'estimator__max_delta_step': 3, 'estimator__max_depth': 3, 'estimator__min_child_weight': 10, 'estimator__random_state': 42}",0.03599063436210516,0.05799454693120446,0.037869750305241666,0.04029670713212541,0.06181477486725849,0.06275382538843341,0.0585904735445141,0.04645832659715925,0.03450532229957629,0.02795477719537449,0.04642291386229928,0.012199106700667508,589,0.11864891809116473,0.24119645742924045,0.028398407327837605,0.02066700403787869,0.03638325860846092,0.05050658596856494,0.03875581368426939,0.0028673913716468213,0.0025635766667464477,0.32101556741915505,0.0861002980604965,0.10382520714439339,606,0.16735711752593546,0.20491798351024226,0.17227371208473763,0.17249387732608762,0.22654835006323465,0.1898865125617788,0.19731434715480983,0.1877474386673681,0.17047527330852666,0.14259692533902762,0.18316115375417485,0.022160479939809095,631
696,0.02920689582824707,0.0008719464223497375,0.005401134490966797,0.0004905634079817712,"XGBRegressor(base_score=None, booster=None, callbacks=None,
             colsample_bylevel=None, colsample_bynode=None,
             colsample_bytree=None, device=None, early_stopping_rounds=None,
             enable_categorical=False, eval_metric=None, feature_types=None,
             gamma=None, grow_policy=None, importance_type=None,
             interaction_constraints=None, learning_rate=None, max_bin=None,
             max_cat_threshold=None, max_cat_to_onehot=None,
             max_delta_step=None, max_depth=None, max_leaves=None,
             min_child_weight=None, missing=nan, monotone_constraints=None,
             multi_strategy=None, n_estimators=None, n_jobs=None,
             num_parallel_tree=None, random_state=None, ...)",,,20,,,,,0.5,3,6,0,42,,,,,,"{'estimator': XGBRegressor(base_score=None, booster=None, callbacks=None,
             colsample_bylevel=None, colsample_bynode=None,
             colsample_bytree=None, device=None, early_stopping_rounds=None,
             enable_categorical=False, eval_metric=None, feature_types=None,
             gamma=None, grow_policy=None, importance_type=None,
             interaction_constraints=None, learning_rate=None, max_bin=None,
             max_cat_threshold=None, max_cat_to_onehot=None,
             max_delta_step=None, max_depth=None, max_leaves=None,
             min_child_weight=None, missing=nan, monotone_constraints=None,
             multi_strategy=None, n_estimators=None, n_jobs=None,
             num_parallel_tree=None, random_state=None, ...), 'estimator__eta': 0.5, 'estimator__gamma': 20, 'estimator__max_delta_step': 3, 'estimator__max_depth': 6, 'estimator__min_child_weight': 0, 'estimator__random_state': 42}",0.03599063436210516,0.05799454693120446,0.037869750305241666,0.04029670713212541,0.06181477486725849,0.06275382538843341,0.0585904735445141,0.04645832659715925,0.03450532229957629,0.02795477719537449,0.04642291386229928,0.012199106700667508,589,0.11864891809116473,0.24119645742924045,0.028398407327837605,0.02066700403787869,0.03638325860846092,0.05050658596856494,0.03875581368426939,0.0028673913716468213,0.0025635766667464477,0.32101556741915505,0.0861002980604965,0.10382520714439339,606,0.16735711752593546,0.20491798351024226,0.17227371208473763,0.17249387732608762,0.22654835006323465,0.1898865125617788,0.19731434715480983,0.1877474386673681,0.17047527330852666,0.14259692533902762,0.18316115375417485,0.022160479939809095,631
697,0.029106330871582032,0.0005389469335916644,0.005001068115234375,3.844384073399806e-07,"XGBRegressor(base_score=None, booster=None, callbacks=None,
             colsample_bylevel=None, colsample_bynode=None,
             colsample_bytree=None, device=None, early_stopping_rounds=None,
             enable_categorical=False, eval_metric=None, feature_types=None,
             gamma=None, grow_policy=None, importance_type=None,
             interaction_constraints=None, learning_rate=None, max_bin=None,
             max_cat_threshold=None, max_cat_to_onehot=None,
             max_delta_step=None, max_depth=None, max_leaves=None,
             min_child_weight=None, missing=nan, monotone_constraints=None,
             multi_strategy=None, n_estimators=None, n_jobs=None,
             num_parallel_tree=None, random_state=None, ...)",,,20,,,,,0.5,3,6,1,42,,,,,,"{'estimator': XGBRegressor(base_score=None, booster=None, callbacks=None,
             colsample_bylevel=None, colsample_bynode=None,
             colsample_bytree=None, device=None, early_stopping_rounds=None,
             enable_categorical=False, eval_metric=None, feature_types=None,
             gamma=None, grow_policy=None, importance_type=None,
             interaction_constraints=None, learning_rate=None, max_bin=None,
             max_cat_threshold=None, max_cat_to_onehot=None,
             max_delta_step=None, max_depth=None, max_leaves=None,
             min_child_weight=None, missing=nan, monotone_constraints=None,
             multi_strategy=None, n_estimators=None, n_jobs=None,
             num_parallel_tree=None, random_state=None, ...), 'estimator__eta': 0.5, 'estimator__gamma': 20, 'estimator__max_delta_step': 3, 'estimator__max_depth': 6, 'estimator__min_child_weight': 1, 'estimator__random_state': 42}",0.03599063436210516,0.05799454693120446,0.037869750305241666,0.04029670713212541,0.06181477486725849,0.06275382538843341,0.0585904735445141,0.04645832659715925,0.03450532229957629,0.02795477719537449,0.04642291386229928,0.012199106700667508,589,0.11864891809116473,0.24119645742924045,0.028398407327837605,0.02066700403787869,0.03638325860846092,0.05050658596856494,0.03875581368426939,0.0028673913716468213,0.0025635766667464477,0.32101556741915505,0.0861002980604965,0.10382520714439339,606,0.16735711752593546,0.20491798351024226,0.17227371208473763,0.17249387732608762,0.22654835006323465,0.1898865125617788,0.19731434715480983,0.1877474386673681,0.17047527330852666,0.14259692533902762,0.18316115375417485,0.022160479939809095,631
698,0.028606581687927245,0.0004902618587470448,0.005201101303100586,0.0004002457462130815,"XGBRegressor(base_score=None, booster=None, callbacks=None,
             colsample_bylevel=None, colsample_bynode=None,
             colsample_bytree=None, device=None, early_stopping_rounds=None,
             enable_categorical=False, eval_metric=None, feature_types=None,
             gamma=None, grow_policy=None, importance_type=None,
             interaction_constraints=None, learning_rate=None, max_bin=None,
             max_cat_threshold=None, max_cat_to_onehot=None,
             max_delta_step=None, max_depth=None, max_leaves=None,
             min_child_weight=None, missing=nan, monotone_constraints=None,
             multi_strategy=None, n_estimators=None, n_jobs=None,
             num_parallel_tree=None, random_state=None, ...)",,,20,,,,,0.5,3,6,10,42,,,,,,"{'estimator': XGBRegressor(base_score=None, booster=None, callbacks=None,
             colsample_bylevel=None, colsample_bynode=None,
             colsample_bytree=None, device=None, early_stopping_rounds=None,
             enable_categorical=False, eval_metric=None, feature_types=None,
             gamma=None, grow_policy=None, importance_type=None,
             interaction_constraints=None, learning_rate=None, max_bin=None,
             max_cat_threshold=None, max_cat_to_onehot=None,
             max_delta_step=None, max_depth=None, max_leaves=None,
             min_child_weight=None, missing=nan, monotone_constraints=None,
             multi_strategy=None, n_estimators=None, n_jobs=None,
             num_parallel_tree=None, random_state=None, ...), 'estimator__eta': 0.5, 'estimator__gamma': 20, 'estimator__max_delta_step': 3, 'estimator__max_depth': 6, 'estimator__min_child_weight': 10, 'estimator__random_state': 42}",0.03599063436210516,0.05799454693120446,0.037869750305241666,0.04029670713212541,0.06181477486725849,0.06275382538843341,0.0585904735445141,0.04645832659715925,0.03450532229957629,0.02795477719537449,0.04642291386229928,0.012199106700667508,589,0.11864891809116473,0.24119645742924045,0.028398407327837605,0.02066700403787869,0.03638325860846092,0.05050658596856494,0.03875581368426939,0.0028673913716468213,0.0025635766667464477,0.32101556741915505,0.0861002980604965,0.10382520714439339,606,0.16735711752593546,0.20491798351024226,0.17227371208473763,0.17249387732608762,0.22654835006323465,0.1898865125617788,0.19731434715480983,0.1877474386673681,0.17047527330852666,0.14259692533902762,0.18316115375417485,0.022160479939809095,631
699,0.028506660461425783,0.0006709851071629449,0.005000925064086914,0.00044718123518312054,"XGBRegressor(base_score=None, booster=None, callbacks=None,
             colsample_bylevel=None, colsample_bynode=None,
             colsample_bytree=None, device=None, early_stopping_rounds=None,
             enable_categorical=False, eval_metric=None, feature_types=None,
             gamma=None, grow_policy=None, importance_type=None,
             interaction_constraints=None, learning_rate=None, max_bin=None,
             max_cat_threshold=None, max_cat_to_onehot=None,
             max_delta_step=None, max_depth=None, max_leaves=None,
             min_child_weight=None, missing=nan, monotone_constraints=None,
             multi_strategy=None, n_estimators=None, n_jobs=None,
             num_parallel_tree=None, random_state=None, ...)",,,20,,,,,0.5,3,9,0,42,,,,,,"{'estimator': XGBRegressor(base_score=None, booster=None, callbacks=None,
             colsample_bylevel=None, colsample_bynode=None,
             colsample_bytree=None, device=None, early_stopping_rounds=None,
             enable_categorical=False, eval_metric=None, feature_types=None,
             gamma=None, grow_policy=None, importance_type=None,
             interaction_constraints=None, learning_rate=None, max_bin=None,
             max_cat_threshold=None, max_cat_to_onehot=None,
             max_delta_step=None, max_depth=None, max_leaves=None,
             min_child_weight=None, missing=nan, monotone_constraints=None,
             multi_strategy=None, n_estimators=None, n_jobs=None,
             num_parallel_tree=None, random_state=None, ...), 'estimator__eta': 0.5, 'estimator__gamma': 20, 'estimator__max_delta_step': 3, 'estimator__max_depth': 9, 'estimator__min_child_weight': 0, 'estimator__random_state': 42}",0.03599063436210516,0.05799454693120446,0.037869750305241666,0.04029670713212541,0.06181477486725849,0.06275382538843341,0.0585904735445141,0.04645832659715925,0.03450532229957629,0.02795477719537449,0.04642291386229928,0.012199106700667508,589,0.11864891809116473,0.24119645742924045,0.028398407327837605,0.02066700403787869,0.03638325860846092,0.05050658596856494,0.03875581368426939,0.0028673913716468213,0.0025635766667464477,0.32101556741915505,0.0861002980604965,0.10382520714439339,606,0.16735711752593546,0.20491798351024226,0.17227371208473763,0.17249387732608762,0.22654835006323465,0.1898865125617788,0.19731434715480983,0.1877474386673681,0.17047527330852666,0.14259692533902762,0.18316115375417485,0.022160479939809095,631
700,0.029106903076171874,0.0008306367168997266,0.005100870132446289,0.0003002808735791457,"XGBRegressor(base_score=None, booster=None, callbacks=None,
             colsample_bylevel=None, colsample_bynode=None,
             colsample_bytree=None, device=None, early_stopping_rounds=None,
             enable_categorical=False, eval_metric=None, feature_types=None,
             gamma=None, grow_policy=None, importance_type=None,
             interaction_constraints=None, learning_rate=None, max_bin=None,
             max_cat_threshold=None, max_cat_to_onehot=None,
             max_delta_step=None, max_depth=None, max_leaves=None,
             min_child_weight=None, missing=nan, monotone_constraints=None,
             multi_strategy=None, n_estimators=None, n_jobs=None,
             num_parallel_tree=None, random_state=None, ...)",,,20,,,,,0.5,3,9,1,42,,,,,,"{'estimator': XGBRegressor(base_score=None, booster=None, callbacks=None,
             colsample_bylevel=None, colsample_bynode=None,
             colsample_bytree=None, device=None, early_stopping_rounds=None,
             enable_categorical=False, eval_metric=None, feature_types=None,
             gamma=None, grow_policy=None, importance_type=None,
             interaction_constraints=None, learning_rate=None, max_bin=None,
             max_cat_threshold=None, max_cat_to_onehot=None,
             max_delta_step=None, max_depth=None, max_leaves=None,
             min_child_weight=None, missing=nan, monotone_constraints=None,
             multi_strategy=None, n_estimators=None, n_jobs=None,
             num_parallel_tree=None, random_state=None, ...), 'estimator__eta': 0.5, 'estimator__gamma': 20, 'estimator__max_delta_step': 3, 'estimator__max_depth': 9, 'estimator__min_child_weight': 1, 'estimator__random_state': 42}",0.03599063436210516,0.05799454693120446,0.037869750305241666,0.04029670713212541,0.06181477486725849,0.06275382538843341,0.0585904735445141,0.04645832659715925,0.03450532229957629,0.02795477719537449,0.04642291386229928,0.012199106700667508,589,0.11864891809116473,0.24119645742924045,0.028398407327837605,0.02066700403787869,0.03638325860846092,0.05050658596856494,0.03875581368426939,0.0028673913716468213,0.0025635766667464477,0.32101556741915505,0.0861002980604965,0.10382520714439339,606,0.16735711752593546,0.20491798351024226,0.17227371208473763,0.17249387732608762,0.22654835006323465,0.1898865125617788,0.19731434715480983,0.1877474386673681,0.17047527330852666,0.14259692533902762,0.18316115375417485,0.022160479939809095,631
701,0.029106903076171874,0.0006999901984302526,0.00510096549987793,0.0005388494081387092,"XGBRegressor(base_score=None, booster=None, callbacks=None,
             colsample_bylevel=None, colsample_bynode=None,
             colsample_bytree=None, device=None, early_stopping_rounds=None,
             enable_categorical=False, eval_metric=None, feature_types=None,
             gamma=None, grow_policy=None, importance_type=None,
             interaction_constraints=None, learning_rate=None, max_bin=None,
             max_cat_threshold=None, max_cat_to_onehot=None,
             max_delta_step=None, max_depth=None, max_leaves=None,
             min_child_weight=None, missing=nan, monotone_constraints=None,
             multi_strategy=None, n_estimators=None, n_jobs=None,
             num_parallel_tree=None, random_state=None, ...)",,,20,,,,,0.5,3,9,10,42,,,,,,"{'estimator': XGBRegressor(base_score=None, booster=None, callbacks=None,
             colsample_bylevel=None, colsample_bynode=None,
             colsample_bytree=None, device=None, early_stopping_rounds=None,
             enable_categorical=False, eval_metric=None, feature_types=None,
             gamma=None, grow_policy=None, importance_type=None,
             interaction_constraints=None, learning_rate=None, max_bin=None,
             max_cat_threshold=None, max_cat_to_onehot=None,
             max_delta_step=None, max_depth=None, max_leaves=None,
             min_child_weight=None, missing=nan, monotone_constraints=None,
             multi_strategy=None, n_estimators=None, n_jobs=None,
             num_parallel_tree=None, random_state=None, ...), 'estimator__eta': 0.5, 'estimator__gamma': 20, 'estimator__max_delta_step': 3, 'estimator__max_depth': 9, 'estimator__min_child_weight': 10, 'estimator__random_state': 42}",0.03599063436210516,0.05799454693120446,0.037869750305241666,0.04029670713212541,0.06181477486725849,0.06275382538843341,0.0585904735445141,0.04645832659715925,0.03450532229957629,0.02795477719537449,0.04642291386229928,0.012199106700667508,589,0.11864891809116473,0.24119645742924045,0.028398407327837605,0.02066700403787869,0.03638325860846092,0.05050658596856494,0.03875581368426939,0.0028673913716468213,0.0025635766667464477,0.32101556741915505,0.0861002980604965,0.10382520714439339,606,0.16735711752593546,0.20491798351024226,0.17227371208473763,0.17249387732608762,0.22654835006323465,0.1898865125617788,0.19731434715480983,0.1877474386673681,0.17047527330852666,0.14259692533902762,0.18316115375417485,0.022160479939809095,631
702,0.029507017135620116,0.001432061377764828,0.005100846290588379,0.0005387387505735242,"XGBRegressor(base_score=None, booster=None, callbacks=None,
             colsample_bylevel=None, colsample_bynode=None,
             colsample_bytree=None, device=None, early_stopping_rounds=None,
             enable_categorical=False, eval_metric=None, feature_types=None,
             gamma=None, grow_policy=None, importance_type=None,
             interaction_constraints=None, learning_rate=None, max_bin=None,
             max_cat_threshold=None, max_cat_to_onehot=None,
             max_delta_step=None, max_depth=None, max_leaves=None,
             min_child_weight=None, missing=nan, monotone_constraints=None,
             multi_strategy=None, n_estimators=None, n_jobs=None,
             num_parallel_tree=None, random_state=None, ...)",,,20,,,,,0.5,6,3,0,42,,,,,,"{'estimator': XGBRegressor(base_score=None, booster=None, callbacks=None,
             colsample_bylevel=None, colsample_bynode=None,
             colsample_bytree=None, device=None, early_stopping_rounds=None,
             enable_categorical=False, eval_metric=None, feature_types=None,
             gamma=None, grow_policy=None, importance_type=None,
             interaction_constraints=None, learning_rate=None, max_bin=None,
             max_cat_threshold=None, max_cat_to_onehot=None,
             max_delta_step=None, max_depth=None, max_leaves=None,
             min_child_weight=None, missing=nan, monotone_constraints=None,
             multi_strategy=None, n_estimators=None, n_jobs=None,
             num_parallel_tree=None, random_state=None, ...), 'estimator__eta': 0.5, 'estimator__gamma': 20, 'estimator__max_delta_step': 6, 'estimator__max_depth': 3, 'estimator__min_child_weight': 0, 'estimator__random_state': 42}",0.03599063436210516,0.05799454693120446,0.037869750305241666,0.04029670713212541,0.06181477486725849,0.06275382538843341,0.0585904735445141,0.04645832659715925,0.03450532229957629,0.02795477719537449,0.04642291386229928,0.012199106700667508,589,0.11864891809116473,0.24119645742924045,0.028398407327837605,0.02066700403787869,0.03638325860846092,0.05050658596856494,0.03875581368426939,0.0028673913716468213,0.0025635766667464477,0.32101556741915505,0.0861002980604965,0.10382520714439339,606,0.16735711752593546,0.20491798351024226,0.17227371208473763,0.17249387732608762,0.22654835006323465,0.1898865125617788,0.19731434715480983,0.1877474386673681,0.17047527330852666,0.14259692533902762,0.18316115375417485,0.022160479939809095,631
703,0.02920694351196289,0.0007483091361777978,0.005000805854797364,0.0006325229127298431,"XGBRegressor(base_score=None, booster=None, callbacks=None,
             colsample_bylevel=None, colsample_bynode=None,
             colsample_bytree=None, device=None, early_stopping_rounds=None,
             enable_categorical=False, eval_metric=None, feature_types=None,
             gamma=None, grow_policy=None, importance_type=None,
             interaction_constraints=None, learning_rate=None, max_bin=None,
             max_cat_threshold=None, max_cat_to_onehot=None,
             max_delta_step=None, max_depth=None, max_leaves=None,
             min_child_weight=None, missing=nan, monotone_constraints=None,
             multi_strategy=None, n_estimators=None, n_jobs=None,
             num_parallel_tree=None, random_state=None, ...)",,,20,,,,,0.5,6,3,1,42,,,,,,"{'estimator': XGBRegressor(base_score=None, booster=None, callbacks=None,
             colsample_bylevel=None, colsample_bynode=None,
             colsample_bytree=None, device=None, early_stopping_rounds=None,
             enable_categorical=False, eval_metric=None, feature_types=None,
             gamma=None, grow_policy=None, importance_type=None,
             interaction_constraints=None, learning_rate=None, max_bin=None,
             max_cat_threshold=None, max_cat_to_onehot=None,
             max_delta_step=None, max_depth=None, max_leaves=None,
             min_child_weight=None, missing=nan, monotone_constraints=None,
             multi_strategy=None, n_estimators=None, n_jobs=None,
             num_parallel_tree=None, random_state=None, ...), 'estimator__eta': 0.5, 'estimator__gamma': 20, 'estimator__max_delta_step': 6, 'estimator__max_depth': 3, 'estimator__min_child_weight': 1, 'estimator__random_state': 42}",0.03599063436210516,0.05799454693120446,0.037869750305241666,0.04029670713212541,0.06181477486725849,0.06275382538843341,0.0585904735445141,0.04645832659715925,0.03450532229957629,0.02795477719537449,0.04642291386229928,0.012199106700667508,589,0.11864891809116473,0.24119645742924045,0.028398407327837605,0.02066700403787869,0.03638325860846092,0.05050658596856494,0.03875581368426939,0.0028673913716468213,0.0025635766667464477,0.32101556741915505,0.0861002980604965,0.10382520714439339,606,0.16735711752593546,0.20491798351024226,0.17227371208473763,0.17249387732608762,0.22654835006323465,0.1898865125617788,0.19731434715480983,0.1877474386673681,0.17047527330852666,0.14259692533902762,0.18316115375417485,0.022160479939809095,631
704,0.029306769371032715,0.001005391598631953,0.0050010204315185545,0.0004475546142022855,"XGBRegressor(base_score=None, booster=None, callbacks=None,
             colsample_bylevel=None, colsample_bynode=None,
             colsample_bytree=None, device=None, early_stopping_rounds=None,
             enable_categorical=False, eval_metric=None, feature_types=None,
             gamma=None, grow_policy=None, importance_type=None,
             interaction_constraints=None, learning_rate=None, max_bin=None,
             max_cat_threshold=None, max_cat_to_onehot=None,
             max_delta_step=None, max_depth=None, max_leaves=None,
             min_child_weight=None, missing=nan, monotone_constraints=None,
             multi_strategy=None, n_estimators=None, n_jobs=None,
             num_parallel_tree=None, random_state=None, ...)",,,20,,,,,0.5,6,3,10,42,,,,,,"{'estimator': XGBRegressor(base_score=None, booster=None, callbacks=None,
             colsample_bylevel=None, colsample_bynode=None,
             colsample_bytree=None, device=None, early_stopping_rounds=None,
             enable_categorical=False, eval_metric=None, feature_types=None,
             gamma=None, grow_policy=None, importance_type=None,
             interaction_constraints=None, learning_rate=None, max_bin=None,
             max_cat_threshold=None, max_cat_to_onehot=None,
             max_delta_step=None, max_depth=None, max_leaves=None,
             min_child_weight=None, missing=nan, monotone_constraints=None,
             multi_strategy=None, n_estimators=None, n_jobs=None,
             num_parallel_tree=None, random_state=None, ...), 'estimator__eta': 0.5, 'estimator__gamma': 20, 'estimator__max_delta_step': 6, 'estimator__max_depth': 3, 'estimator__min_child_weight': 10, 'estimator__random_state': 42}",0.03599063436210516,0.05799454693120446,0.037869750305241666,0.04029670713212541,0.06181477486725849,0.06275382538843341,0.0585904735445141,0.04645832659715925,0.03450532229957629,0.02795477719537449,0.04642291386229928,0.012199106700667508,589,0.11864891809116473,0.24119645742924045,0.028398407327837605,0.02066700403787869,0.03638325860846092,0.05050658596856494,0.03875581368426939,0.0028673913716468213,0.0025635766667464477,0.32101556741915505,0.0861002980604965,0.10382520714439339,606,0.16735711752593546,0.20491798351024226,0.17227371208473763,0.17249387732608762,0.22654835006323465,0.1898865125617788,0.19731434715480983,0.1877474386673681,0.17047527330852666,0.14259692533902762,0.18316115375417485,0.022160479939809095,631
705,0.029106497764587402,0.0008307718105068889,0.00510094165802002,0.00030001826001388194,"XGBRegressor(base_score=None, booster=None, callbacks=None,
             colsample_bylevel=None, colsample_bynode=None,
             colsample_bytree=None, device=None, early_stopping_rounds=None,
             enable_categorical=False, eval_metric=None, feature_types=None,
             gamma=None, grow_policy=None, importance_type=None,
             interaction_constraints=None, learning_rate=None, max_bin=None,
             max_cat_threshold=None, max_cat_to_onehot=None,
             max_delta_step=None, max_depth=None, max_leaves=None,
             min_child_weight=None, missing=nan, monotone_constraints=None,
             multi_strategy=None, n_estimators=None, n_jobs=None,
             num_parallel_tree=None, random_state=None, ...)",,,20,,,,,0.5,6,6,0,42,,,,,,"{'estimator': XGBRegressor(base_score=None, booster=None, callbacks=None,
             colsample_bylevel=None, colsample_bynode=None,
             colsample_bytree=None, device=None, early_stopping_rounds=None,
             enable_categorical=False, eval_metric=None, feature_types=None,
             gamma=None, grow_policy=None, importance_type=None,
             interaction_constraints=None, learning_rate=None, max_bin=None,
             max_cat_threshold=None, max_cat_to_onehot=None,
             max_delta_step=None, max_depth=None, max_leaves=None,
             min_child_weight=None, missing=nan, monotone_constraints=None,
             multi_strategy=None, n_estimators=None, n_jobs=None,
             num_parallel_tree=None, random_state=None, ...), 'estimator__eta': 0.5, 'estimator__gamma': 20, 'estimator__max_delta_step': 6, 'estimator__max_depth': 6, 'estimator__min_child_weight': 0, 'estimator__random_state': 42}",0.03599063436210516,0.05799454693120446,0.037869750305241666,0.04029670713212541,0.06181477486725849,0.06275382538843341,0.0585904735445141,0.04645832659715925,0.03450532229957629,0.02795477719537449,0.04642291386229928,0.012199106700667508,589,0.11864891809116473,0.24119645742924045,0.028398407327837605,0.02066700403787869,0.03638325860846092,0.05050658596856494,0.03875581368426939,0.0028673913716468213,0.0025635766667464477,0.32101556741915505,0.0861002980604965,0.10382520714439339,606,0.16735711752593546,0.20491798351024226,0.17227371208473763,0.17249387732608762,0.22654835006323465,0.1898865125617788,0.19731434715480983,0.1877474386673681,0.17047527330852666,0.14259692533902762,0.18316115375417485,0.022160479939809095,631
706,0.028606486320495606,0.00080010900906937,0.005101418495178223,0.0003001773507724386,"XGBRegressor(base_score=None, booster=None, callbacks=None,
             colsample_bylevel=None, colsample_bynode=None,
             colsample_bytree=None, device=None, early_stopping_rounds=None,
             enable_categorical=False, eval_metric=None, feature_types=None,
             gamma=None, grow_policy=None, importance_type=None,
             interaction_constraints=None, learning_rate=None, max_bin=None,
             max_cat_threshold=None, max_cat_to_onehot=None,
             max_delta_step=None, max_depth=None, max_leaves=None,
             min_child_weight=None, missing=nan, monotone_constraints=None,
             multi_strategy=None, n_estimators=None, n_jobs=None,
             num_parallel_tree=None, random_state=None, ...)",,,20,,,,,0.5,6,6,1,42,,,,,,"{'estimator': XGBRegressor(base_score=None, booster=None, callbacks=None,
             colsample_bylevel=None, colsample_bynode=None,
             colsample_bytree=None, device=None, early_stopping_rounds=None,
             enable_categorical=False, eval_metric=None, feature_types=None,
             gamma=None, grow_policy=None, importance_type=None,
             interaction_constraints=None, learning_rate=None, max_bin=None,
             max_cat_threshold=None, max_cat_to_onehot=None,
             max_delta_step=None, max_depth=None, max_leaves=None,
             min_child_weight=None, missing=nan, monotone_constraints=None,
             multi_strategy=None, n_estimators=None, n_jobs=None,
             num_parallel_tree=None, random_state=None, ...), 'estimator__eta': 0.5, 'estimator__gamma': 20, 'estimator__max_delta_step': 6, 'estimator__max_depth': 6, 'estimator__min_child_weight': 1, 'estimator__random_state': 42}",0.03599063436210516,0.05799454693120446,0.037869750305241666,0.04029670713212541,0.06181477486725849,0.06275382538843341,0.0585904735445141,0.04645832659715925,0.03450532229957629,0.02795477719537449,0.04642291386229928,0.012199106700667508,589,0.11864891809116473,0.24119645742924045,0.028398407327837605,0.02066700403787869,0.03638325860846092,0.05050658596856494,0.03875581368426939,0.0028673913716468213,0.0025635766667464477,0.32101556741915505,0.0861002980604965,0.10382520714439339,606,0.16735711752593546,0.20491798351024226,0.17227371208473763,0.17249387732608762,0.22654835006323465,0.1898865125617788,0.19731434715480983,0.1877474386673681,0.17047527330852666,0.14259692533902762,0.18316115375417485,0.022160479939809095,631
707,0.028706622123718262,0.0007813805259604655,0.00510094165802002,0.00030001814633394197,"XGBRegressor(base_score=None, booster=None, callbacks=None,
             colsample_bylevel=None, colsample_bynode=None,
             colsample_bytree=None, device=None, early_stopping_rounds=None,
             enable_categorical=False, eval_metric=None, feature_types=None,
             gamma=None, grow_policy=None, importance_type=None,
             interaction_constraints=None, learning_rate=None, max_bin=None,
             max_cat_threshold=None, max_cat_to_onehot=None,
             max_delta_step=None, max_depth=None, max_leaves=None,
             min_child_weight=None, missing=nan, monotone_constraints=None,
             multi_strategy=None, n_estimators=None, n_jobs=None,
             num_parallel_tree=None, random_state=None, ...)",,,20,,,,,0.5,6,6,10,42,,,,,,"{'estimator': XGBRegressor(base_score=None, booster=None, callbacks=None,
             colsample_bylevel=None, colsample_bynode=None,
             colsample_bytree=None, device=None, early_stopping_rounds=None,
             enable_categorical=False, eval_metric=None, feature_types=None,
             gamma=None, grow_policy=None, importance_type=None,
             interaction_constraints=None, learning_rate=None, max_bin=None,
             max_cat_threshold=None, max_cat_to_onehot=None,
             max_delta_step=None, max_depth=None, max_leaves=None,
             min_child_weight=None, missing=nan, monotone_constraints=None,
             multi_strategy=None, n_estimators=None, n_jobs=None,
             num_parallel_tree=None, random_state=None, ...), 'estimator__eta': 0.5, 'estimator__gamma': 20, 'estimator__max_delta_step': 6, 'estimator__max_depth': 6, 'estimator__min_child_weight': 10, 'estimator__random_state': 42}",0.03599063436210516,0.05799454693120446,0.037869750305241666,0.04029670713212541,0.06181477486725849,0.06275382538843341,0.0585904735445141,0.04645832659715925,0.03450532229957629,0.02795477719537449,0.04642291386229928,0.012199106700667508,589,0.11864891809116473,0.24119645742924045,0.028398407327837605,0.02066700403787869,0.03638325860846092,0.05050658596856494,0.03875581368426939,0.0028673913716468213,0.0025635766667464477,0.32101556741915505,0.0861002980604965,0.10382520714439339,606,0.16735711752593546,0.20491798351024226,0.17227371208473763,0.17249387732608762,0.22654835006323465,0.1898865125617788,0.19731434715480983,0.1877474386673681,0.17047527330852666,0.14259692533902762,0.18316115375417485,0.022160479939809095,631
708,0.02940690517425537,0.0006632913387879438,0.005001091957092285,3.910355440820867e-07,"XGBRegressor(base_score=None, booster=None, callbacks=None,
             colsample_bylevel=None, colsample_bynode=None,
             colsample_bytree=None, device=None, early_stopping_rounds=None,
             enable_categorical=False, eval_metric=None, feature_types=None,
             gamma=None, grow_policy=None, importance_type=None,
             interaction_constraints=None, learning_rate=None, max_bin=None,
             max_cat_threshold=None, max_cat_to_onehot=None,
             max_delta_step=None, max_depth=None, max_leaves=None,
             min_child_weight=None, missing=nan, monotone_constraints=None,
             multi_strategy=None, n_estimators=None, n_jobs=None,
             num_parallel_tree=None, random_state=None, ...)",,,20,,,,,0.5,6,9,0,42,,,,,,"{'estimator': XGBRegressor(base_score=None, booster=None, callbacks=None,
             colsample_bylevel=None, colsample_bynode=None,
             colsample_bytree=None, device=None, early_stopping_rounds=None,
             enable_categorical=False, eval_metric=None, feature_types=None,
             gamma=None, grow_policy=None, importance_type=None,
             interaction_constraints=None, learning_rate=None, max_bin=None,
             max_cat_threshold=None, max_cat_to_onehot=None,
             max_delta_step=None, max_depth=None, max_leaves=None,
             min_child_weight=None, missing=nan, monotone_constraints=None,
             multi_strategy=None, n_estimators=None, n_jobs=None,
             num_parallel_tree=None, random_state=None, ...), 'estimator__eta': 0.5, 'estimator__gamma': 20, 'estimator__max_delta_step': 6, 'estimator__max_depth': 9, 'estimator__min_child_weight': 0, 'estimator__random_state': 42}",0.03599063436210516,0.05799454693120446,0.037869750305241666,0.04029670713212541,0.06181477486725849,0.06275382538843341,0.0585904735445141,0.04645832659715925,0.03450532229957629,0.02795477719537449,0.04642291386229928,0.012199106700667508,589,0.11864891809116473,0.24119645742924045,0.028398407327837605,0.02066700403787869,0.03638325860846092,0.05050658596856494,0.03875581368426939,0.0028673913716468213,0.0025635766667464477,0.32101556741915505,0.0861002980604965,0.10382520714439339,606,0.16735711752593546,0.20491798351024226,0.17227371208473763,0.17249387732608762,0.22654835006323465,0.1898865125617788,0.19731434715480983,0.1877474386673681,0.17047527330852666,0.14259692533902762,0.18316115375417485,0.022160479939809095,631
709,0.02900662422180176,0.0010003329218350185,0.005101299285888672,0.0003006935686752019,"XGBRegressor(base_score=None, booster=None, callbacks=None,
             colsample_bylevel=None, colsample_bynode=None,
             colsample_bytree=None, device=None, early_stopping_rounds=None,
             enable_categorical=False, eval_metric=None, feature_types=None,
             gamma=None, grow_policy=None, importance_type=None,
             interaction_constraints=None, learning_rate=None, max_bin=None,
             max_cat_threshold=None, max_cat_to_onehot=None,
             max_delta_step=None, max_depth=None, max_leaves=None,
             min_child_weight=None, missing=nan, monotone_constraints=None,
             multi_strategy=None, n_estimators=None, n_jobs=None,
             num_parallel_tree=None, random_state=None, ...)",,,20,,,,,0.5,6,9,1,42,,,,,,"{'estimator': XGBRegressor(base_score=None, booster=None, callbacks=None,
             colsample_bylevel=None, colsample_bynode=None,
             colsample_bytree=None, device=None, early_stopping_rounds=None,
             enable_categorical=False, eval_metric=None, feature_types=None,
             gamma=None, grow_policy=None, importance_type=None,
             interaction_constraints=None, learning_rate=None, max_bin=None,
             max_cat_threshold=None, max_cat_to_onehot=None,
             max_delta_step=None, max_depth=None, max_leaves=None,
             min_child_weight=None, missing=nan, monotone_constraints=None,
             multi_strategy=None, n_estimators=None, n_jobs=None,
             num_parallel_tree=None, random_state=None, ...), 'estimator__eta': 0.5, 'estimator__gamma': 20, 'estimator__max_delta_step': 6, 'estimator__max_depth': 9, 'estimator__min_child_weight': 1, 'estimator__random_state': 42}",0.03599063436210516,0.05799454693120446,0.037869750305241666,0.04029670713212541,0.06181477486725849,0.06275382538843341,0.0585904735445141,0.04645832659715925,0.03450532229957629,0.02795477719537449,0.04642291386229928,0.012199106700667508,589,0.11864891809116473,0.24119645742924045,0.028398407327837605,0.02066700403787869,0.03638325860846092,0.05050658596856494,0.03875581368426939,0.0028673913716468213,0.0025635766667464477,0.32101556741915505,0.0861002980604965,0.10382520714439339,606,0.16735711752593546,0.20491798351024226,0.17227371208473763,0.17249387732608762,0.22654835006323465,0.1898865125617788,0.19731434715480983,0.1877474386673681,0.17047527330852666,0.14259692533902762,0.18316115375417485,0.022160479939809095,631
710,0.029306674003601076,0.0010050642276311645,0.005201005935668945,0.00040005452851223436,"XGBRegressor(base_score=None, booster=None, callbacks=None,
             colsample_bylevel=None, colsample_bynode=None,
             colsample_bytree=None, device=None, early_stopping_rounds=None,
             enable_categorical=False, eval_metric=None, feature_types=None,
             gamma=None, grow_policy=None, importance_type=None,
             interaction_constraints=None, learning_rate=None, max_bin=None,
             max_cat_threshold=None, max_cat_to_onehot=None,
             max_delta_step=None, max_depth=None, max_leaves=None,
             min_child_weight=None, missing=nan, monotone_constraints=None,
             multi_strategy=None, n_estimators=None, n_jobs=None,
             num_parallel_tree=None, random_state=None, ...)",,,20,,,,,0.5,6,9,10,42,,,,,,"{'estimator': XGBRegressor(base_score=None, booster=None, callbacks=None,
             colsample_bylevel=None, colsample_bynode=None,
             colsample_bytree=None, device=None, early_stopping_rounds=None,
             enable_categorical=False, eval_metric=None, feature_types=None,
             gamma=None, grow_policy=None, importance_type=None,
             interaction_constraints=None, learning_rate=None, max_bin=None,
             max_cat_threshold=None, max_cat_to_onehot=None,
             max_delta_step=None, max_depth=None, max_leaves=None,
             min_child_weight=None, missing=nan, monotone_constraints=None,
             multi_strategy=None, n_estimators=None, n_jobs=None,
             num_parallel_tree=None, random_state=None, ...), 'estimator__eta': 0.5, 'estimator__gamma': 20, 'estimator__max_delta_step': 6, 'estimator__max_depth': 9, 'estimator__min_child_weight': 10, 'estimator__random_state': 42}",0.03599063436210516,0.05799454693120446,0.037869750305241666,0.04029670713212541,0.06181477486725849,0.06275382538843341,0.0585904735445141,0.04645832659715925,0.03450532229957629,0.02795477719537449,0.04642291386229928,0.012199106700667508,589,0.11864891809116473,0.24119645742924045,0.028398407327837605,0.02066700403787869,0.03638325860846092,0.05050658596856494,0.03875581368426939,0.0028673913716468213,0.0025635766667464477,0.32101556741915505,0.0861002980604965,0.10382520714439339,606,0.16735711752593546,0.20491798351024226,0.17227371208473763,0.17249387732608762,0.22654835006323465,0.1898865125617788,0.19731434715480983,0.1877474386673681,0.17047527330852666,0.14259692533902762,0.18316115375417485,0.022160479939809095,631
711,0.029306483268737794,0.001005050114297961,0.00510101318359375,0.0002996765776040683,"XGBRegressor(base_score=None, booster=None, callbacks=None,
             colsample_bylevel=None, colsample_bynode=None,
             colsample_bytree=None, device=None, early_stopping_rounds=None,
             enable_categorical=False, eval_metric=None, feature_types=None,
             gamma=None, grow_policy=None, importance_type=None,
             interaction_constraints=None, learning_rate=None, max_bin=None,
             max_cat_threshold=None, max_cat_to_onehot=None,
             max_delta_step=None, max_depth=None, max_leaves=None,
             min_child_weight=None, missing=nan, monotone_constraints=None,
             multi_strategy=None, n_estimators=None, n_jobs=None,
             num_parallel_tree=None, random_state=None, ...)",,,30,,,,,0.5,0,3,0,42,,,,,,"{'estimator': XGBRegressor(base_score=None, booster=None, callbacks=None,
             colsample_bylevel=None, colsample_bynode=None,
             colsample_bytree=None, device=None, early_stopping_rounds=None,
             enable_categorical=False, eval_metric=None, feature_types=None,
             gamma=None, grow_policy=None, importance_type=None,
             interaction_constraints=None, learning_rate=None, max_bin=None,
             max_cat_threshold=None, max_cat_to_onehot=None,
             max_delta_step=None, max_depth=None, max_leaves=None,
             min_child_weight=None, missing=nan, monotone_constraints=None,
             multi_strategy=None, n_estimators=None, n_jobs=None,
             num_parallel_tree=None, random_state=None, ...), 'estimator__eta': 0.5, 'estimator__gamma': 30, 'estimator__max_delta_step': 0, 'estimator__max_depth': 3, 'estimator__min_child_weight': 0, 'estimator__random_state': 42}",0.03599063436210516,0.05799454693120446,0.037869750305241666,0.04029670713212541,0.06181477486725849,0.06275382538843341,0.0585904735445141,0.04645832659715925,0.03450532229957629,0.02795477719537449,0.04642291386229928,0.012199106700667508,589,0.11864891809116473,0.24119645742924045,0.028398407327837605,0.02066700403787869,0.03638325860846092,0.05050658596856494,0.03875581368426939,0.0028673913716468213,0.0025635766667464477,0.32101556741915505,0.0861002980604965,0.10382520714439339,606,0.16735711752593546,0.20491798351024226,0.17227371208473763,0.17249387732608762,0.22654835006323465,0.1898865125617788,0.19731434715480983,0.1877474386673681,0.17047527330852666,0.14259692533902762,0.18316115375417485,0.022160479939809095,631
712,0.02980678081512451,0.0007483729286496484,0.005101132392883301,0.00029995456597312455,"XGBRegressor(base_score=None, booster=None, callbacks=None,
             colsample_bylevel=None, colsample_bynode=None,
             colsample_bytree=None, device=None, early_stopping_rounds=None,
             enable_categorical=False, eval_metric=None, feature_types=None,
             gamma=None, grow_policy=None, importance_type=None,
             interaction_constraints=None, learning_rate=None, max_bin=None,
             max_cat_threshold=None, max_cat_to_onehot=None,
             max_delta_step=None, max_depth=None, max_leaves=None,
             min_child_weight=None, missing=nan, monotone_constraints=None,
             multi_strategy=None, n_estimators=None, n_jobs=None,
             num_parallel_tree=None, random_state=None, ...)",,,30,,,,,0.5,0,3,1,42,,,,,,"{'estimator': XGBRegressor(base_score=None, booster=None, callbacks=None,
             colsample_bylevel=None, colsample_bynode=None,
             colsample_bytree=None, device=None, early_stopping_rounds=None,
             enable_categorical=False, eval_metric=None, feature_types=None,
             gamma=None, grow_policy=None, importance_type=None,
             interaction_constraints=None, learning_rate=None, max_bin=None,
             max_cat_threshold=None, max_cat_to_onehot=None,
             max_delta_step=None, max_depth=None, max_leaves=None,
             min_child_weight=None, missing=nan, monotone_constraints=None,
             multi_strategy=None, n_estimators=None, n_jobs=None,
             num_parallel_tree=None, random_state=None, ...), 'estimator__eta': 0.5, 'estimator__gamma': 30, 'estimator__max_delta_step': 0, 'estimator__max_depth': 3, 'estimator__min_child_weight': 1, 'estimator__random_state': 42}",0.03599063436210516,0.05799454693120446,0.037869750305241666,0.04029670713212541,0.06181477486725849,0.06275382538843341,0.0585904735445141,0.04645832659715925,0.03450532229957629,0.02795477719537449,0.04642291386229928,0.012199106700667508,589,0.11864891809116473,0.24119645742924045,0.028398407327837605,0.02066700403787869,0.03638325860846092,0.05050658596856494,0.03875581368426939,0.0028673913716468213,0.0025635766667464477,0.32101556741915505,0.0861002980604965,0.10382520714439339,606,0.16735711752593546,0.20491798351024226,0.17227371208473763,0.17249387732608762,0.22654835006323465,0.1898865125617788,0.19731434715480983,0.1877474386673681,0.17047527330852666,0.14259692533902762,0.18316115375417485,0.022160479939809095,631
713,0.028906893730163575,0.0008307660342659982,0.005000853538513183,4.1910161569707267e-07,"XGBRegressor(base_score=None, booster=None, callbacks=None,
             colsample_bylevel=None, colsample_bynode=None,
             colsample_bytree=None, device=None, early_stopping_rounds=None,
             enable_categorical=False, eval_metric=None, feature_types=None,
             gamma=None, grow_policy=None, importance_type=None,
             interaction_constraints=None, learning_rate=None, max_bin=None,
             max_cat_threshold=None, max_cat_to_onehot=None,
             max_delta_step=None, max_depth=None, max_leaves=None,
             min_child_weight=None, missing=nan, monotone_constraints=None,
             multi_strategy=None, n_estimators=None, n_jobs=None,
             num_parallel_tree=None, random_state=None, ...)",,,30,,,,,0.5,0,3,10,42,,,,,,"{'estimator': XGBRegressor(base_score=None, booster=None, callbacks=None,
             colsample_bylevel=None, colsample_bynode=None,
             colsample_bytree=None, device=None, early_stopping_rounds=None,
             enable_categorical=False, eval_metric=None, feature_types=None,
             gamma=None, grow_policy=None, importance_type=None,
             interaction_constraints=None, learning_rate=None, max_bin=None,
             max_cat_threshold=None, max_cat_to_onehot=None,
             max_delta_step=None, max_depth=None, max_leaves=None,
             min_child_weight=None, missing=nan, monotone_constraints=None,
             multi_strategy=None, n_estimators=None, n_jobs=None,
             num_parallel_tree=None, random_state=None, ...), 'estimator__eta': 0.5, 'estimator__gamma': 30, 'estimator__max_delta_step': 0, 'estimator__max_depth': 3, 'estimator__min_child_weight': 10, 'estimator__random_state': 42}",0.03599063436210516,0.05799454693120446,0.037869750305241666,0.04029670713212541,0.06181477486725849,0.06275382538843341,0.0585904735445141,0.04645832659715925,0.03450532229957629,0.02795477719537449,0.04642291386229928,0.012199106700667508,589,0.11864891809116473,0.24119645742924045,0.028398407327837605,0.02066700403787869,0.03638325860846092,0.05050658596856494,0.03875581368426939,0.0028673913716468213,0.0025635766667464477,0.32101556741915505,0.0861002980604965,0.10382520714439339,606,0.16735711752593546,0.20491798351024226,0.17227371208473763,0.17249387732608762,0.22654835006323465,0.1898865125617788,0.19731434715480983,0.1877474386673681,0.17047527330852666,0.14259692533902762,0.18316115375417485,0.022160479939809095,631
714,0.029106879234313966,0.0008311562158959794,0.005100846290588379,0.0005387388244319397,"XGBRegressor(base_score=None, booster=None, callbacks=None,
             colsample_bylevel=None, colsample_bynode=None,
             colsample_bytree=None, device=None, early_stopping_rounds=None,
             enable_categorical=False, eval_metric=None, feature_types=None,
             gamma=None, grow_policy=None, importance_type=None,
             interaction_constraints=None, learning_rate=None, max_bin=None,
             max_cat_threshold=None, max_cat_to_onehot=None,
             max_delta_step=None, max_depth=None, max_leaves=None,
             min_child_weight=None, missing=nan, monotone_constraints=None,
             multi_strategy=None, n_estimators=None, n_jobs=None,
             num_parallel_tree=None, random_state=None, ...)",,,30,,,,,0.5,0,6,0,42,,,,,,"{'estimator': XGBRegressor(base_score=None, booster=None, callbacks=None,
             colsample_bylevel=None, colsample_bynode=None,
             colsample_bytree=None, device=None, early_stopping_rounds=None,
             enable_categorical=False, eval_metric=None, feature_types=None,
             gamma=None, grow_policy=None, importance_type=None,
             interaction_constraints=None, learning_rate=None, max_bin=None,
             max_cat_threshold=None, max_cat_to_onehot=None,
             max_delta_step=None, max_depth=None, max_leaves=None,
             min_child_weight=None, missing=nan, monotone_constraints=None,
             multi_strategy=None, n_estimators=None, n_jobs=None,
             num_parallel_tree=None, random_state=None, ...), 'estimator__eta': 0.5, 'estimator__gamma': 30, 'estimator__max_delta_step': 0, 'estimator__max_depth': 6, 'estimator__min_child_weight': 0, 'estimator__random_state': 42}",0.03599063436210516,0.05799454693120446,0.037869750305241666,0.04029670713212541,0.06181477486725849,0.06275382538843341,0.0585904735445141,0.04645832659715925,0.03450532229957629,0.02795477719537449,0.04642291386229928,0.012199106700667508,589,0.11864891809116473,0.24119645742924045,0.028398407327837605,0.02066700403787869,0.03638325860846092,0.05050658596856494,0.03875581368426939,0.0028673913716468213,0.0025635766667464477,0.32101556741915505,0.0861002980604965,0.10382520714439339,606,0.16735711752593546,0.20491798351024226,0.17227371208473763,0.17249387732608762,0.22654835006323465,0.1898865125617788,0.19731434715480983,0.1877474386673681,0.17047527330852666,0.14259692533902762,0.18316115375417485,0.022160479939809095,631
715,0.029306697845458984,0.0009000408020398056,0.004901003837585449,0.0007002457172932863,"XGBRegressor(base_score=None, booster=None, callbacks=None,
             colsample_bylevel=None, colsample_bynode=None,
             colsample_bytree=None, device=None, early_stopping_rounds=None,
             enable_categorical=False, eval_metric=None, feature_types=None,
             gamma=None, grow_policy=None, importance_type=None,
             interaction_constraints=None, learning_rate=None, max_bin=None,
             max_cat_threshold=None, max_cat_to_onehot=None,
             max_delta_step=None, max_depth=None, max_leaves=None,
             min_child_weight=None, missing=nan, monotone_constraints=None,
             multi_strategy=None, n_estimators=None, n_jobs=None,
             num_parallel_tree=None, random_state=None, ...)",,,30,,,,,0.5,0,6,1,42,,,,,,"{'estimator': XGBRegressor(base_score=None, booster=None, callbacks=None,
             colsample_bylevel=None, colsample_bynode=None,
             colsample_bytree=None, device=None, early_stopping_rounds=None,
             enable_categorical=False, eval_metric=None, feature_types=None,
             gamma=None, grow_policy=None, importance_type=None,
             interaction_constraints=None, learning_rate=None, max_bin=None,
             max_cat_threshold=None, max_cat_to_onehot=None,
             max_delta_step=None, max_depth=None, max_leaves=None,
             min_child_weight=None, missing=nan, monotone_constraints=None,
             multi_strategy=None, n_estimators=None, n_jobs=None,
             num_parallel_tree=None, random_state=None, ...), 'estimator__eta': 0.5, 'estimator__gamma': 30, 'estimator__max_delta_step': 0, 'estimator__max_depth': 6, 'estimator__min_child_weight': 1, 'estimator__random_state': 42}",0.03599063436210516,0.05799454693120446,0.037869750305241666,0.04029670713212541,0.06181477486725849,0.06275382538843341,0.0585904735445141,0.04645832659715925,0.03450532229957629,0.02795477719537449,0.04642291386229928,0.012199106700667508,589,0.11864891809116473,0.24119645742924045,0.028398407327837605,0.02066700403787869,0.03638325860846092,0.05050658596856494,0.03875581368426939,0.0028673913716468213,0.0025635766667464477,0.32101556741915505,0.0861002980604965,0.10382520714439339,606,0.16735711752593546,0.20491798351024226,0.17227371208473763,0.17249387732608762,0.22654835006323465,0.1898865125617788,0.19731434715480983,0.1877474386673681,0.17047527330852666,0.14259692533902762,0.18316115375417485,0.022160479939809095,631
716,0.029106807708740235,0.000700106012997365,0.005000948905944824,0.00044712884868068007,"XGBRegressor(base_score=None, booster=None, callbacks=None,
             colsample_bylevel=None, colsample_bynode=None,
             colsample_bytree=None, device=None, early_stopping_rounds=None,
             enable_categorical=False, eval_metric=None, feature_types=None,
             gamma=None, grow_policy=None, importance_type=None,
             interaction_constraints=None, learning_rate=None, max_bin=None,
             max_cat_threshold=None, max_cat_to_onehot=None,
             max_delta_step=None, max_depth=None, max_leaves=None,
             min_child_weight=None, missing=nan, monotone_constraints=None,
             multi_strategy=None, n_estimators=None, n_jobs=None,
             num_parallel_tree=None, random_state=None, ...)",,,30,,,,,0.5,0,6,10,42,,,,,,"{'estimator': XGBRegressor(base_score=None, booster=None, callbacks=None,
             colsample_bylevel=None, colsample_bynode=None,
             colsample_bytree=None, device=None, early_stopping_rounds=None,
             enable_categorical=False, eval_metric=None, feature_types=None,
             gamma=None, grow_policy=None, importance_type=None,
             interaction_constraints=None, learning_rate=None, max_bin=None,
             max_cat_threshold=None, max_cat_to_onehot=None,
             max_delta_step=None, max_depth=None, max_leaves=None,
             min_child_weight=None, missing=nan, monotone_constraints=None,
             multi_strategy=None, n_estimators=None, n_jobs=None,
             num_parallel_tree=None, random_state=None, ...), 'estimator__eta': 0.5, 'estimator__gamma': 30, 'estimator__max_delta_step': 0, 'estimator__max_depth': 6, 'estimator__min_child_weight': 10, 'estimator__random_state': 42}",0.03599063436210516,0.05799454693120446,0.037869750305241666,0.04029670713212541,0.06181477486725849,0.06275382538843341,0.0585904735445141,0.04645832659715925,0.03450532229957629,0.02795477719537449,0.04642291386229928,0.012199106700667508,589,0.11864891809116473,0.24119645742924045,0.028398407327837605,0.02066700403787869,0.03638325860846092,0.05050658596856494,0.03875581368426939,0.0028673913716468213,0.0025635766667464477,0.32101556741915505,0.0861002980604965,0.10382520714439339,606,0.16735711752593546,0.20491798351024226,0.17227371208473763,0.17249387732608762,0.22654835006323465,0.1898865125617788,0.19731434715480983,0.1877474386673681,0.17047527330852666,0.14259692533902762,0.18316115375417485,0.022160479939809095,631
717,0.028789782524108888,0.0003948245856061075,0.0052008390426635746,0.00040007855862264825,"XGBRegressor(base_score=None, booster=None, callbacks=None,
             colsample_bylevel=None, colsample_bynode=None,
             colsample_bytree=None, device=None, early_stopping_rounds=None,
             enable_categorical=False, eval_metric=None, feature_types=None,
             gamma=None, grow_policy=None, importance_type=None,
             interaction_constraints=None, learning_rate=None, max_bin=None,
             max_cat_threshold=None, max_cat_to_onehot=None,
             max_delta_step=None, max_depth=None, max_leaves=None,
             min_child_weight=None, missing=nan, monotone_constraints=None,
             multi_strategy=None, n_estimators=None, n_jobs=None,
             num_parallel_tree=None, random_state=None, ...)",,,30,,,,,0.5,0,9,0,42,,,,,,"{'estimator': XGBRegressor(base_score=None, booster=None, callbacks=None,
             colsample_bylevel=None, colsample_bynode=None,
             colsample_bytree=None, device=None, early_stopping_rounds=None,
             enable_categorical=False, eval_metric=None, feature_types=None,
             gamma=None, grow_policy=None, importance_type=None,
             interaction_constraints=None, learning_rate=None, max_bin=None,
             max_cat_threshold=None, max_cat_to_onehot=None,
             max_delta_step=None, max_depth=None, max_leaves=None,
             min_child_weight=None, missing=nan, monotone_constraints=None,
             multi_strategy=None, n_estimators=None, n_jobs=None,
             num_parallel_tree=None, random_state=None, ...), 'estimator__eta': 0.5, 'estimator__gamma': 30, 'estimator__max_delta_step': 0, 'estimator__max_depth': 9, 'estimator__min_child_weight': 0, 'estimator__random_state': 42}",0.03599063436210516,0.05799454693120446,0.037869750305241666,0.04029670713212541,0.06181477486725849,0.06275382538843341,0.0585904735445141,0.04645832659715925,0.03450532229957629,0.02795477719537449,0.04642291386229928,0.012199106700667508,589,0.11864891809116473,0.24119645742924045,0.028398407327837605,0.02066700403787869,0.03638325860846092,0.05050658596856494,0.03875581368426939,0.0028673913716468213,0.0025635766667464477,0.32101556741915505,0.0861002980604965,0.10382520714439339,606,0.16735711752593546,0.20491798351024226,0.17227371208473763,0.17249387732608762,0.22654835006323465,0.1898865125617788,0.19731434715480983,0.1877474386673681,0.17047527330852666,0.14259692533902762,0.18316115375417485,0.022160479939809095,631
718,0.03240747451782226,0.009883730914539354,0.005001378059387207,0.00044728825125634635,"XGBRegressor(base_score=None, booster=None, callbacks=None,
             colsample_bylevel=None, colsample_bynode=None,
             colsample_bytree=None, device=None, early_stopping_rounds=None,
             enable_categorical=False, eval_metric=None, feature_types=None,
             gamma=None, grow_policy=None, importance_type=None,
             interaction_constraints=None, learning_rate=None, max_bin=None,
             max_cat_threshold=None, max_cat_to_onehot=None,
             max_delta_step=None, max_depth=None, max_leaves=None,
             min_child_weight=None, missing=nan, monotone_constraints=None,
             multi_strategy=None, n_estimators=None, n_jobs=None,
             num_parallel_tree=None, random_state=None, ...)",,,30,,,,,0.5,0,9,1,42,,,,,,"{'estimator': XGBRegressor(base_score=None, booster=None, callbacks=None,
             colsample_bylevel=None, colsample_bynode=None,
             colsample_bytree=None, device=None, early_stopping_rounds=None,
             enable_categorical=False, eval_metric=None, feature_types=None,
             gamma=None, grow_policy=None, importance_type=None,
             interaction_constraints=None, learning_rate=None, max_bin=None,
             max_cat_threshold=None, max_cat_to_onehot=None,
             max_delta_step=None, max_depth=None, max_leaves=None,
             min_child_weight=None, missing=nan, monotone_constraints=None,
             multi_strategy=None, n_estimators=None, n_jobs=None,
             num_parallel_tree=None, random_state=None, ...), 'estimator__eta': 0.5, 'estimator__gamma': 30, 'estimator__max_delta_step': 0, 'estimator__max_depth': 9, 'estimator__min_child_weight': 1, 'estimator__random_state': 42}",0.03599063436210516,0.05799454693120446,0.037869750305241666,0.04029670713212541,0.06181477486725849,0.06275382538843341,0.0585904735445141,0.04645832659715925,0.03450532229957629,0.02795477719537449,0.04642291386229928,0.012199106700667508,589,0.11864891809116473,0.24119645742924045,0.028398407327837605,0.02066700403787869,0.03638325860846092,0.05050658596856494,0.03875581368426939,0.0028673913716468213,0.0025635766667464477,0.32101556741915505,0.0861002980604965,0.10382520714439339,606,0.16735711752593546,0.20491798351024226,0.17227371208473763,0.17249387732608762,0.22654835006323465,0.1898865125617788,0.19731434715480983,0.1877474386673681,0.17047527330852666,0.14259692533902762,0.18316115375417485,0.022160479939809095,631
719,0.029306769371032715,0.001345745166981822,0.005200934410095215,0.00040020957246489363,"XGBRegressor(base_score=None, booster=None, callbacks=None,
             colsample_bylevel=None, colsample_bynode=None,
             colsample_bytree=None, device=None, early_stopping_rounds=None,
             enable_categorical=False, eval_metric=None, feature_types=None,
             gamma=None, grow_policy=None, importance_type=None,
             interaction_constraints=None, learning_rate=None, max_bin=None,
             max_cat_threshold=None, max_cat_to_onehot=None,
             max_delta_step=None, max_depth=None, max_leaves=None,
             min_child_weight=None, missing=nan, monotone_constraints=None,
             multi_strategy=None, n_estimators=None, n_jobs=None,
             num_parallel_tree=None, random_state=None, ...)",,,30,,,,,0.5,0,9,10,42,,,,,,"{'estimator': XGBRegressor(base_score=None, booster=None, callbacks=None,
             colsample_bylevel=None, colsample_bynode=None,
             colsample_bytree=None, device=None, early_stopping_rounds=None,
             enable_categorical=False, eval_metric=None, feature_types=None,
             gamma=None, grow_policy=None, importance_type=None,
             interaction_constraints=None, learning_rate=None, max_bin=None,
             max_cat_threshold=None, max_cat_to_onehot=None,
             max_delta_step=None, max_depth=None, max_leaves=None,
             min_child_weight=None, missing=nan, monotone_constraints=None,
             multi_strategy=None, n_estimators=None, n_jobs=None,
             num_parallel_tree=None, random_state=None, ...), 'estimator__eta': 0.5, 'estimator__gamma': 30, 'estimator__max_delta_step': 0, 'estimator__max_depth': 9, 'estimator__min_child_weight': 10, 'estimator__random_state': 42}",0.03599063436210516,0.05799454693120446,0.037869750305241666,0.04029670713212541,0.06181477486725849,0.06275382538843341,0.0585904735445141,0.04645832659715925,0.03450532229957629,0.02795477719537449,0.04642291386229928,0.012199106700667508,589,0.11864891809116473,0.24119645742924045,0.028398407327837605,0.02066700403787869,0.03638325860846092,0.05050658596856494,0.03875581368426939,0.0028673913716468213,0.0025635766667464477,0.32101556741915505,0.0861002980604965,0.10382520714439339,606,0.16735711752593546,0.20491798351024226,0.17227371208473763,0.17249387732608762,0.22654835006323465,0.1898865125617788,0.19731434715480983,0.1877474386673681,0.17047527330852666,0.14259692533902762,0.18316115375417485,0.022160479939809095,631
720,0.028606653213500977,0.0006635430040688303,0.005000996589660645,0.00044739451942815185,"XGBRegressor(base_score=None, booster=None, callbacks=None,
             colsample_bylevel=None, colsample_bynode=None,
             colsample_bytree=None, device=None, early_stopping_rounds=None,
             enable_categorical=False, eval_metric=None, feature_types=None,
             gamma=None, grow_policy=None, importance_type=None,
             interaction_constraints=None, learning_rate=None, max_bin=None,
             max_cat_threshold=None, max_cat_to_onehot=None,
             max_delta_step=None, max_depth=None, max_leaves=None,
             min_child_weight=None, missing=nan, monotone_constraints=None,
             multi_strategy=None, n_estimators=None, n_jobs=None,
             num_parallel_tree=None, random_state=None, ...)",,,30,,,,,0.5,3,3,0,42,,,,,,"{'estimator': XGBRegressor(base_score=None, booster=None, callbacks=None,
             colsample_bylevel=None, colsample_bynode=None,
             colsample_bytree=None, device=None, early_stopping_rounds=None,
             enable_categorical=False, eval_metric=None, feature_types=None,
             gamma=None, grow_policy=None, importance_type=None,
             interaction_constraints=None, learning_rate=None, max_bin=None,
             max_cat_threshold=None, max_cat_to_onehot=None,
             max_delta_step=None, max_depth=None, max_leaves=None,
             min_child_weight=None, missing=nan, monotone_constraints=None,
             multi_strategy=None, n_estimators=None, n_jobs=None,
             num_parallel_tree=None, random_state=None, ...), 'estimator__eta': 0.5, 'estimator__gamma': 30, 'estimator__max_delta_step': 3, 'estimator__max_depth': 3, 'estimator__min_child_weight': 0, 'estimator__random_state': 42}",0.03599063436210516,0.05799454693120446,0.037869750305241666,0.04029670713212541,0.06181477486725849,0.06275382538843341,0.0585904735445141,0.04645832659715925,0.03450532229957629,0.02795477719537449,0.04642291386229928,0.012199106700667508,589,0.11864891809116473,0.24119645742924045,0.028398407327837605,0.02066700403787869,0.03638325860846092,0.05050658596856494,0.03875581368426939,0.0028673913716468213,0.0025635766667464477,0.32101556741915505,0.0861002980604965,0.10382520714439339,606,0.16735711752593546,0.20491798351024226,0.17227371208473763,0.17249387732608762,0.22654835006323465,0.1898865125617788,0.19731434715480983,0.1877474386673681,0.17047527330852666,0.14259692533902762,0.18316115375417485,0.022160479939809095,631
721,0.029706811904907225,0.0009001149788081709,0.005301260948181152,0.0006408731182470237,"XGBRegressor(base_score=None, booster=None, callbacks=None,
             colsample_bylevel=None, colsample_bynode=None,
             colsample_bytree=None, device=None, early_stopping_rounds=None,
             enable_categorical=False, eval_metric=None, feature_types=None,
             gamma=None, grow_policy=None, importance_type=None,
             interaction_constraints=None, learning_rate=None, max_bin=None,
             max_cat_threshold=None, max_cat_to_onehot=None,
             max_delta_step=None, max_depth=None, max_leaves=None,
             min_child_weight=None, missing=nan, monotone_constraints=None,
             multi_strategy=None, n_estimators=None, n_jobs=None,
             num_parallel_tree=None, random_state=None, ...)",,,30,,,,,0.5,3,3,1,42,,,,,,"{'estimator': XGBRegressor(base_score=None, booster=None, callbacks=None,
             colsample_bylevel=None, colsample_bynode=None,
             colsample_bytree=None, device=None, early_stopping_rounds=None,
             enable_categorical=False, eval_metric=None, feature_types=None,
             gamma=None, grow_policy=None, importance_type=None,
             interaction_constraints=None, learning_rate=None, max_bin=None,
             max_cat_threshold=None, max_cat_to_onehot=None,
             max_delta_step=None, max_depth=None, max_leaves=None,
             min_child_weight=None, missing=nan, monotone_constraints=None,
             multi_strategy=None, n_estimators=None, n_jobs=None,
             num_parallel_tree=None, random_state=None, ...), 'estimator__eta': 0.5, 'estimator__gamma': 30, 'estimator__max_delta_step': 3, 'estimator__max_depth': 3, 'estimator__min_child_weight': 1, 'estimator__random_state': 42}",0.03599063436210516,0.05799454693120446,0.037869750305241666,0.04029670713212541,0.06181477486725849,0.06275382538843341,0.0585904735445141,0.04645832659715925,0.03450532229957629,0.02795477719537449,0.04642291386229928,0.012199106700667508,589,0.11864891809116473,0.24119645742924045,0.028398407327837605,0.02066700403787869,0.03638325860846092,0.05050658596856494,0.03875581368426939,0.0028673913716468213,0.0025635766667464477,0.32101556741915505,0.0861002980604965,0.10382520714439339,606,0.16735711752593546,0.20491798351024226,0.17227371208473763,0.17249387732608762,0.22654835006323465,0.1898865125617788,0.19731434715480983,0.1877474386673681,0.17047527330852666,0.14259692533902762,0.18316115375417485,0.022160479939809095,631
722,0.029306650161743164,0.0011000850521979326,0.005301117897033691,0.0006404933815056002,"XGBRegressor(base_score=None, booster=None, callbacks=None,
             colsample_bylevel=None, colsample_bynode=None,
             colsample_bytree=None, device=None, early_stopping_rounds=None,
             enable_categorical=False, eval_metric=None, feature_types=None,
             gamma=None, grow_policy=None, importance_type=None,
             interaction_constraints=None, learning_rate=None, max_bin=None,
             max_cat_threshold=None, max_cat_to_onehot=None,
             max_delta_step=None, max_depth=None, max_leaves=None,
             min_child_weight=None, missing=nan, monotone_constraints=None,
             multi_strategy=None, n_estimators=None, n_jobs=None,
             num_parallel_tree=None, random_state=None, ...)",,,30,,,,,0.5,3,3,10,42,,,,,,"{'estimator': XGBRegressor(base_score=None, booster=None, callbacks=None,
             colsample_bylevel=None, colsample_bynode=None,
             colsample_bytree=None, device=None, early_stopping_rounds=None,
             enable_categorical=False, eval_metric=None, feature_types=None,
             gamma=None, grow_policy=None, importance_type=None,
             interaction_constraints=None, learning_rate=None, max_bin=None,
             max_cat_threshold=None, max_cat_to_onehot=None,
             max_delta_step=None, max_depth=None, max_leaves=None,
             min_child_weight=None, missing=nan, monotone_constraints=None,
             multi_strategy=None, n_estimators=None, n_jobs=None,
             num_parallel_tree=None, random_state=None, ...), 'estimator__eta': 0.5, 'estimator__gamma': 30, 'estimator__max_delta_step': 3, 'estimator__max_depth': 3, 'estimator__min_child_weight': 10, 'estimator__random_state': 42}",0.03599063436210516,0.05799454693120446,0.037869750305241666,0.04029670713212541,0.06181477486725849,0.06275382538843341,0.0585904735445141,0.04645832659715925,0.03450532229957629,0.02795477719537449,0.04642291386229928,0.012199106700667508,589,0.11864891809116473,0.24119645742924045,0.028398407327837605,0.02066700403787869,0.03638325860846092,0.05050658596856494,0.03875581368426939,0.0028673913716468213,0.0025635766667464477,0.32101556741915505,0.0861002980604965,0.10382520714439339,606,0.16735711752593546,0.20491798351024226,0.17227371208473763,0.17249387732608762,0.22654835006323465,0.1898865125617788,0.19731434715480983,0.1877474386673681,0.17047527330852666,0.14259692533902762,0.18316115375417485,0.022160479939809095,631
723,0.02870659828186035,0.0006406086437678525,0.005101227760314941,0.000538889434442332,"XGBRegressor(base_score=None, booster=None, callbacks=None,
             colsample_bylevel=None, colsample_bynode=None,
             colsample_bytree=None, device=None, early_stopping_rounds=None,
             enable_categorical=False, eval_metric=None, feature_types=None,
             gamma=None, grow_policy=None, importance_type=None,
             interaction_constraints=None, learning_rate=None, max_bin=None,
             max_cat_threshold=None, max_cat_to_onehot=None,
             max_delta_step=None, max_depth=None, max_leaves=None,
             min_child_weight=None, missing=nan, monotone_constraints=None,
             multi_strategy=None, n_estimators=None, n_jobs=None,
             num_parallel_tree=None, random_state=None, ...)",,,30,,,,,0.5,3,6,0,42,,,,,,"{'estimator': XGBRegressor(base_score=None, booster=None, callbacks=None,
             colsample_bylevel=None, colsample_bynode=None,
             colsample_bytree=None, device=None, early_stopping_rounds=None,
             enable_categorical=False, eval_metric=None, feature_types=None,
             gamma=None, grow_policy=None, importance_type=None,
             interaction_constraints=None, learning_rate=None, max_bin=None,
             max_cat_threshold=None, max_cat_to_onehot=None,
             max_delta_step=None, max_depth=None, max_leaves=None,
             min_child_weight=None, missing=nan, monotone_constraints=None,
             multi_strategy=None, n_estimators=None, n_jobs=None,
             num_parallel_tree=None, random_state=None, ...), 'estimator__eta': 0.5, 'estimator__gamma': 30, 'estimator__max_delta_step': 3, 'estimator__max_depth': 6, 'estimator__min_child_weight': 0, 'estimator__random_state': 42}",0.03599063436210516,0.05799454693120446,0.037869750305241666,0.04029670713212541,0.06181477486725849,0.06275382538843341,0.0585904735445141,0.04645832659715925,0.03450532229957629,0.02795477719537449,0.04642291386229928,0.012199106700667508,589,0.11864891809116473,0.24119645742924045,0.028398407327837605,0.02066700403787869,0.03638325860846092,0.05050658596856494,0.03875581368426939,0.0028673913716468213,0.0025635766667464477,0.32101556741915505,0.0861002980604965,0.10382520714439339,606,0.16735711752593546,0.20491798351024226,0.17227371208473763,0.17249387732608762,0.22654835006323465,0.1898865125617788,0.19731434715480983,0.1877474386673681,0.17047527330852666,0.14259692533902762,0.18316115375417485,0.022160479939809095,631
724,0.028906822204589844,0.0005390266239029174,0.005100607872009277,0.00030012949035229886,"XGBRegressor(base_score=None, booster=None, callbacks=None,
             colsample_bylevel=None, colsample_bynode=None,
             colsample_bytree=None, device=None, early_stopping_rounds=None,
             enable_categorical=False, eval_metric=None, feature_types=None,
             gamma=None, grow_policy=None, importance_type=None,
             interaction_constraints=None, learning_rate=None, max_bin=None,
             max_cat_threshold=None, max_cat_to_onehot=None,
             max_delta_step=None, max_depth=None, max_leaves=None,
             min_child_weight=None, missing=nan, monotone_constraints=None,
             multi_strategy=None, n_estimators=None, n_jobs=None,
             num_parallel_tree=None, random_state=None, ...)",,,30,,,,,0.5,3,6,1,42,,,,,,"{'estimator': XGBRegressor(base_score=None, booster=None, callbacks=None,
             colsample_bylevel=None, colsample_bynode=None,
             colsample_bytree=None, device=None, early_stopping_rounds=None,
             enable_categorical=False, eval_metric=None, feature_types=None,
             gamma=None, grow_policy=None, importance_type=None,
             interaction_constraints=None, learning_rate=None, max_bin=None,
             max_cat_threshold=None, max_cat_to_onehot=None,
             max_delta_step=None, max_depth=None, max_leaves=None,
             min_child_weight=None, missing=nan, monotone_constraints=None,
             multi_strategy=None, n_estimators=None, n_jobs=None,
             num_parallel_tree=None, random_state=None, ...), 'estimator__eta': 0.5, 'estimator__gamma': 30, 'estimator__max_delta_step': 3, 'estimator__max_depth': 6, 'estimator__min_child_weight': 1, 'estimator__random_state': 42}",0.03599063436210516,0.05799454693120446,0.037869750305241666,0.04029670713212541,0.06181477486725849,0.06275382538843341,0.0585904735445141,0.04645832659715925,0.03450532229957629,0.02795477719537449,0.04642291386229928,0.012199106700667508,589,0.11864891809116473,0.24119645742924045,0.028398407327837605,0.02066700403787869,0.03638325860846092,0.05050658596856494,0.03875581368426939,0.0028673913716468213,0.0025635766667464477,0.32101556741915505,0.0861002980604965,0.10382520714439339,606,0.16735711752593546,0.20491798351024226,0.17227371208473763,0.17249387732608762,0.22654835006323465,0.1898865125617788,0.19731434715480983,0.1877474386673681,0.17047527330852666,0.14259692533902762,0.18316115375417485,0.022160479939809095,631
725,0.028806686401367188,0.000599940994767228,0.005200767517089843,0.00039981660047676884,"XGBRegressor(base_score=None, booster=None, callbacks=None,
             colsample_bylevel=None, colsample_bynode=None,
             colsample_bytree=None, device=None, early_stopping_rounds=None,
             enable_categorical=False, eval_metric=None, feature_types=None,
             gamma=None, grow_policy=None, importance_type=None,
             interaction_constraints=None, learning_rate=None, max_bin=None,
             max_cat_threshold=None, max_cat_to_onehot=None,
             max_delta_step=None, max_depth=None, max_leaves=None,
             min_child_weight=None, missing=nan, monotone_constraints=None,
             multi_strategy=None, n_estimators=None, n_jobs=None,
             num_parallel_tree=None, random_state=None, ...)",,,30,,,,,0.5,3,6,10,42,,,,,,"{'estimator': XGBRegressor(base_score=None, booster=None, callbacks=None,
             colsample_bylevel=None, colsample_bynode=None,
             colsample_bytree=None, device=None, early_stopping_rounds=None,
             enable_categorical=False, eval_metric=None, feature_types=None,
             gamma=None, grow_policy=None, importance_type=None,
             interaction_constraints=None, learning_rate=None, max_bin=None,
             max_cat_threshold=None, max_cat_to_onehot=None,
             max_delta_step=None, max_depth=None, max_leaves=None,
             min_child_weight=None, missing=nan, monotone_constraints=None,
             multi_strategy=None, n_estimators=None, n_jobs=None,
             num_parallel_tree=None, random_state=None, ...), 'estimator__eta': 0.5, 'estimator__gamma': 30, 'estimator__max_delta_step': 3, 'estimator__max_depth': 6, 'estimator__min_child_weight': 10, 'estimator__random_state': 42}",0.03599063436210516,0.05799454693120446,0.037869750305241666,0.04029670713212541,0.06181477486725849,0.06275382538843341,0.0585904735445141,0.04645832659715925,0.03450532229957629,0.02795477719537449,0.04642291386229928,0.012199106700667508,589,0.11864891809116473,0.24119645742924045,0.028398407327837605,0.02066700403787869,0.03638325860846092,0.05050658596856494,0.03875581368426939,0.0028673913716468213,0.0025635766667464477,0.32101556741915505,0.0861002980604965,0.10382520714439339,606,0.16735711752593546,0.20491798351024226,0.17227371208473763,0.17249387732608762,0.22654835006323465,0.1898865125617788,0.19731434715480983,0.1877474386673681,0.17047527330852666,0.14259692533902762,0.18316115375417485,0.022160479939809095,631
726,0.028806781768798827,0.0008716456555295074,0.005000948905944824,0.0004476079477766493,"XGBRegressor(base_score=None, booster=None, callbacks=None,
             colsample_bylevel=None, colsample_bynode=None,
             colsample_bytree=None, device=None, early_stopping_rounds=None,
             enable_categorical=False, eval_metric=None, feature_types=None,
             gamma=None, grow_policy=None, importance_type=None,
             interaction_constraints=None, learning_rate=None, max_bin=None,
             max_cat_threshold=None, max_cat_to_onehot=None,
             max_delta_step=None, max_depth=None, max_leaves=None,
             min_child_weight=None, missing=nan, monotone_constraints=None,
             multi_strategy=None, n_estimators=None, n_jobs=None,
             num_parallel_tree=None, random_state=None, ...)",,,30,,,,,0.5,3,9,0,42,,,,,,"{'estimator': XGBRegressor(base_score=None, booster=None, callbacks=None,
             colsample_bylevel=None, colsample_bynode=None,
             colsample_bytree=None, device=None, early_stopping_rounds=None,
             enable_categorical=False, eval_metric=None, feature_types=None,
             gamma=None, grow_policy=None, importance_type=None,
             interaction_constraints=None, learning_rate=None, max_bin=None,
             max_cat_threshold=None, max_cat_to_onehot=None,
             max_delta_step=None, max_depth=None, max_leaves=None,
             min_child_weight=None, missing=nan, monotone_constraints=None,
             multi_strategy=None, n_estimators=None, n_jobs=None,
             num_parallel_tree=None, random_state=None, ...), 'estimator__eta': 0.5, 'estimator__gamma': 30, 'estimator__max_delta_step': 3, 'estimator__max_depth': 9, 'estimator__min_child_weight': 0, 'estimator__random_state': 42}",0.03599063436210516,0.05799454693120446,0.037869750305241666,0.04029670713212541,0.06181477486725849,0.06275382538843341,0.0585904735445141,0.04645832659715925,0.03450532229957629,0.02795477719537449,0.04642291386229928,0.012199106700667508,589,0.11864891809116473,0.24119645742924045,0.028398407327837605,0.02066700403787869,0.03638325860846092,0.05050658596856494,0.03875581368426939,0.0028673913716468213,0.0025635766667464477,0.32101556741915505,0.0861002980604965,0.10382520714439339,606,0.16735711752593546,0.20491798351024226,0.17227371208473763,0.17249387732608762,0.22654835006323465,0.1898865125617788,0.19731434715480983,0.1877474386673681,0.17047527330852666,0.14259692533902762,0.18316115375417485,0.022160479939809095,631
727,0.029306721687316895,0.0006402550609380817,0.005001068115234375,5.43678009557313e-07,"XGBRegressor(base_score=None, booster=None, callbacks=None,
             colsample_bylevel=None, colsample_bynode=None,
             colsample_bytree=None, device=None, early_stopping_rounds=None,
             enable_categorical=False, eval_metric=None, feature_types=None,
             gamma=None, grow_policy=None, importance_type=None,
             interaction_constraints=None, learning_rate=None, max_bin=None,
             max_cat_threshold=None, max_cat_to_onehot=None,
             max_delta_step=None, max_depth=None, max_leaves=None,
             min_child_weight=None, missing=nan, monotone_constraints=None,
             multi_strategy=None, n_estimators=None, n_jobs=None,
             num_parallel_tree=None, random_state=None, ...)",,,30,,,,,0.5,3,9,1,42,,,,,,"{'estimator': XGBRegressor(base_score=None, booster=None, callbacks=None,
             colsample_bylevel=None, colsample_bynode=None,
             colsample_bytree=None, device=None, early_stopping_rounds=None,
             enable_categorical=False, eval_metric=None, feature_types=None,
             gamma=None, grow_policy=None, importance_type=None,
             interaction_constraints=None, learning_rate=None, max_bin=None,
             max_cat_threshold=None, max_cat_to_onehot=None,
             max_delta_step=None, max_depth=None, max_leaves=None,
             min_child_weight=None, missing=nan, monotone_constraints=None,
             multi_strategy=None, n_estimators=None, n_jobs=None,
             num_parallel_tree=None, random_state=None, ...), 'estimator__eta': 0.5, 'estimator__gamma': 30, 'estimator__max_delta_step': 3, 'estimator__max_depth': 9, 'estimator__min_child_weight': 1, 'estimator__random_state': 42}",0.03599063436210516,0.05799454693120446,0.037869750305241666,0.04029670713212541,0.06181477486725849,0.06275382538843341,0.0585904735445141,0.04645832659715925,0.03450532229957629,0.02795477719537449,0.04642291386229928,0.012199106700667508,589,0.11864891809116473,0.24119645742924045,0.028398407327837605,0.02066700403787869,0.03638325860846092,0.05050658596856494,0.03875581368426939,0.0028673913716468213,0.0025635766667464477,0.32101556741915505,0.0861002980604965,0.10382520714439339,606,0.16735711752593546,0.20491798351024226,0.17227371208473763,0.17249387732608762,0.22654835006323465,0.1898865125617788,0.19731434715480983,0.1877474386673681,0.17047527330852666,0.14259692533902762,0.18316115375417485,0.022160479939809095,631
728,0.029124975204467773,0.00029880573538567317,0.004782748222351074,0.0003946539081416695,"XGBRegressor(base_score=None, booster=None, callbacks=None,
             colsample_bylevel=None, colsample_bynode=None,
             colsample_bytree=None, device=None, early_stopping_rounds=None,
             enable_categorical=False, eval_metric=None, feature_types=None,
             gamma=None, grow_policy=None, importance_type=None,
             interaction_constraints=None, learning_rate=None, max_bin=None,
             max_cat_threshold=None, max_cat_to_onehot=None,
             max_delta_step=None, max_depth=None, max_leaves=None,
             min_child_weight=None, missing=nan, monotone_constraints=None,
             multi_strategy=None, n_estimators=None, n_jobs=None,
             num_parallel_tree=None, random_state=None, ...)",,,30,,,,,0.5,3,9,10,42,,,,,,"{'estimator': XGBRegressor(base_score=None, booster=None, callbacks=None,
             colsample_bylevel=None, colsample_bynode=None,
             colsample_bytree=None, device=None, early_stopping_rounds=None,
             enable_categorical=False, eval_metric=None, feature_types=None,
             gamma=None, grow_policy=None, importance_type=None,
             interaction_constraints=None, learning_rate=None, max_bin=None,
             max_cat_threshold=None, max_cat_to_onehot=None,
             max_delta_step=None, max_depth=None, max_leaves=None,
             min_child_weight=None, missing=nan, monotone_constraints=None,
             multi_strategy=None, n_estimators=None, n_jobs=None,
             num_parallel_tree=None, random_state=None, ...), 'estimator__eta': 0.5, 'estimator__gamma': 30, 'estimator__max_delta_step': 3, 'estimator__max_depth': 9, 'estimator__min_child_weight': 10, 'estimator__random_state': 42}",0.03599063436210516,0.05799454693120446,0.037869750305241666,0.04029670713212541,0.06181477486725849,0.06275382538843341,0.0585904735445141,0.04645832659715925,0.03450532229957629,0.02795477719537449,0.04642291386229928,0.012199106700667508,589,0.11864891809116473,0.24119645742924045,0.028398407327837605,0.02066700403787869,0.03638325860846092,0.05050658596856494,0.03875581368426939,0.0028673913716468213,0.0025635766667464477,0.32101556741915505,0.0861002980604965,0.10382520714439339,606,0.16735711752593546,0.20491798351024226,0.17227371208473763,0.17249387732608762,0.22654835006323465,0.1898865125617788,0.19731434715480983,0.1877474386673681,0.17047527330852666,0.14259692533902762,0.18316115375417485,0.022160479939809095,631
729,0.028707051277160646,0.0006404118351183998,0.005200672149658203,0.00039950706227098547,"XGBRegressor(base_score=None, booster=None, callbacks=None,
             colsample_bylevel=None, colsample_bynode=None,
             colsample_bytree=None, device=None, early_stopping_rounds=None,
             enable_categorical=False, eval_metric=None, feature_types=None,
             gamma=None, grow_policy=None, importance_type=None,
             interaction_constraints=None, learning_rate=None, max_bin=None,
             max_cat_threshold=None, max_cat_to_onehot=None,
             max_delta_step=None, max_depth=None, max_leaves=None,
             min_child_weight=None, missing=nan, monotone_constraints=None,
             multi_strategy=None, n_estimators=None, n_jobs=None,
             num_parallel_tree=None, random_state=None, ...)",,,30,,,,,0.5,6,3,0,42,,,,,,"{'estimator': XGBRegressor(base_score=None, booster=None, callbacks=None,
             colsample_bylevel=None, colsample_bynode=None,
             colsample_bytree=None, device=None, early_stopping_rounds=None,
             enable_categorical=False, eval_metric=None, feature_types=None,
             gamma=None, grow_policy=None, importance_type=None,
             interaction_constraints=None, learning_rate=None, max_bin=None,
             max_cat_threshold=None, max_cat_to_onehot=None,
             max_delta_step=None, max_depth=None, max_leaves=None,
             min_child_weight=None, missing=nan, monotone_constraints=None,
             multi_strategy=None, n_estimators=None, n_jobs=None,
             num_parallel_tree=None, random_state=None, ...), 'estimator__eta': 0.5, 'estimator__gamma': 30, 'estimator__max_delta_step': 6, 'estimator__max_depth': 3, 'estimator__min_child_weight': 0, 'estimator__random_state': 42}",0.03599063436210516,0.05799454693120446,0.037869750305241666,0.04029670713212541,0.06181477486725849,0.06275382538843341,0.0585904735445141,0.04645832659715925,0.03450532229957629,0.02795477719537449,0.04642291386229928,0.012199106700667508,589,0.11864891809116473,0.24119645742924045,0.028398407327837605,0.02066700403787869,0.03638325860846092,0.05050658596856494,0.03875581368426939,0.0028673913716468213,0.0025635766667464477,0.32101556741915505,0.0861002980604965,0.10382520714439339,606,0.16735711752593546,0.20491798351024226,0.17227371208473763,0.17249387732608762,0.22654835006323465,0.1898865125617788,0.19731434715480983,0.1877474386673681,0.17047527330852666,0.14259692533902762,0.18316115375417485,0.022160479939809095,631
730,0.030006885528564453,0.001732063013844866,0.0050008296966552734,3.9895058943465975e-07,"XGBRegressor(base_score=None, booster=None, callbacks=None,
             colsample_bylevel=None, colsample_bynode=None,
             colsample_bytree=None, device=None, early_stopping_rounds=None,
             enable_categorical=False, eval_metric=None, feature_types=None,
             gamma=None, grow_policy=None, importance_type=None,
             interaction_constraints=None, learning_rate=None, max_bin=None,
             max_cat_threshold=None, max_cat_to_onehot=None,
             max_delta_step=None, max_depth=None, max_leaves=None,
             min_child_weight=None, missing=nan, monotone_constraints=None,
             multi_strategy=None, n_estimators=None, n_jobs=None,
             num_parallel_tree=None, random_state=None, ...)",,,30,,,,,0.5,6,3,1,42,,,,,,"{'estimator': XGBRegressor(base_score=None, booster=None, callbacks=None,
             colsample_bylevel=None, colsample_bynode=None,
             colsample_bytree=None, device=None, early_stopping_rounds=None,
             enable_categorical=False, eval_metric=None, feature_types=None,
             gamma=None, grow_policy=None, importance_type=None,
             interaction_constraints=None, learning_rate=None, max_bin=None,
             max_cat_threshold=None, max_cat_to_onehot=None,
             max_delta_step=None, max_depth=None, max_leaves=None,
             min_child_weight=None, missing=nan, monotone_constraints=None,
             multi_strategy=None, n_estimators=None, n_jobs=None,
             num_parallel_tree=None, random_state=None, ...), 'estimator__eta': 0.5, 'estimator__gamma': 30, 'estimator__max_delta_step': 6, 'estimator__max_depth': 3, 'estimator__min_child_weight': 1, 'estimator__random_state': 42}",0.03599063436210516,0.05799454693120446,0.037869750305241666,0.04029670713212541,0.06181477486725849,0.06275382538843341,0.0585904735445141,0.04645832659715925,0.03450532229957629,0.02795477719537449,0.04642291386229928,0.012199106700667508,589,0.11864891809116473,0.24119645742924045,0.028398407327837605,0.02066700403787869,0.03638325860846092,0.05050658596856494,0.03875581368426939,0.0028673913716468213,0.0025635766667464477,0.32101556741915505,0.0861002980604965,0.10382520714439339,606,0.16735711752593546,0.20491798351024226,0.17227371208473763,0.17249387732608762,0.22654835006323465,0.1898865125617788,0.19731434715480983,0.1877474386673681,0.17047527330852666,0.14259692533902762,0.18316115375417485,0.022160479939809095,631
731,0.028906655311584473,0.0008306797621978365,0.005000925064086914,3.724217260316207e-07,"XGBRegressor(base_score=None, booster=None, callbacks=None,
             colsample_bylevel=None, colsample_bynode=None,
             colsample_bytree=None, device=None, early_stopping_rounds=None,
             enable_categorical=False, eval_metric=None, feature_types=None,
             gamma=None, grow_policy=None, importance_type=None,
             interaction_constraints=None, learning_rate=None, max_bin=None,
             max_cat_threshold=None, max_cat_to_onehot=None,
             max_delta_step=None, max_depth=None, max_leaves=None,
             min_child_weight=None, missing=nan, monotone_constraints=None,
             multi_strategy=None, n_estimators=None, n_jobs=None,
             num_parallel_tree=None, random_state=None, ...)",,,30,,,,,0.5,6,3,10,42,,,,,,"{'estimator': XGBRegressor(base_score=None, booster=None, callbacks=None,
             colsample_bylevel=None, colsample_bynode=None,
             colsample_bytree=None, device=None, early_stopping_rounds=None,
             enable_categorical=False, eval_metric=None, feature_types=None,
             gamma=None, grow_policy=None, importance_type=None,
             interaction_constraints=None, learning_rate=None, max_bin=None,
             max_cat_threshold=None, max_cat_to_onehot=None,
             max_delta_step=None, max_depth=None, max_leaves=None,
             min_child_weight=None, missing=nan, monotone_constraints=None,
             multi_strategy=None, n_estimators=None, n_jobs=None,
             num_parallel_tree=None, random_state=None, ...), 'estimator__eta': 0.5, 'estimator__gamma': 30, 'estimator__max_delta_step': 6, 'estimator__max_depth': 3, 'estimator__min_child_weight': 10, 'estimator__random_state': 42}",0.03599063436210516,0.05799454693120446,0.037869750305241666,0.04029670713212541,0.06181477486725849,0.06275382538843341,0.0585904735445141,0.04645832659715925,0.03450532229957629,0.02795477719537449,0.04642291386229928,0.012199106700667508,589,0.11864891809116473,0.24119645742924045,0.028398407327837605,0.02066700403787869,0.03638325860846092,0.05050658596856494,0.03875581368426939,0.0028673913716468213,0.0025635766667464477,0.32101556741915505,0.0861002980604965,0.10382520714439339,606,0.16735711752593546,0.20491798351024226,0.17227371208473763,0.17249387732608762,0.22654835006323465,0.1898865125617788,0.19731434715480983,0.1877474386673681,0.17047527330852666,0.14259692533902762,0.18316115375417485,0.022160479939809095,631
732,0.02960665225982666,0.0009165684550257501,0.005001163482666016,4.4220058896521103e-07,"XGBRegressor(base_score=None, booster=None, callbacks=None,
             colsample_bylevel=None, colsample_bynode=None,
             colsample_bytree=None, device=None, early_stopping_rounds=None,
             enable_categorical=False, eval_metric=None, feature_types=None,
             gamma=None, grow_policy=None, importance_type=None,
             interaction_constraints=None, learning_rate=None, max_bin=None,
             max_cat_threshold=None, max_cat_to_onehot=None,
             max_delta_step=None, max_depth=None, max_leaves=None,
             min_child_weight=None, missing=nan, monotone_constraints=None,
             multi_strategy=None, n_estimators=None, n_jobs=None,
             num_parallel_tree=None, random_state=None, ...)",,,30,,,,,0.5,6,6,0,42,,,,,,"{'estimator': XGBRegressor(base_score=None, booster=None, callbacks=None,
             colsample_bylevel=None, colsample_bynode=None,
             colsample_bytree=None, device=None, early_stopping_rounds=None,
             enable_categorical=False, eval_metric=None, feature_types=None,
             gamma=None, grow_policy=None, importance_type=None,
             interaction_constraints=None, learning_rate=None, max_bin=None,
             max_cat_threshold=None, max_cat_to_onehot=None,
             max_delta_step=None, max_depth=None, max_leaves=None,
             min_child_weight=None, missing=nan, monotone_constraints=None,
             multi_strategy=None, n_estimators=None, n_jobs=None,
             num_parallel_tree=None, random_state=None, ...), 'estimator__eta': 0.5, 'estimator__gamma': 30, 'estimator__max_delta_step': 6, 'estimator__max_depth': 6, 'estimator__min_child_weight': 0, 'estimator__random_state': 42}",0.03599063436210516,0.05799454693120446,0.037869750305241666,0.04029670713212541,0.06181477486725849,0.06275382538843341,0.0585904735445141,0.04645832659715925,0.03450532229957629,0.02795477719537449,0.04642291386229928,0.012199106700667508,589,0.11864891809116473,0.24119645742924045,0.028398407327837605,0.02066700403787869,0.03638325860846092,0.05050658596856494,0.03875581368426939,0.0028673913716468213,0.0025635766667464477,0.32101556741915505,0.0861002980604965,0.10382520714439339,606,0.16735711752593546,0.20491798351024226,0.17227371208473763,0.17249387732608762,0.22654835006323465,0.1898865125617788,0.19731434715480983,0.1877474386673681,0.17047527330852666,0.14259692533902762,0.18316115375417485,0.022160479939809095,631
733,0.028806686401367188,0.0006001790880230839,0.0048008918762207035,0.00039999493187214974,"XGBRegressor(base_score=None, booster=None, callbacks=None,
             colsample_bylevel=None, colsample_bynode=None,
             colsample_bytree=None, device=None, early_stopping_rounds=None,
             enable_categorical=False, eval_metric=None, feature_types=None,
             gamma=None, grow_policy=None, importance_type=None,
             interaction_constraints=None, learning_rate=None, max_bin=None,
             max_cat_threshold=None, max_cat_to_onehot=None,
             max_delta_step=None, max_depth=None, max_leaves=None,
             min_child_weight=None, missing=nan, monotone_constraints=None,
             multi_strategy=None, n_estimators=None, n_jobs=None,
             num_parallel_tree=None, random_state=None, ...)",,,30,,,,,0.5,6,6,1,42,,,,,,"{'estimator': XGBRegressor(base_score=None, booster=None, callbacks=None,
             colsample_bylevel=None, colsample_bynode=None,
             colsample_bytree=None, device=None, early_stopping_rounds=None,
             enable_categorical=False, eval_metric=None, feature_types=None,
             gamma=None, grow_policy=None, importance_type=None,
             interaction_constraints=None, learning_rate=None, max_bin=None,
             max_cat_threshold=None, max_cat_to_onehot=None,
             max_delta_step=None, max_depth=None, max_leaves=None,
             min_child_weight=None, missing=nan, monotone_constraints=None,
             multi_strategy=None, n_estimators=None, n_jobs=None,
             num_parallel_tree=None, random_state=None, ...), 'estimator__eta': 0.5, 'estimator__gamma': 30, 'estimator__max_delta_step': 6, 'estimator__max_depth': 6, 'estimator__min_child_weight': 1, 'estimator__random_state': 42}",0.03599063436210516,0.05799454693120446,0.037869750305241666,0.04029670713212541,0.06181477486725849,0.06275382538843341,0.0585904735445141,0.04645832659715925,0.03450532229957629,0.02795477719537449,0.04642291386229928,0.012199106700667508,589,0.11864891809116473,0.24119645742924045,0.028398407327837605,0.02066700403787869,0.03638325860846092,0.05050658596856494,0.03875581368426939,0.0028673913716468213,0.0025635766667464477,0.32101556741915505,0.0861002980604965,0.10382520714439339,606,0.16735711752593546,0.20491798351024226,0.17227371208473763,0.17249387732608762,0.22654835006323465,0.1898865125617788,0.19731434715480983,0.1877474386673681,0.17047527330852666,0.14259692533902762,0.18316115375417485,0.022160479939809095,631
734,0.029306817054748534,0.0017353659834541733,0.005001187324523926,4.1638014785225345e-07,"XGBRegressor(base_score=None, booster=None, callbacks=None,
             colsample_bylevel=None, colsample_bynode=None,
             colsample_bytree=None, device=None, early_stopping_rounds=None,
             enable_categorical=False, eval_metric=None, feature_types=None,
             gamma=None, grow_policy=None, importance_type=None,
             interaction_constraints=None, learning_rate=None, max_bin=None,
             max_cat_threshold=None, max_cat_to_onehot=None,
             max_delta_step=None, max_depth=None, max_leaves=None,
             min_child_weight=None, missing=nan, monotone_constraints=None,
             multi_strategy=None, n_estimators=None, n_jobs=None,
             num_parallel_tree=None, random_state=None, ...)",,,30,,,,,0.5,6,6,10,42,,,,,,"{'estimator': XGBRegressor(base_score=None, booster=None, callbacks=None,
             colsample_bylevel=None, colsample_bynode=None,
             colsample_bytree=None, device=None, early_stopping_rounds=None,
             enable_categorical=False, eval_metric=None, feature_types=None,
             gamma=None, grow_policy=None, importance_type=None,
             interaction_constraints=None, learning_rate=None, max_bin=None,
             max_cat_threshold=None, max_cat_to_onehot=None,
             max_delta_step=None, max_depth=None, max_leaves=None,
             min_child_weight=None, missing=nan, monotone_constraints=None,
             multi_strategy=None, n_estimators=None, n_jobs=None,
             num_parallel_tree=None, random_state=None, ...), 'estimator__eta': 0.5, 'estimator__gamma': 30, 'estimator__max_delta_step': 6, 'estimator__max_depth': 6, 'estimator__min_child_weight': 10, 'estimator__random_state': 42}",0.03599063436210516,0.05799454693120446,0.037869750305241666,0.04029670713212541,0.06181477486725849,0.06275382538843341,0.0585904735445141,0.04645832659715925,0.03450532229957629,0.02795477719537449,0.04642291386229928,0.012199106700667508,589,0.11864891809116473,0.24119645742924045,0.028398407327837605,0.02066700403787869,0.03638325860846092,0.05050658596856494,0.03875581368426939,0.0028673913716468213,0.0025635766667464477,0.32101556741915505,0.0861002980604965,0.10382520714439339,606,0.16735711752593546,0.20491798351024226,0.17227371208473763,0.17249387732608762,0.22654835006323465,0.1898865125617788,0.19731434715480983,0.1877474386673681,0.17047527330852666,0.14259692533902762,0.18316115375417485,0.022160479939809095,631
735,0.0288067102432251,0.0008719026533666654,0.005200982093811035,0.00040018584069865143,"XGBRegressor(base_score=None, booster=None, callbacks=None,
             colsample_bylevel=None, colsample_bynode=None,
             colsample_bytree=None, device=None, early_stopping_rounds=None,
             enable_categorical=False, eval_metric=None, feature_types=None,
             gamma=None, grow_policy=None, importance_type=None,
             interaction_constraints=None, learning_rate=None, max_bin=None,
             max_cat_threshold=None, max_cat_to_onehot=None,
             max_delta_step=None, max_depth=None, max_leaves=None,
             min_child_weight=None, missing=nan, monotone_constraints=None,
             multi_strategy=None, n_estimators=None, n_jobs=None,
             num_parallel_tree=None, random_state=None, ...)",,,30,,,,,0.5,6,9,0,42,,,,,,"{'estimator': XGBRegressor(base_score=None, booster=None, callbacks=None,
             colsample_bylevel=None, colsample_bynode=None,
             colsample_bytree=None, device=None, early_stopping_rounds=None,
             enable_categorical=False, eval_metric=None, feature_types=None,
             gamma=None, grow_policy=None, importance_type=None,
             interaction_constraints=None, learning_rate=None, max_bin=None,
             max_cat_threshold=None, max_cat_to_onehot=None,
             max_delta_step=None, max_depth=None, max_leaves=None,
             min_child_weight=None, missing=nan, monotone_constraints=None,
             multi_strategy=None, n_estimators=None, n_jobs=None,
             num_parallel_tree=None, random_state=None, ...), 'estimator__eta': 0.5, 'estimator__gamma': 30, 'estimator__max_delta_step': 6, 'estimator__max_depth': 9, 'estimator__min_child_weight': 0, 'estimator__random_state': 42}",0.03599063436210516,0.05799454693120446,0.037869750305241666,0.04029670713212541,0.06181477486725849,0.06275382538843341,0.0585904735445141,0.04645832659715925,0.03450532229957629,0.02795477719537449,0.04642291386229928,0.012199106700667508,589,0.11864891809116473,0.24119645742924045,0.028398407327837605,0.02066700403787869,0.03638325860846092,0.05050658596856494,0.03875581368426939,0.0028673913716468213,0.0025635766667464477,0.32101556741915505,0.0861002980604965,0.10382520714439339,606,0.16735711752593546,0.20491798351024226,0.17227371208473763,0.17249387732608762,0.22654835006323465,0.1898865125617788,0.19731434715480983,0.1877474386673681,0.17047527330852666,0.14259692533902762,0.18316115375417485,0.022160479939809095,631
736,0.028806591033935548,0.000748717014947139,0.005300974845886231,0.00045837538361288046,"XGBRegressor(base_score=None, booster=None, callbacks=None,
             colsample_bylevel=None, colsample_bynode=None,
             colsample_bytree=None, device=None, early_stopping_rounds=None,
             enable_categorical=False, eval_metric=None, feature_types=None,
             gamma=None, grow_policy=None, importance_type=None,
             interaction_constraints=None, learning_rate=None, max_bin=None,
             max_cat_threshold=None, max_cat_to_onehot=None,
             max_delta_step=None, max_depth=None, max_leaves=None,
             min_child_weight=None, missing=nan, monotone_constraints=None,
             multi_strategy=None, n_estimators=None, n_jobs=None,
             num_parallel_tree=None, random_state=None, ...)",,,30,,,,,0.5,6,9,1,42,,,,,,"{'estimator': XGBRegressor(base_score=None, booster=None, callbacks=None,
             colsample_bylevel=None, colsample_bynode=None,
             colsample_bytree=None, device=None, early_stopping_rounds=None,
             enable_categorical=False, eval_metric=None, feature_types=None,
             gamma=None, grow_policy=None, importance_type=None,
             interaction_constraints=None, learning_rate=None, max_bin=None,
             max_cat_threshold=None, max_cat_to_onehot=None,
             max_delta_step=None, max_depth=None, max_leaves=None,
             min_child_weight=None, missing=nan, monotone_constraints=None,
             multi_strategy=None, n_estimators=None, n_jobs=None,
             num_parallel_tree=None, random_state=None, ...), 'estimator__eta': 0.5, 'estimator__gamma': 30, 'estimator__max_delta_step': 6, 'estimator__max_depth': 9, 'estimator__min_child_weight': 1, 'estimator__random_state': 42}",0.03599063436210516,0.05799454693120446,0.037869750305241666,0.04029670713212541,0.06181477486725849,0.06275382538843341,0.0585904735445141,0.04645832659715925,0.03450532229957629,0.02795477719537449,0.04642291386229928,0.012199106700667508,589,0.11864891809116473,0.24119645742924045,0.028398407327837605,0.02066700403787869,0.03638325860846092,0.05050658596856494,0.03875581368426939,0.0028673913716468213,0.0025635766667464477,0.32101556741915505,0.0861002980604965,0.10382520714439339,606,0.16735711752593546,0.20491798351024226,0.17227371208473763,0.17249387732608762,0.22654835006323465,0.1898865125617788,0.19731434715480983,0.1877474386673681,0.17047527330852666,0.14259692533902762,0.18316115375417485,0.022160479939809095,631
737,0.028606581687927245,0.0009164800259989669,0.004900979995727539,0.00030010597682595677,"XGBRegressor(base_score=None, booster=None, callbacks=None,
             colsample_bylevel=None, colsample_bynode=None,
             colsample_bytree=None, device=None, early_stopping_rounds=None,
             enable_categorical=False, eval_metric=None, feature_types=None,
             gamma=None, grow_policy=None, importance_type=None,
             interaction_constraints=None, learning_rate=None, max_bin=None,
             max_cat_threshold=None, max_cat_to_onehot=None,
             max_delta_step=None, max_depth=None, max_leaves=None,
             min_child_weight=None, missing=nan, monotone_constraints=None,
             multi_strategy=None, n_estimators=None, n_jobs=None,
             num_parallel_tree=None, random_state=None, ...)",,,30,,,,,0.5,6,9,10,42,,,,,,"{'estimator': XGBRegressor(base_score=None, booster=None, callbacks=None,
             colsample_bylevel=None, colsample_bynode=None,
             colsample_bytree=None, device=None, early_stopping_rounds=None,
             enable_categorical=False, eval_metric=None, feature_types=None,
             gamma=None, grow_policy=None, importance_type=None,
             interaction_constraints=None, learning_rate=None, max_bin=None,
             max_cat_threshold=None, max_cat_to_onehot=None,
             max_delta_step=None, max_depth=None, max_leaves=None,
             min_child_weight=None, missing=nan, monotone_constraints=None,
             multi_strategy=None, n_estimators=None, n_jobs=None,
             num_parallel_tree=None, random_state=None, ...), 'estimator__eta': 0.5, 'estimator__gamma': 30, 'estimator__max_delta_step': 6, 'estimator__max_depth': 9, 'estimator__min_child_weight': 10, 'estimator__random_state': 42}",0.03599063436210516,0.05799454693120446,0.037869750305241666,0.04029670713212541,0.06181477486725849,0.06275382538843341,0.0585904735445141,0.04645832659715925,0.03450532229957629,0.02795477719537449,0.04642291386229928,0.012199106700667508,589,0.11864891809116473,0.24119645742924045,0.028398407327837605,0.02066700403787869,0.03638325860846092,0.05050658596856494,0.03875581368426939,0.0028673913716468213,0.0025635766667464477,0.32101556741915505,0.0861002980604965,0.10382520714439339,606,0.16735711752593546,0.20491798351024226,0.17227371208473763,0.17249387732608762,0.22654835006323465,0.1898865125617788,0.19731434715480983,0.1877474386673681,0.17047527330852666,0.14259692533902762,0.18316115375417485,0.022160479939809095,631
738,0.04811077117919922,0.025274107927181915,0.005201172828674316,0.00040020958666830644,"XGBRegressor(base_score=None, booster=None, callbacks=None,
             colsample_bylevel=None, colsample_bynode=None,
             colsample_bytree=None, device=None, early_stopping_rounds=None,
             enable_categorical=False, eval_metric=None, feature_types=None,
             gamma=None, grow_policy=None, importance_type=None,
             interaction_constraints=None, learning_rate=None, max_bin=None,
             max_cat_threshold=None, max_cat_to_onehot=None,
             max_delta_step=None, max_depth=None, max_leaves=None,
             min_child_weight=None, missing=nan, monotone_constraints=None,
             multi_strategy=None, n_estimators=None, n_jobs=None,
             num_parallel_tree=None, random_state=None, ...)",,,0,,,,,0.7,0,3,0,42,,,,,,"{'estimator': XGBRegressor(base_score=None, booster=None, callbacks=None,
             colsample_bylevel=None, colsample_bynode=None,
             colsample_bytree=None, device=None, early_stopping_rounds=None,
             enable_categorical=False, eval_metric=None, feature_types=None,
             gamma=None, grow_policy=None, importance_type=None,
             interaction_constraints=None, learning_rate=None, max_bin=None,
             max_cat_threshold=None, max_cat_to_onehot=None,
             max_delta_step=None, max_depth=None, max_leaves=None,
             min_child_weight=None, missing=nan, monotone_constraints=None,
             multi_strategy=None, n_estimators=None, n_jobs=None,
             num_parallel_tree=None, random_state=None, ...), 'estimator__eta': 0.7, 'estimator__gamma': 0, 'estimator__max_delta_step': 0, 'estimator__max_depth': 3, 'estimator__min_child_weight': 0, 'estimator__random_state': 42}",0.03025207891694438,0.01554332862624521,0.02094650289448041,0.00951835268706248,0.01511149916585756,0.017278368389607106,0.019600807177472812,0.01496652614264211,0.008799360198116871,0.01051838145112563,0.016253520564955454,0.006062360214397565,294,0.05971495222989687,0.6673424408256967,0.43117263667856853,0.7589116031583908,0.746641401160132,0.7107580346580931,0.6524955137453294,0.6769267829916883,0.7443316727775822,0.5029491544905265,0.5951244192715904,0.2055859554034746,382,0.1105303200029097,0.09914810653595675,0.11038516999568053,0.07424056327098699,0.09039476783697295,0.10020881792531314,0.09425388501886509,0.097725259037929,0.07032017071464293,0.07380162576678916,0.09210086861060462,0.013988546685511997,282
739,0.03850884437561035,0.0009220687853266696,0.005201029777526856,0.0005999647292329563,"XGBRegressor(base_score=None, booster=None, callbacks=None,
             colsample_bylevel=None, colsample_bynode=None,
             colsample_bytree=None, device=None, early_stopping_rounds=None,
             enable_categorical=False, eval_metric=None, feature_types=None,
             gamma=None, grow_policy=None, importance_type=None,
             interaction_constraints=None, learning_rate=None, max_bin=None,
             max_cat_threshold=None, max_cat_to_onehot=None,
             max_delta_step=None, max_depth=None, max_leaves=None,
             min_child_weight=None, missing=nan, monotone_constraints=None,
             multi_strategy=None, n_estimators=None, n_jobs=None,
             num_parallel_tree=None, random_state=None, ...)",,,0,,,,,0.7,0,3,1,42,,,,,,"{'estimator': XGBRegressor(base_score=None, booster=None, callbacks=None,
             colsample_bylevel=None, colsample_bynode=None,
             colsample_bytree=None, device=None, early_stopping_rounds=None,
             enable_categorical=False, eval_metric=None, feature_types=None,
             gamma=None, grow_policy=None, importance_type=None,
             interaction_constraints=None, learning_rate=None, max_bin=None,
             max_cat_threshold=None, max_cat_to_onehot=None,
             max_delta_step=None, max_depth=None, max_leaves=None,
             min_child_weight=None, missing=nan, monotone_constraints=None,
             multi_strategy=None, n_estimators=None, n_jobs=None,
             num_parallel_tree=None, random_state=None, ...), 'estimator__eta': 0.7, 'estimator__gamma': 0, 'estimator__max_delta_step': 0, 'estimator__max_depth': 3, 'estimator__min_child_weight': 1, 'estimator__random_state': 42}",0.03025207891694438,0.01554332862624521,0.02094650289448041,0.00951835268706248,0.01511149916585756,0.017278368389607106,0.019600807177472812,0.01496652614264211,0.008799360198116871,0.01051838145112563,0.016253520564955454,0.006062360214397565,294,0.05971495222989687,0.6673424408256967,0.43117263667856853,0.7589116031583908,0.746641401160132,0.7107580346580931,0.6524955137453294,0.6769267829916883,0.7443316727775822,0.5029491544905265,0.5951244192715904,0.2055859554034746,382,0.1105303200029097,0.09914810653595675,0.11038516999568053,0.07424056327098699,0.09039476783697295,0.10020881792531314,0.09425388501886509,0.097725259037929,0.07032017071464293,0.07380162576678916,0.09210086861060462,0.013988546685511997,282
740,0.04260993003845215,0.002458252707525583,0.005000901222229004,0.0004473413059026734,"XGBRegressor(base_score=None, booster=None, callbacks=None,
             colsample_bylevel=None, colsample_bynode=None,
             colsample_bytree=None, device=None, early_stopping_rounds=None,
             enable_categorical=False, eval_metric=None, feature_types=None,
             gamma=None, grow_policy=None, importance_type=None,
             interaction_constraints=None, learning_rate=None, max_bin=None,
             max_cat_threshold=None, max_cat_to_onehot=None,
             max_delta_step=None, max_depth=None, max_leaves=None,
             min_child_weight=None, missing=nan, monotone_constraints=None,
             multi_strategy=None, n_estimators=None, n_jobs=None,
             num_parallel_tree=None, random_state=None, ...)",,,0,,,,,0.7,0,3,10,42,,,,,,"{'estimator': XGBRegressor(base_score=None, booster=None, callbacks=None,
             colsample_bylevel=None, colsample_bynode=None,
             colsample_bytree=None, device=None, early_stopping_rounds=None,
             enable_categorical=False, eval_metric=None, feature_types=None,
             gamma=None, grow_policy=None, importance_type=None,
             interaction_constraints=None, learning_rate=None, max_bin=None,
             max_cat_threshold=None, max_cat_to_onehot=None,
             max_delta_step=None, max_depth=None, max_leaves=None,
             min_child_weight=None, missing=nan, monotone_constraints=None,
             multi_strategy=None, n_estimators=None, n_jobs=None,
             num_parallel_tree=None, random_state=None, ...), 'estimator__eta': 0.7, 'estimator__gamma': 0, 'estimator__max_delta_step': 0, 'estimator__max_depth': 3, 'estimator__min_child_weight': 10, 'estimator__random_state': 42}",0.015381378742483723,0.01879458304623094,0.011638589888175526,0.010609078081211143,0.019275649458190346,0.023992269422118604,0.02291424113834543,0.013717505405499132,0.017941656033184872,0.009192359653893051,0.016345731086933275,0.004825119494175764,308,0.5219211054766353,0.5977592527188138,0.6839401578286903,0.7312848440630744,0.6768254767541837,0.5983665237256861,0.5937513428606142,0.7038886272976401,0.47869923695292615,0.5656109108207185,0.6152047478498983,0.07791299687151886,308,0.09626298123269177,0.10770639823648773,0.08094657070667528,0.0716749425703049,0.09449013672127804,0.11177935961725392,0.09631802703287855,0.10079616982770222,0.09683813013206934,0.07703798110930145,0.09338506971866432,0.012335628696077756,341
741,0.039208984375,0.0010772383379202193,0.0052010536193847655,0.00039997112199584333,"XGBRegressor(base_score=None, booster=None, callbacks=None,
             colsample_bylevel=None, colsample_bynode=None,
             colsample_bytree=None, device=None, early_stopping_rounds=None,
             enable_categorical=False, eval_metric=None, feature_types=None,
             gamma=None, grow_policy=None, importance_type=None,
             interaction_constraints=None, learning_rate=None, max_bin=None,
             max_cat_threshold=None, max_cat_to_onehot=None,
             max_delta_step=None, max_depth=None, max_leaves=None,
             min_child_weight=None, missing=nan, monotone_constraints=None,
             multi_strategy=None, n_estimators=None, n_jobs=None,
             num_parallel_tree=None, random_state=None, ...)",,,0,,,,,0.7,0,6,0,42,,,,,,"{'estimator': XGBRegressor(base_score=None, booster=None, callbacks=None,
             colsample_bylevel=None, colsample_bynode=None,
             colsample_bytree=None, device=None, early_stopping_rounds=None,
             enable_categorical=False, eval_metric=None, feature_types=None,
             gamma=None, grow_policy=None, importance_type=None,
             interaction_constraints=None, learning_rate=None, max_bin=None,
             max_cat_threshold=None, max_cat_to_onehot=None,
             max_delta_step=None, max_depth=None, max_leaves=None,
             min_child_weight=None, missing=nan, monotone_constraints=None,
             multi_strategy=None, n_estimators=None, n_jobs=None,
             num_parallel_tree=None, random_state=None, ...), 'estimator__eta': 0.7, 'estimator__gamma': 0, 'estimator__max_delta_step': 0, 'estimator__max_depth': 6, 'estimator__min_child_weight': 0, 'estimator__random_state': 42}",0.019467669378002803,0.013078494191648547,0.009903217139546895,0.010863828850118402,0.02030081707424917,0.027255928867347765,0.023142731427007537,0.015905416584972697,0.006755562863318941,0.01017074132648943,0.01568444077027022,0.006314867862810237,221,0.39491238002770435,0.7200947068620209,0.7310662824116347,0.7248323142515347,0.6596375705160318,0.5437324720109092,0.5897004178320284,0.6566595310769061,0.8037148817842152,0.5193770449113432,0.6343727601684329,0.11639121678981691,246,0.10039906047208262,0.09567310007657973,0.08610015722985084,0.08137776706448219,0.1167155374947946,0.12391524266812108,0.10626732391805828,0.09377875005366894,0.06260099078490768,0.07412847004973727,0.09409563998122832,0.0179098104576124,376
742,0.0385087251663208,0.0009221850470984193,0.0051011800765991214,0.0003000978822312008,"XGBRegressor(base_score=None, booster=None, callbacks=None,
             colsample_bylevel=None, colsample_bynode=None,
             colsample_bytree=None, device=None, early_stopping_rounds=None,
             enable_categorical=False, eval_metric=None, feature_types=None,
             gamma=None, grow_policy=None, importance_type=None,
             interaction_constraints=None, learning_rate=None, max_bin=None,
             max_cat_threshold=None, max_cat_to_onehot=None,
             max_delta_step=None, max_depth=None, max_leaves=None,
             min_child_weight=None, missing=nan, monotone_constraints=None,
             multi_strategy=None, n_estimators=None, n_jobs=None,
             num_parallel_tree=None, random_state=None, ...)",,,0,,,,,0.7,0,6,1,42,,,,,,"{'estimator': XGBRegressor(base_score=None, booster=None, callbacks=None,
             colsample_bylevel=None, colsample_bynode=None,
             colsample_bytree=None, device=None, early_stopping_rounds=None,
             enable_categorical=False, eval_metric=None, feature_types=None,
             gamma=None, grow_policy=None, importance_type=None,
             interaction_constraints=None, learning_rate=None, max_bin=None,
             max_cat_threshold=None, max_cat_to_onehot=None,
             max_delta_step=None, max_depth=None, max_leaves=None,
             min_child_weight=None, missing=nan, monotone_constraints=None,
             multi_strategy=None, n_estimators=None, n_jobs=None,
             num_parallel_tree=None, random_state=None, ...), 'estimator__eta': 0.7, 'estimator__gamma': 0, 'estimator__max_delta_step': 0, 'estimator__max_depth': 6, 'estimator__min_child_weight': 1, 'estimator__random_state': 42}",0.019467669378002803,0.013078494191648547,0.009903217139546895,0.010863828850118402,0.02030081707424917,0.027255928867347765,0.023142731427007537,0.015905416584972697,0.006755562863318941,0.01017074132648943,0.01568444077027022,0.006314867862810237,221,0.39491238002770435,0.7200947068620209,0.7310662824116347,0.7248323142515347,0.6596375705160318,0.5437324720109092,0.5897004178320284,0.6566595310769061,0.8037148817842152,0.5193770449113432,0.6343727601684329,0.11639121678981691,246,0.10039906047208262,0.09567310007657973,0.08610015722985084,0.08137776706448219,0.1167155374947946,0.12391524266812108,0.10626732391805828,0.09377875005366894,0.06260099078490768,0.07412847004973727,0.09409563998122832,0.0179098104576124,376
743,0.04481005668640137,0.0020884991639302576,0.005101323127746582,0.00030044733739600525,"XGBRegressor(base_score=None, booster=None, callbacks=None,
             colsample_bylevel=None, colsample_bynode=None,
             colsample_bytree=None, device=None, early_stopping_rounds=None,
             enable_categorical=False, eval_metric=None, feature_types=None,
             gamma=None, grow_policy=None, importance_type=None,
             interaction_constraints=None, learning_rate=None, max_bin=None,
             max_cat_threshold=None, max_cat_to_onehot=None,
             max_delta_step=None, max_depth=None, max_leaves=None,
             min_child_weight=None, missing=nan, monotone_constraints=None,
             multi_strategy=None, n_estimators=None, n_jobs=None,
             num_parallel_tree=None, random_state=None, ...)",,,0,,,,,0.7,0,6,10,42,,,,,,"{'estimator': XGBRegressor(base_score=None, booster=None, callbacks=None,
             colsample_bylevel=None, colsample_bynode=None,
             colsample_bytree=None, device=None, early_stopping_rounds=None,
             enable_categorical=False, eval_metric=None, feature_types=None,
             gamma=None, grow_policy=None, importance_type=None,
             interaction_constraints=None, learning_rate=None, max_bin=None,
             max_cat_threshold=None, max_cat_to_onehot=None,
             max_delta_step=None, max_depth=None, max_leaves=None,
             min_child_weight=None, missing=nan, monotone_constraints=None,
             multi_strategy=None, n_estimators=None, n_jobs=None,
             num_parallel_tree=None, random_state=None, ...), 'estimator__eta': 0.7, 'estimator__gamma': 0, 'estimator__max_delta_step': 0, 'estimator__max_depth': 6, 'estimator__min_child_weight': 10, 'estimator__random_state': 42}",0.013638084999310629,0.015619718653842922,0.007880065209314314,0.011245334725905798,0.01688754313343963,0.03715068062107543,0.021272656851656847,0.02161182155252318,0.013117259545206641,0.0032684006306309844,0.01616915659229064,0.008785292196120665,286,0.576105581362645,0.6657075451906007,0.7860073952012124,0.7151692304172644,0.7168643415735323,0.37809313736517136,0.6228551394045179,0.5334788682532159,0.6188736760221516,0.8455502584245056,0.6458705173214817,0.12657352696708937,186,0.08777145068111865,0.10003994975603811,0.07411774905785454,0.07746560626282578,0.1015433630830154,0.13290962823520902,0.08935230093012851,0.10577075044149056,0.09801518942207478,0.05188459145508154,0.09188705793248368,0.02054303582300725,260
744,0.04681062698364258,0.002822161860851287,0.00510101318359375,0.00029983545153488823,"XGBRegressor(base_score=None, booster=None, callbacks=None,
             colsample_bylevel=None, colsample_bynode=None,
             colsample_bytree=None, device=None, early_stopping_rounds=None,
             enable_categorical=False, eval_metric=None, feature_types=None,
             gamma=None, grow_policy=None, importance_type=None,
             interaction_constraints=None, learning_rate=None, max_bin=None,
             max_cat_threshold=None, max_cat_to_onehot=None,
             max_delta_step=None, max_depth=None, max_leaves=None,
             min_child_weight=None, missing=nan, monotone_constraints=None,
             multi_strategy=None, n_estimators=None, n_jobs=None,
             num_parallel_tree=None, random_state=None, ...)",,,0,,,,,0.7,0,9,0,42,,,,,,"{'estimator': XGBRegressor(base_score=None, booster=None, callbacks=None,
             colsample_bylevel=None, colsample_bynode=None,
             colsample_bytree=None, device=None, early_stopping_rounds=None,
             enable_categorical=False, eval_metric=None, feature_types=None,
             gamma=None, grow_policy=None, importance_type=None,
             interaction_constraints=None, learning_rate=None, max_bin=None,
             max_cat_threshold=None, max_cat_to_onehot=None,
             max_delta_step=None, max_depth=None, max_leaves=None,
             min_child_weight=None, missing=nan, monotone_constraints=None,
             multi_strategy=None, n_estimators=None, n_jobs=None,
             num_parallel_tree=None, random_state=None, ...), 'estimator__eta': 0.7, 'estimator__gamma': 0, 'estimator__max_delta_step': 0, 'estimator__max_depth': 9, 'estimator__min_child_weight': 0, 'estimator__random_state': 42}",0.014967098954281811,0.01564186312545847,0.01659113445370363,0.01025734909904143,0.02014965557424275,0.028658834741146715,0.023787999050463204,0.016324007930941645,0.007448762690815731,0.007819687723098219,0.01616463933431936,0.00642274382178822,277,0.5347976119643081,0.6652336102919719,0.5494478809492128,0.7401937150853979,0.6621719362609401,0.5202476589210698,0.5782604096754539,0.6476236565215732,0.7835737310259021,0.6304771401906066,0.6312027350886437,0.08281004881538724,263,0.08865398787795828,0.09450872291600737,0.10373618483212028,0.07619611163218729,0.11583503319403862,0.1293261970243146,0.10363775613451534,0.0951816275257864,0.05945421700071242,0.07213336764454431,0.09386632057821849,0.01982670893048322,368
745,0.04661059379577637,0.0021545230032962185,0.005301237106323242,0.0004585161084925606,"XGBRegressor(base_score=None, booster=None, callbacks=None,
             colsample_bylevel=None, colsample_bynode=None,
             colsample_bytree=None, device=None, early_stopping_rounds=None,
             enable_categorical=False, eval_metric=None, feature_types=None,
             gamma=None, grow_policy=None, importance_type=None,
             interaction_constraints=None, learning_rate=None, max_bin=None,
             max_cat_threshold=None, max_cat_to_onehot=None,
             max_delta_step=None, max_depth=None, max_leaves=None,
             min_child_weight=None, missing=nan, monotone_constraints=None,
             multi_strategy=None, n_estimators=None, n_jobs=None,
             num_parallel_tree=None, random_state=None, ...)",,,0,,,,,0.7,0,9,1,42,,,,,,"{'estimator': XGBRegressor(base_score=None, booster=None, callbacks=None,
             colsample_bylevel=None, colsample_bynode=None,
             colsample_bytree=None, device=None, early_stopping_rounds=None,
             enable_categorical=False, eval_metric=None, feature_types=None,
             gamma=None, grow_policy=None, importance_type=None,
             interaction_constraints=None, learning_rate=None, max_bin=None,
             max_cat_threshold=None, max_cat_to_onehot=None,
             max_delta_step=None, max_depth=None, max_leaves=None,
             min_child_weight=None, missing=nan, monotone_constraints=None,
             multi_strategy=None, n_estimators=None, n_jobs=None,
             num_parallel_tree=None, random_state=None, ...), 'estimator__eta': 0.7, 'estimator__gamma': 0, 'estimator__max_delta_step': 0, 'estimator__max_depth': 9, 'estimator__min_child_weight': 1, 'estimator__random_state': 42}",0.014967098954281811,0.01564186312545847,0.01659113445370363,0.01025734909904143,0.02014965557424275,0.028658834741146715,0.023787999050463204,0.016324007930941645,0.007448762690815731,0.007819687723098219,0.01616463933431936,0.00642274382178822,277,0.5347976119643081,0.6652336102919719,0.5494478809492128,0.7401937150853979,0.6621719362609401,0.5202476589210698,0.5782604096754539,0.6476236565215732,0.7835737310259021,0.6304771401906066,0.6312027350886437,0.08281004881538724,263,0.08865398787795828,0.09450872291600737,0.10373618483212028,0.07619611163218729,0.11583503319403862,0.1293261970243146,0.10363775613451534,0.0951816275257864,0.05945421700071242,0.07213336764454431,0.09386632057821849,0.01982670893048322,368
746,0.04951136112213135,0.002109920219987971,0.005000996589660645,0.0006326359886201227,"XGBRegressor(base_score=None, booster=None, callbacks=None,
             colsample_bylevel=None, colsample_bynode=None,
             colsample_bytree=None, device=None, early_stopping_rounds=None,
             enable_categorical=False, eval_metric=None, feature_types=None,
             gamma=None, grow_policy=None, importance_type=None,
             interaction_constraints=None, learning_rate=None, max_bin=None,
             max_cat_threshold=None, max_cat_to_onehot=None,
             max_delta_step=None, max_depth=None, max_leaves=None,
             min_child_weight=None, missing=nan, monotone_constraints=None,
             multi_strategy=None, n_estimators=None, n_jobs=None,
             num_parallel_tree=None, random_state=None, ...)",,,0,,,,,0.7,0,9,10,42,,,,,,"{'estimator': XGBRegressor(base_score=None, booster=None, callbacks=None,
             colsample_bylevel=None, colsample_bynode=None,
             colsample_bytree=None, device=None, early_stopping_rounds=None,
             enable_categorical=False, eval_metric=None, feature_types=None,
             gamma=None, grow_policy=None, importance_type=None,
             interaction_constraints=None, learning_rate=None, max_bin=None,
             max_cat_threshold=None, max_cat_to_onehot=None,
             max_delta_step=None, max_depth=None, max_leaves=None,
             min_child_weight=None, missing=nan, monotone_constraints=None,
             multi_strategy=None, n_estimators=None, n_jobs=None,
             num_parallel_tree=None, random_state=None, ...), 'estimator__eta': 0.7, 'estimator__gamma': 0, 'estimator__max_delta_step': 0, 'estimator__max_depth': 9, 'estimator__min_child_weight': 10, 'estimator__random_state': 42}",0.012159670252556869,0.015415064983812104,0.007662097086016553,0.012196912370243684,0.017705072332873495,0.031688177340287504,0.024885149078743462,0.017795656290707562,0.014568380442037999,0.0043160711285900825,0.015839225130586936,0.007540398268632305,228,0.6220571764444879,0.6700875330288274,0.7919265805415137,0.6910669160477244,0.7031576900887331,0.46953609939693774,0.558808937423841,0.6158560863210345,0.5767108773712036,0.7960421179139546,0.6495250014578258,0.09725526816845716,174,0.07765984763945087,0.09324057935187786,0.07270093360215381,0.08601920873948052,0.09383961882146964,0.12589246204152493,0.09174244983456256,0.09239154731138255,0.10280113440515753,0.058564871571368575,0.0894852653318429,0.017143625841043005,184
747,0.041309666633605954,0.010966805234310437,0.005200862884521484,0.00039982808510602566,"XGBRegressor(base_score=None, booster=None, callbacks=None,
             colsample_bylevel=None, colsample_bynode=None,
             colsample_bytree=None, device=None, early_stopping_rounds=None,
             enable_categorical=False, eval_metric=None, feature_types=None,
             gamma=None, grow_policy=None, importance_type=None,
             interaction_constraints=None, learning_rate=None, max_bin=None,
             max_cat_threshold=None, max_cat_to_onehot=None,
             max_delta_step=None, max_depth=None, max_leaves=None,
             min_child_weight=None, missing=nan, monotone_constraints=None,
             multi_strategy=None, n_estimators=None, n_jobs=None,
             num_parallel_tree=None, random_state=None, ...)",,,0,,,,,0.7,3,3,0,42,,,,,,"{'estimator': XGBRegressor(base_score=None, booster=None, callbacks=None,
             colsample_bylevel=None, colsample_bynode=None,
             colsample_bytree=None, device=None, early_stopping_rounds=None,
             enable_categorical=False, eval_metric=None, feature_types=None,
             gamma=None, grow_policy=None, importance_type=None,
             interaction_constraints=None, learning_rate=None, max_bin=None,
             max_cat_threshold=None, max_cat_to_onehot=None,
             max_delta_step=None, max_depth=None, max_leaves=None,
             min_child_weight=None, missing=nan, monotone_constraints=None,
             multi_strategy=None, n_estimators=None, n_jobs=None,
             num_parallel_tree=None, random_state=None, ...), 'estimator__eta': 0.7, 'estimator__gamma': 0, 'estimator__max_delta_step': 3, 'estimator__max_depth': 3, 'estimator__min_child_weight': 0, 'estimator__random_state': 42}",0.03025207891694438,0.01554332862624521,0.02094650289448041,0.00951835268706248,0.01511149916585756,0.017278368389607106,0.019600807177472812,0.01496652614264211,0.008799360198116871,0.01051838145112563,0.016253520564955454,0.006062360214397565,294,0.05971495222989687,0.6673424408256967,0.43117263667856853,0.7589116031583908,0.746641401160132,0.7107580346580931,0.6524955137453294,0.6769267829916883,0.7443316727775822,0.5029491544905265,0.5951244192715904,0.2055859554034746,382,0.1105303200029097,0.09914810653595675,0.11038516999568053,0.07424056327098699,0.09039476783697295,0.10020881792531314,0.09425388501886509,0.097725259037929,0.07032017071464293,0.07380162576678916,0.09210086861060462,0.013988546685511997,282
748,0.03780851364135742,0.0005998930805086787,0.0052012443542480465,0.0004001738088032464,"XGBRegressor(base_score=None, booster=None, callbacks=None,
             colsample_bylevel=None, colsample_bynode=None,
             colsample_bytree=None, device=None, early_stopping_rounds=None,
             enable_categorical=False, eval_metric=None, feature_types=None,
             gamma=None, grow_policy=None, importance_type=None,
             interaction_constraints=None, learning_rate=None, max_bin=None,
             max_cat_threshold=None, max_cat_to_onehot=None,
             max_delta_step=None, max_depth=None, max_leaves=None,
             min_child_weight=None, missing=nan, monotone_constraints=None,
             multi_strategy=None, n_estimators=None, n_jobs=None,
             num_parallel_tree=None, random_state=None, ...)",,,0,,,,,0.7,3,3,1,42,,,,,,"{'estimator': XGBRegressor(base_score=None, booster=None, callbacks=None,
             colsample_bylevel=None, colsample_bynode=None,
             colsample_bytree=None, device=None, early_stopping_rounds=None,
             enable_categorical=False, eval_metric=None, feature_types=None,
             gamma=None, grow_policy=None, importance_type=None,
             interaction_constraints=None, learning_rate=None, max_bin=None,
             max_cat_threshold=None, max_cat_to_onehot=None,
             max_delta_step=None, max_depth=None, max_leaves=None,
             min_child_weight=None, missing=nan, monotone_constraints=None,
             multi_strategy=None, n_estimators=None, n_jobs=None,
             num_parallel_tree=None, random_state=None, ...), 'estimator__eta': 0.7, 'estimator__gamma': 0, 'estimator__max_delta_step': 3, 'estimator__max_depth': 3, 'estimator__min_child_weight': 1, 'estimator__random_state': 42}",0.03025207891694438,0.01554332862624521,0.02094650289448041,0.00951835268706248,0.01511149916585756,0.017278368389607106,0.019600807177472812,0.01496652614264211,0.008799360198116871,0.01051838145112563,0.016253520564955454,0.006062360214397565,294,0.05971495222989687,0.6673424408256967,0.43117263667856853,0.7589116031583908,0.746641401160132,0.7107580346580931,0.6524955137453294,0.6769267829916883,0.7443316727775822,0.5029491544905265,0.5951244192715904,0.2055859554034746,382,0.1105303200029097,0.09914810653595675,0.11038516999568053,0.07424056327098699,0.09039476783697295,0.10020881792531314,0.09425388501886509,0.097725259037929,0.07032017071464293,0.07380162576678916,0.09210086861060462,0.013988546685511997,282
749,0.04200942516326904,0.0010958229116615195,0.005301332473754883,0.00045819333396325215,"XGBRegressor(base_score=None, booster=None, callbacks=None,
             colsample_bylevel=None, colsample_bynode=None,
             colsample_bytree=None, device=None, early_stopping_rounds=None,
             enable_categorical=False, eval_metric=None, feature_types=None,
             gamma=None, grow_policy=None, importance_type=None,
             interaction_constraints=None, learning_rate=None, max_bin=None,
             max_cat_threshold=None, max_cat_to_onehot=None,
             max_delta_step=None, max_depth=None, max_leaves=None,
             min_child_weight=None, missing=nan, monotone_constraints=None,
             multi_strategy=None, n_estimators=None, n_jobs=None,
             num_parallel_tree=None, random_state=None, ...)",,,0,,,,,0.7,3,3,10,42,,,,,,"{'estimator': XGBRegressor(base_score=None, booster=None, callbacks=None,
             colsample_bylevel=None, colsample_bynode=None,
             colsample_bytree=None, device=None, early_stopping_rounds=None,
             enable_categorical=False, eval_metric=None, feature_types=None,
             gamma=None, grow_policy=None, importance_type=None,
             interaction_constraints=None, learning_rate=None, max_bin=None,
             max_cat_threshold=None, max_cat_to_onehot=None,
             max_delta_step=None, max_depth=None, max_leaves=None,
             min_child_weight=None, missing=nan, monotone_constraints=None,
             multi_strategy=None, n_estimators=None, n_jobs=None,
             num_parallel_tree=None, random_state=None, ...), 'estimator__eta': 0.7, 'estimator__gamma': 0, 'estimator__max_delta_step': 3, 'estimator__max_depth': 3, 'estimator__min_child_weight': 10, 'estimator__random_state': 42}",0.015381378742483723,0.01879458304623094,0.011638589888175526,0.010609078081211143,0.019275649458190346,0.023992269422118604,0.02291424113834543,0.013717505405499132,0.017941656033184872,0.009192359653893051,0.016345731086933275,0.004825119494175764,308,0.5219211054766353,0.5977592527188138,0.6839401578286903,0.7312848440630744,0.6768254767541837,0.5983665237256861,0.5937513428606142,0.7038886272976401,0.47869923695292615,0.5656109108207185,0.6152047478498983,0.07791299687151886,308,0.09626298123269177,0.10770639823648773,0.08094657070667528,0.0716749425703049,0.09449013672127804,0.11177935961725392,0.09631802703287855,0.10079616982770222,0.09683813013206934,0.07703798110930145,0.09338506971866432,0.012335628696077756,341
750,0.03900916576385498,0.0008944958627883475,0.005100893974304199,0.000300114864812661,"XGBRegressor(base_score=None, booster=None, callbacks=None,
             colsample_bylevel=None, colsample_bynode=None,
             colsample_bytree=None, device=None, early_stopping_rounds=None,
             enable_categorical=False, eval_metric=None, feature_types=None,
             gamma=None, grow_policy=None, importance_type=None,
             interaction_constraints=None, learning_rate=None, max_bin=None,
             max_cat_threshold=None, max_cat_to_onehot=None,
             max_delta_step=None, max_depth=None, max_leaves=None,
             min_child_weight=None, missing=nan, monotone_constraints=None,
             multi_strategy=None, n_estimators=None, n_jobs=None,
             num_parallel_tree=None, random_state=None, ...)",,,0,,,,,0.7,3,6,0,42,,,,,,"{'estimator': XGBRegressor(base_score=None, booster=None, callbacks=None,
             colsample_bylevel=None, colsample_bynode=None,
             colsample_bytree=None, device=None, early_stopping_rounds=None,
             enable_categorical=False, eval_metric=None, feature_types=None,
             gamma=None, grow_policy=None, importance_type=None,
             interaction_constraints=None, learning_rate=None, max_bin=None,
             max_cat_threshold=None, max_cat_to_onehot=None,
             max_delta_step=None, max_depth=None, max_leaves=None,
             min_child_weight=None, missing=nan, monotone_constraints=None,
             multi_strategy=None, n_estimators=None, n_jobs=None,
             num_parallel_tree=None, random_state=None, ...), 'estimator__eta': 0.7, 'estimator__gamma': 0, 'estimator__max_delta_step': 3, 'estimator__max_depth': 6, 'estimator__min_child_weight': 0, 'estimator__random_state': 42}",0.019467669378002803,0.013078494191648547,0.009903217139546895,0.010863828850118402,0.02030081707424917,0.027255928867347765,0.023142731427007537,0.015905416584972697,0.006755562863318941,0.01017074132648943,0.01568444077027022,0.006314867862810237,221,0.39491238002770435,0.7200947068620209,0.7310662824116347,0.7248323142515347,0.6596375705160318,0.5437324720109092,0.5897004178320284,0.6566595310769061,0.8037148817842152,0.5193770449113432,0.6343727601684329,0.11639121678981691,246,0.10039906047208262,0.09567310007657973,0.08610015722985084,0.08137776706448219,0.1167155374947946,0.12391524266812108,0.10626732391805828,0.09377875005366894,0.06260099078490768,0.07412847004973727,0.09409563998122832,0.0179098104576124,376
751,0.03940904140472412,0.0014286062039807746,0.005101156234741211,0.0003001059200026057,"XGBRegressor(base_score=None, booster=None, callbacks=None,
             colsample_bylevel=None, colsample_bynode=None,
             colsample_bytree=None, device=None, early_stopping_rounds=None,
             enable_categorical=False, eval_metric=None, feature_types=None,
             gamma=None, grow_policy=None, importance_type=None,
             interaction_constraints=None, learning_rate=None, max_bin=None,
             max_cat_threshold=None, max_cat_to_onehot=None,
             max_delta_step=None, max_depth=None, max_leaves=None,
             min_child_weight=None, missing=nan, monotone_constraints=None,
             multi_strategy=None, n_estimators=None, n_jobs=None,
             num_parallel_tree=None, random_state=None, ...)",,,0,,,,,0.7,3,6,1,42,,,,,,"{'estimator': XGBRegressor(base_score=None, booster=None, callbacks=None,
             colsample_bylevel=None, colsample_bynode=None,
             colsample_bytree=None, device=None, early_stopping_rounds=None,
             enable_categorical=False, eval_metric=None, feature_types=None,
             gamma=None, grow_policy=None, importance_type=None,
             interaction_constraints=None, learning_rate=None, max_bin=None,
             max_cat_threshold=None, max_cat_to_onehot=None,
             max_delta_step=None, max_depth=None, max_leaves=None,
             min_child_weight=None, missing=nan, monotone_constraints=None,
             multi_strategy=None, n_estimators=None, n_jobs=None,
             num_parallel_tree=None, random_state=None, ...), 'estimator__eta': 0.7, 'estimator__gamma': 0, 'estimator__max_delta_step': 3, 'estimator__max_depth': 6, 'estimator__min_child_weight': 1, 'estimator__random_state': 42}",0.019467669378002803,0.013078494191648547,0.009903217139546895,0.010863828850118402,0.02030081707424917,0.027255928867347765,0.023142731427007537,0.015905416584972697,0.006755562863318941,0.01017074132648943,0.01568444077027022,0.006314867862810237,221,0.39491238002770435,0.7200947068620209,0.7310662824116347,0.7248323142515347,0.6596375705160318,0.5437324720109092,0.5897004178320284,0.6566595310769061,0.8037148817842152,0.5193770449113432,0.6343727601684329,0.11639121678981691,246,0.10039906047208262,0.09567310007657973,0.08610015722985084,0.08137776706448219,0.1167155374947946,0.12391524266812108,0.10626732391805828,0.09377875005366894,0.06260099078490768,0.07412847004973727,0.09409563998122832,0.0179098104576124,376
752,0.04561033248901367,0.002417290402579709,0.005001187324523926,0.0004473948904266936,"XGBRegressor(base_score=None, booster=None, callbacks=None,
             colsample_bylevel=None, colsample_bynode=None,
             colsample_bytree=None, device=None, early_stopping_rounds=None,
             enable_categorical=False, eval_metric=None, feature_types=None,
             gamma=None, grow_policy=None, importance_type=None,
             interaction_constraints=None, learning_rate=None, max_bin=None,
             max_cat_threshold=None, max_cat_to_onehot=None,
             max_delta_step=None, max_depth=None, max_leaves=None,
             min_child_weight=None, missing=nan, monotone_constraints=None,
             multi_strategy=None, n_estimators=None, n_jobs=None,
             num_parallel_tree=None, random_state=None, ...)",,,0,,,,,0.7,3,6,10,42,,,,,,"{'estimator': XGBRegressor(base_score=None, booster=None, callbacks=None,
             colsample_bylevel=None, colsample_bynode=None,
             colsample_bytree=None, device=None, early_stopping_rounds=None,
             enable_categorical=False, eval_metric=None, feature_types=None,
             gamma=None, grow_policy=None, importance_type=None,
             interaction_constraints=None, learning_rate=None, max_bin=None,
             max_cat_threshold=None, max_cat_to_onehot=None,
             max_delta_step=None, max_depth=None, max_leaves=None,
             min_child_weight=None, missing=nan, monotone_constraints=None,
             multi_strategy=None, n_estimators=None, n_jobs=None,
             num_parallel_tree=None, random_state=None, ...), 'estimator__eta': 0.7, 'estimator__gamma': 0, 'estimator__max_delta_step': 3, 'estimator__max_depth': 6, 'estimator__min_child_weight': 10, 'estimator__random_state': 42}",0.013638084999310629,0.015619718653842922,0.007880065209314314,0.011245334725905798,0.01688754313343963,0.03715068062107543,0.021272656851656847,0.02161182155252318,0.013117259545206641,0.0032684006306309844,0.01616915659229064,0.008785292196120665,286,0.576105581362645,0.6657075451906007,0.7860073952012124,0.7151692304172644,0.7168643415735323,0.37809313736517136,0.6228551394045179,0.5334788682532159,0.6188736760221516,0.8455502584245056,0.6458705173214817,0.12657352696708937,186,0.08777145068111865,0.10003994975603811,0.07411774905785454,0.07746560626282578,0.1015433630830154,0.13290962823520902,0.08935230093012851,0.10577075044149056,0.09801518942207478,0.05188459145508154,0.09188705793248368,0.02054303582300725,260
753,0.04771077632904053,0.004518539985513757,0.0051011800765991214,0.0003004951093588887,"XGBRegressor(base_score=None, booster=None, callbacks=None,
             colsample_bylevel=None, colsample_bynode=None,
             colsample_bytree=None, device=None, early_stopping_rounds=None,
             enable_categorical=False, eval_metric=None, feature_types=None,
             gamma=None, grow_policy=None, importance_type=None,
             interaction_constraints=None, learning_rate=None, max_bin=None,
             max_cat_threshold=None, max_cat_to_onehot=None,
             max_delta_step=None, max_depth=None, max_leaves=None,
             min_child_weight=None, missing=nan, monotone_constraints=None,
             multi_strategy=None, n_estimators=None, n_jobs=None,
             num_parallel_tree=None, random_state=None, ...)",,,0,,,,,0.7,3,9,0,42,,,,,,"{'estimator': XGBRegressor(base_score=None, booster=None, callbacks=None,
             colsample_bylevel=None, colsample_bynode=None,
             colsample_bytree=None, device=None, early_stopping_rounds=None,
             enable_categorical=False, eval_metric=None, feature_types=None,
             gamma=None, grow_policy=None, importance_type=None,
             interaction_constraints=None, learning_rate=None, max_bin=None,
             max_cat_threshold=None, max_cat_to_onehot=None,
             max_delta_step=None, max_depth=None, max_leaves=None,
             min_child_weight=None, missing=nan, monotone_constraints=None,
             multi_strategy=None, n_estimators=None, n_jobs=None,
             num_parallel_tree=None, random_state=None, ...), 'estimator__eta': 0.7, 'estimator__gamma': 0, 'estimator__max_delta_step': 3, 'estimator__max_depth': 9, 'estimator__min_child_weight': 0, 'estimator__random_state': 42}",0.014967098954281811,0.01564186312545847,0.01659113445370363,0.01025734909904143,0.02014965557424275,0.028658834741146715,0.023787999050463204,0.016324007930941645,0.007448762690815731,0.007819687723098219,0.01616463933431936,0.00642274382178822,277,0.5347976119643081,0.6652336102919719,0.5494478809492128,0.7401937150853979,0.6621719362609401,0.5202476589210698,0.5782604096754539,0.6476236565215732,0.7835737310259021,0.6304771401906066,0.6312027350886437,0.08281004881538724,263,0.08865398787795828,0.09450872291600737,0.10373618483212028,0.07619611163218729,0.11583503319403862,0.1293261970243146,0.10363775613451534,0.0951816275257864,0.05945421700071242,0.07213336764454431,0.09386632057821849,0.01982670893048322,368
754,0.044510483741760254,0.0016280204577909638,0.005300974845886231,0.00045858372372377404,"XGBRegressor(base_score=None, booster=None, callbacks=None,
             colsample_bylevel=None, colsample_bynode=None,
             colsample_bytree=None, device=None, early_stopping_rounds=None,
             enable_categorical=False, eval_metric=None, feature_types=None,
             gamma=None, grow_policy=None, importance_type=None,
             interaction_constraints=None, learning_rate=None, max_bin=None,
             max_cat_threshold=None, max_cat_to_onehot=None,
             max_delta_step=None, max_depth=None, max_leaves=None,
             min_child_weight=None, missing=nan, monotone_constraints=None,
             multi_strategy=None, n_estimators=None, n_jobs=None,
             num_parallel_tree=None, random_state=None, ...)",,,0,,,,,0.7,3,9,1,42,,,,,,"{'estimator': XGBRegressor(base_score=None, booster=None, callbacks=None,
             colsample_bylevel=None, colsample_bynode=None,
             colsample_bytree=None, device=None, early_stopping_rounds=None,
             enable_categorical=False, eval_metric=None, feature_types=None,
             gamma=None, grow_policy=None, importance_type=None,
             interaction_constraints=None, learning_rate=None, max_bin=None,
             max_cat_threshold=None, max_cat_to_onehot=None,
             max_delta_step=None, max_depth=None, max_leaves=None,
             min_child_weight=None, missing=nan, monotone_constraints=None,
             multi_strategy=None, n_estimators=None, n_jobs=None,
             num_parallel_tree=None, random_state=None, ...), 'estimator__eta': 0.7, 'estimator__gamma': 0, 'estimator__max_delta_step': 3, 'estimator__max_depth': 9, 'estimator__min_child_weight': 1, 'estimator__random_state': 42}",0.014967098954281811,0.01564186312545847,0.01659113445370363,0.01025734909904143,0.02014965557424275,0.028658834741146715,0.023787999050463204,0.016324007930941645,0.007448762690815731,0.007819687723098219,0.01616463933431936,0.00642274382178822,277,0.5347976119643081,0.6652336102919719,0.5494478809492128,0.7401937150853979,0.6621719362609401,0.5202476589210698,0.5782604096754539,0.6476236565215732,0.7835737310259021,0.6304771401906066,0.6312027350886437,0.08281004881538724,263,0.08865398787795828,0.09450872291600737,0.10373618483212028,0.07619611163218729,0.11583503319403862,0.1293261970243146,0.10363775613451534,0.0951816275257864,0.05945421700071242,0.07213336764454431,0.09386632057821849,0.01982670893048322,368
755,0.04901089668273926,0.002366643295714516,0.005101346969604492,0.00030020139457200955,"XGBRegressor(base_score=None, booster=None, callbacks=None,
             colsample_bylevel=None, colsample_bynode=None,
             colsample_bytree=None, device=None, early_stopping_rounds=None,
             enable_categorical=False, eval_metric=None, feature_types=None,
             gamma=None, grow_policy=None, importance_type=None,
             interaction_constraints=None, learning_rate=None, max_bin=None,
             max_cat_threshold=None, max_cat_to_onehot=None,
             max_delta_step=None, max_depth=None, max_leaves=None,
             min_child_weight=None, missing=nan, monotone_constraints=None,
             multi_strategy=None, n_estimators=None, n_jobs=None,
             num_parallel_tree=None, random_state=None, ...)",,,0,,,,,0.7,3,9,10,42,,,,,,"{'estimator': XGBRegressor(base_score=None, booster=None, callbacks=None,
             colsample_bylevel=None, colsample_bynode=None,
             colsample_bytree=None, device=None, early_stopping_rounds=None,
             enable_categorical=False, eval_metric=None, feature_types=None,
             gamma=None, grow_policy=None, importance_type=None,
             interaction_constraints=None, learning_rate=None, max_bin=None,
             max_cat_threshold=None, max_cat_to_onehot=None,
             max_delta_step=None, max_depth=None, max_leaves=None,
             min_child_weight=None, missing=nan, monotone_constraints=None,
             multi_strategy=None, n_estimators=None, n_jobs=None,
             num_parallel_tree=None, random_state=None, ...), 'estimator__eta': 0.7, 'estimator__gamma': 0, 'estimator__max_delta_step': 3, 'estimator__max_depth': 9, 'estimator__min_child_weight': 10, 'estimator__random_state': 42}",0.012159670252556869,0.015415064983812104,0.007662097086016553,0.012196912370243684,0.017705072332873495,0.031688177340287504,0.024885149078743462,0.017795656290707562,0.014568380442037999,0.0043160711285900825,0.015839225130586936,0.007540398268632305,228,0.6220571764444879,0.6700875330288274,0.7919265805415137,0.6910669160477244,0.7031576900887331,0.46953609939693774,0.558808937423841,0.6158560863210345,0.5767108773712036,0.7960421179139546,0.6495250014578258,0.09725526816845716,174,0.07765984763945087,0.09324057935187786,0.07270093360215381,0.08601920873948052,0.09383961882146964,0.12589246204152493,0.09174244983456256,0.09239154731138255,0.10280113440515753,0.058564871571368575,0.0894852653318429,0.017143625841043005,184
756,0.0385087251663208,0.001360442919970954,0.00510103702545166,0.00030030443776848963,"XGBRegressor(base_score=None, booster=None, callbacks=None,
             colsample_bylevel=None, colsample_bynode=None,
             colsample_bytree=None, device=None, early_stopping_rounds=None,
             enable_categorical=False, eval_metric=None, feature_types=None,
             gamma=None, grow_policy=None, importance_type=None,
             interaction_constraints=None, learning_rate=None, max_bin=None,
             max_cat_threshold=None, max_cat_to_onehot=None,
             max_delta_step=None, max_depth=None, max_leaves=None,
             min_child_weight=None, missing=nan, monotone_constraints=None,
             multi_strategy=None, n_estimators=None, n_jobs=None,
             num_parallel_tree=None, random_state=None, ...)",,,0,,,,,0.7,6,3,0,42,,,,,,"{'estimator': XGBRegressor(base_score=None, booster=None, callbacks=None,
             colsample_bylevel=None, colsample_bynode=None,
             colsample_bytree=None, device=None, early_stopping_rounds=None,
             enable_categorical=False, eval_metric=None, feature_types=None,
             gamma=None, grow_policy=None, importance_type=None,
             interaction_constraints=None, learning_rate=None, max_bin=None,
             max_cat_threshold=None, max_cat_to_onehot=None,
             max_delta_step=None, max_depth=None, max_leaves=None,
             min_child_weight=None, missing=nan, monotone_constraints=None,
             multi_strategy=None, n_estimators=None, n_jobs=None,
             num_parallel_tree=None, random_state=None, ...), 'estimator__eta': 0.7, 'estimator__gamma': 0, 'estimator__max_delta_step': 6, 'estimator__max_depth': 3, 'estimator__min_child_weight': 0, 'estimator__random_state': 42}",0.03025207891694438,0.01554332862624521,0.02094650289448041,0.00951835268706248,0.01511149916585756,0.017278368389607106,0.019600807177472812,0.01496652614264211,0.008799360198116871,0.01051838145112563,0.016253520564955454,0.006062360214397565,294,0.05971495222989687,0.6673424408256967,0.43117263667856853,0.7589116031583908,0.746641401160132,0.7107580346580931,0.6524955137453294,0.6769267829916883,0.7443316727775822,0.5029491544905265,0.5951244192715904,0.2055859554034746,382,0.1105303200029097,0.09914810653595675,0.11038516999568053,0.07424056327098699,0.09039476783697295,0.10020881792531314,0.09425388501886509,0.097725259037929,0.07032017071464293,0.07380162576678916,0.09210086861060462,0.013988546685511997,282
757,0.038208818435668944,0.001720864262967474,0.00510096549987793,0.0003004875341161325,"XGBRegressor(base_score=None, booster=None, callbacks=None,
             colsample_bylevel=None, colsample_bynode=None,
             colsample_bytree=None, device=None, early_stopping_rounds=None,
             enable_categorical=False, eval_metric=None, feature_types=None,
             gamma=None, grow_policy=None, importance_type=None,
             interaction_constraints=None, learning_rate=None, max_bin=None,
             max_cat_threshold=None, max_cat_to_onehot=None,
             max_delta_step=None, max_depth=None, max_leaves=None,
             min_child_weight=None, missing=nan, monotone_constraints=None,
             multi_strategy=None, n_estimators=None, n_jobs=None,
             num_parallel_tree=None, random_state=None, ...)",,,0,,,,,0.7,6,3,1,42,,,,,,"{'estimator': XGBRegressor(base_score=None, booster=None, callbacks=None,
             colsample_bylevel=None, colsample_bynode=None,
             colsample_bytree=None, device=None, early_stopping_rounds=None,
             enable_categorical=False, eval_metric=None, feature_types=None,
             gamma=None, grow_policy=None, importance_type=None,
             interaction_constraints=None, learning_rate=None, max_bin=None,
             max_cat_threshold=None, max_cat_to_onehot=None,
             max_delta_step=None, max_depth=None, max_leaves=None,
             min_child_weight=None, missing=nan, monotone_constraints=None,
             multi_strategy=None, n_estimators=None, n_jobs=None,
             num_parallel_tree=None, random_state=None, ...), 'estimator__eta': 0.7, 'estimator__gamma': 0, 'estimator__max_delta_step': 6, 'estimator__max_depth': 3, 'estimator__min_child_weight': 1, 'estimator__random_state': 42}",0.03025207891694438,0.01554332862624521,0.02094650289448041,0.00951835268706248,0.01511149916585756,0.017278368389607106,0.019600807177472812,0.01496652614264211,0.008799360198116871,0.01051838145112563,0.016253520564955454,0.006062360214397565,294,0.05971495222989687,0.6673424408256967,0.43117263667856853,0.7589116031583908,0.746641401160132,0.7107580346580931,0.6524955137453294,0.6769267829916883,0.7443316727775822,0.5029491544905265,0.5951244192715904,0.2055859554034746,382,0.1105303200029097,0.09914810653595675,0.11038516999568053,0.07424056327098699,0.09039476783697295,0.10020881792531314,0.09425388501886509,0.097725259037929,0.07032017071464293,0.07380162576678916,0.09210086861060462,0.013988546685511997,282
758,0.04240970611572266,0.001800473566166541,0.004900836944580078,0.0005386103160457445,"XGBRegressor(base_score=None, booster=None, callbacks=None,
             colsample_bylevel=None, colsample_bynode=None,
             colsample_bytree=None, device=None, early_stopping_rounds=None,
             enable_categorical=False, eval_metric=None, feature_types=None,
             gamma=None, grow_policy=None, importance_type=None,
             interaction_constraints=None, learning_rate=None, max_bin=None,
             max_cat_threshold=None, max_cat_to_onehot=None,
             max_delta_step=None, max_depth=None, max_leaves=None,
             min_child_weight=None, missing=nan, monotone_constraints=None,
             multi_strategy=None, n_estimators=None, n_jobs=None,
             num_parallel_tree=None, random_state=None, ...)",,,0,,,,,0.7,6,3,10,42,,,,,,"{'estimator': XGBRegressor(base_score=None, booster=None, callbacks=None,
             colsample_bylevel=None, colsample_bynode=None,
             colsample_bytree=None, device=None, early_stopping_rounds=None,
             enable_categorical=False, eval_metric=None, feature_types=None,
             gamma=None, grow_policy=None, importance_type=None,
             interaction_constraints=None, learning_rate=None, max_bin=None,
             max_cat_threshold=None, max_cat_to_onehot=None,
             max_delta_step=None, max_depth=None, max_leaves=None,
             min_child_weight=None, missing=nan, monotone_constraints=None,
             multi_strategy=None, n_estimators=None, n_jobs=None,
             num_parallel_tree=None, random_state=None, ...), 'estimator__eta': 0.7, 'estimator__gamma': 0, 'estimator__max_delta_step': 6, 'estimator__max_depth': 3, 'estimator__min_child_weight': 10, 'estimator__random_state': 42}",0.015381378742483723,0.01879458304623094,0.011638589888175526,0.010609078081211143,0.019275649458190346,0.023992269422118604,0.02291424113834543,0.013717505405499132,0.017941656033184872,0.009192359653893051,0.016345731086933275,0.004825119494175764,308,0.5219211054766353,0.5977592527188138,0.6839401578286903,0.7312848440630744,0.6768254767541837,0.5983665237256861,0.5937513428606142,0.7038886272976401,0.47869923695292615,0.5656109108207185,0.6152047478498983,0.07791299687151886,308,0.09626298123269177,0.10770639823648773,0.08094657070667528,0.0716749425703049,0.09449013672127804,0.11177935961725392,0.09631802703287855,0.10079616982770222,0.09683813013206934,0.07703798110930145,0.09338506971866432,0.012335628696077756,341
759,0.03990902900695801,0.001513480040436257,0.0051012754440307615,0.00029998668564974566,"XGBRegressor(base_score=None, booster=None, callbacks=None,
             colsample_bylevel=None, colsample_bynode=None,
             colsample_bytree=None, device=None, early_stopping_rounds=None,
             enable_categorical=False, eval_metric=None, feature_types=None,
             gamma=None, grow_policy=None, importance_type=None,
             interaction_constraints=None, learning_rate=None, max_bin=None,
             max_cat_threshold=None, max_cat_to_onehot=None,
             max_delta_step=None, max_depth=None, max_leaves=None,
             min_child_weight=None, missing=nan, monotone_constraints=None,
             multi_strategy=None, n_estimators=None, n_jobs=None,
             num_parallel_tree=None, random_state=None, ...)",,,0,,,,,0.7,6,6,0,42,,,,,,"{'estimator': XGBRegressor(base_score=None, booster=None, callbacks=None,
             colsample_bylevel=None, colsample_bynode=None,
             colsample_bytree=None, device=None, early_stopping_rounds=None,
             enable_categorical=False, eval_metric=None, feature_types=None,
             gamma=None, grow_policy=None, importance_type=None,
             interaction_constraints=None, learning_rate=None, max_bin=None,
             max_cat_threshold=None, max_cat_to_onehot=None,
             max_delta_step=None, max_depth=None, max_leaves=None,
             min_child_weight=None, missing=nan, monotone_constraints=None,
             multi_strategy=None, n_estimators=None, n_jobs=None,
             num_parallel_tree=None, random_state=None, ...), 'estimator__eta': 0.7, 'estimator__gamma': 0, 'estimator__max_delta_step': 6, 'estimator__max_depth': 6, 'estimator__min_child_weight': 0, 'estimator__random_state': 42}",0.019467669378002803,0.013078494191648547,0.009903217139546895,0.010863828850118402,0.02030081707424917,0.027255928867347765,0.023142731427007537,0.015905416584972697,0.006755562863318941,0.01017074132648943,0.01568444077027022,0.006314867862810237,221,0.39491238002770435,0.7200947068620209,0.7310662824116347,0.7248323142515347,0.6596375705160318,0.5437324720109092,0.5897004178320284,0.6566595310769061,0.8037148817842152,0.5193770449113432,0.6343727601684329,0.11639121678981691,246,0.10039906047208262,0.09567310007657973,0.08610015722985084,0.08137776706448219,0.1167155374947946,0.12391524266812108,0.10626732391805828,0.09377875005366894,0.06260099078490768,0.07412847004973727,0.09409563998122832,0.0179098104576124,376
760,0.0392087459564209,0.0017206009752680203,0.004801416397094726,0.000600346070175288,"XGBRegressor(base_score=None, booster=None, callbacks=None,
             colsample_bylevel=None, colsample_bynode=None,
             colsample_bytree=None, device=None, early_stopping_rounds=None,
             enable_categorical=False, eval_metric=None, feature_types=None,
             gamma=None, grow_policy=None, importance_type=None,
             interaction_constraints=None, learning_rate=None, max_bin=None,
             max_cat_threshold=None, max_cat_to_onehot=None,
             max_delta_step=None, max_depth=None, max_leaves=None,
             min_child_weight=None, missing=nan, monotone_constraints=None,
             multi_strategy=None, n_estimators=None, n_jobs=None,
             num_parallel_tree=None, random_state=None, ...)",,,0,,,,,0.7,6,6,1,42,,,,,,"{'estimator': XGBRegressor(base_score=None, booster=None, callbacks=None,
             colsample_bylevel=None, colsample_bynode=None,
             colsample_bytree=None, device=None, early_stopping_rounds=None,
             enable_categorical=False, eval_metric=None, feature_types=None,
             gamma=None, grow_policy=None, importance_type=None,
             interaction_constraints=None, learning_rate=None, max_bin=None,
             max_cat_threshold=None, max_cat_to_onehot=None,
             max_delta_step=None, max_depth=None, max_leaves=None,
             min_child_weight=None, missing=nan, monotone_constraints=None,
             multi_strategy=None, n_estimators=None, n_jobs=None,
             num_parallel_tree=None, random_state=None, ...), 'estimator__eta': 0.7, 'estimator__gamma': 0, 'estimator__max_delta_step': 6, 'estimator__max_depth': 6, 'estimator__min_child_weight': 1, 'estimator__random_state': 42}",0.019467669378002803,0.013078494191648547,0.009903217139546895,0.010863828850118402,0.02030081707424917,0.027255928867347765,0.023142731427007537,0.015905416584972697,0.006755562863318941,0.01017074132648943,0.01568444077027022,0.006314867862810237,221,0.39491238002770435,0.7200947068620209,0.7310662824116347,0.7248323142515347,0.6596375705160318,0.5437324720109092,0.5897004178320284,0.6566595310769061,0.8037148817842152,0.5193770449113432,0.6343727601684329,0.11639121678981691,246,0.10039906047208262,0.09567310007657973,0.08610015722985084,0.08137776706448219,0.1167155374947946,0.12391524266812108,0.10626732391805828,0.09377875005366894,0.06260099078490768,0.07412847004973727,0.09409563998122832,0.0179098104576124,376
761,0.046210646629333496,0.002522436150886095,0.0053009033203125,0.00045904695174724,"XGBRegressor(base_score=None, booster=None, callbacks=None,
             colsample_bylevel=None, colsample_bynode=None,
             colsample_bytree=None, device=None, early_stopping_rounds=None,
             enable_categorical=False, eval_metric=None, feature_types=None,
             gamma=None, grow_policy=None, importance_type=None,
             interaction_constraints=None, learning_rate=None, max_bin=None,
             max_cat_threshold=None, max_cat_to_onehot=None,
             max_delta_step=None, max_depth=None, max_leaves=None,
             min_child_weight=None, missing=nan, monotone_constraints=None,
             multi_strategy=None, n_estimators=None, n_jobs=None,
             num_parallel_tree=None, random_state=None, ...)",,,0,,,,,0.7,6,6,10,42,,,,,,"{'estimator': XGBRegressor(base_score=None, booster=None, callbacks=None,
             colsample_bylevel=None, colsample_bynode=None,
             colsample_bytree=None, device=None, early_stopping_rounds=None,
             enable_categorical=False, eval_metric=None, feature_types=None,
             gamma=None, grow_policy=None, importance_type=None,
             interaction_constraints=None, learning_rate=None, max_bin=None,
             max_cat_threshold=None, max_cat_to_onehot=None,
             max_delta_step=None, max_depth=None, max_leaves=None,
             min_child_weight=None, missing=nan, monotone_constraints=None,
             multi_strategy=None, n_estimators=None, n_jobs=None,
             num_parallel_tree=None, random_state=None, ...), 'estimator__eta': 0.7, 'estimator__gamma': 0, 'estimator__max_delta_step': 6, 'estimator__max_depth': 6, 'estimator__min_child_weight': 10, 'estimator__random_state': 42}",0.013638084999310629,0.015619718653842922,0.007880065209314314,0.011245334725905798,0.01688754313343963,0.03715068062107543,0.021272656851656847,0.02161182155252318,0.013117259545206641,0.0032684006306309844,0.01616915659229064,0.008785292196120665,286,0.576105581362645,0.6657075451906007,0.7860073952012124,0.7151692304172644,0.7168643415735323,0.37809313736517136,0.6228551394045179,0.5334788682532159,0.6188736760221516,0.8455502584245056,0.6458705173214817,0.12657352696708937,186,0.08777145068111865,0.10003994975603811,0.07411774905785454,0.07746560626282578,0.1015433630830154,0.13290962823520902,0.08935230093012851,0.10577075044149056,0.09801518942207478,0.05188459145508154,0.09188705793248368,0.02054303582300725,260
762,0.047610902786254884,0.003383385570071105,0.00510110855102539,0.000299962509043928,"XGBRegressor(base_score=None, booster=None, callbacks=None,
             colsample_bylevel=None, colsample_bynode=None,
             colsample_bytree=None, device=None, early_stopping_rounds=None,
             enable_categorical=False, eval_metric=None, feature_types=None,
             gamma=None, grow_policy=None, importance_type=None,
             interaction_constraints=None, learning_rate=None, max_bin=None,
             max_cat_threshold=None, max_cat_to_onehot=None,
             max_delta_step=None, max_depth=None, max_leaves=None,
             min_child_weight=None, missing=nan, monotone_constraints=None,
             multi_strategy=None, n_estimators=None, n_jobs=None,
             num_parallel_tree=None, random_state=None, ...)",,,0,,,,,0.7,6,9,0,42,,,,,,"{'estimator': XGBRegressor(base_score=None, booster=None, callbacks=None,
             colsample_bylevel=None, colsample_bynode=None,
             colsample_bytree=None, device=None, early_stopping_rounds=None,
             enable_categorical=False, eval_metric=None, feature_types=None,
             gamma=None, grow_policy=None, importance_type=None,
             interaction_constraints=None, learning_rate=None, max_bin=None,
             max_cat_threshold=None, max_cat_to_onehot=None,
             max_delta_step=None, max_depth=None, max_leaves=None,
             min_child_weight=None, missing=nan, monotone_constraints=None,
             multi_strategy=None, n_estimators=None, n_jobs=None,
             num_parallel_tree=None, random_state=None, ...), 'estimator__eta': 0.7, 'estimator__gamma': 0, 'estimator__max_delta_step': 6, 'estimator__max_depth': 9, 'estimator__min_child_weight': 0, 'estimator__random_state': 42}",0.014967098954281811,0.01564186312545847,0.01659113445370363,0.01025734909904143,0.02014965557424275,0.028658834741146715,0.023787999050463204,0.016324007930941645,0.007448762690815731,0.007819687723098219,0.01616463933431936,0.00642274382178822,277,0.5347976119643081,0.6652336102919719,0.5494478809492128,0.7401937150853979,0.6621719362609401,0.5202476589210698,0.5782604096754539,0.6476236565215732,0.7835737310259021,0.6304771401906066,0.6312027350886437,0.08281004881538724,263,0.08865398787795828,0.09450872291600737,0.10373618483212028,0.07619611163218729,0.11583503319403862,0.1293261970243146,0.10363775613451534,0.0951816275257864,0.05945421700071242,0.07213336764454431,0.09386632057821849,0.01982670893048322,368
763,0.045010161399841306,0.002145272688173788,0.0051009893417358395,0.00030032025030269255,"XGBRegressor(base_score=None, booster=None, callbacks=None,
             colsample_bylevel=None, colsample_bynode=None,
             colsample_bytree=None, device=None, early_stopping_rounds=None,
             enable_categorical=False, eval_metric=None, feature_types=None,
             gamma=None, grow_policy=None, importance_type=None,
             interaction_constraints=None, learning_rate=None, max_bin=None,
             max_cat_threshold=None, max_cat_to_onehot=None,
             max_delta_step=None, max_depth=None, max_leaves=None,
             min_child_weight=None, missing=nan, monotone_constraints=None,
             multi_strategy=None, n_estimators=None, n_jobs=None,
             num_parallel_tree=None, random_state=None, ...)",,,0,,,,,0.7,6,9,1,42,,,,,,"{'estimator': XGBRegressor(base_score=None, booster=None, callbacks=None,
             colsample_bylevel=None, colsample_bynode=None,
             colsample_bytree=None, device=None, early_stopping_rounds=None,
             enable_categorical=False, eval_metric=None, feature_types=None,
             gamma=None, grow_policy=None, importance_type=None,
             interaction_constraints=None, learning_rate=None, max_bin=None,
             max_cat_threshold=None, max_cat_to_onehot=None,
             max_delta_step=None, max_depth=None, max_leaves=None,
             min_child_weight=None, missing=nan, monotone_constraints=None,
             multi_strategy=None, n_estimators=None, n_jobs=None,
             num_parallel_tree=None, random_state=None, ...), 'estimator__eta': 0.7, 'estimator__gamma': 0, 'estimator__max_delta_step': 6, 'estimator__max_depth': 9, 'estimator__min_child_weight': 1, 'estimator__random_state': 42}",0.014967098954281811,0.01564186312545847,0.01659113445370363,0.01025734909904143,0.02014965557424275,0.028658834741146715,0.023787999050463204,0.016324007930941645,0.007448762690815731,0.007819687723098219,0.01616463933431936,0.00642274382178822,277,0.5347976119643081,0.6652336102919719,0.5494478809492128,0.7401937150853979,0.6621719362609401,0.5202476589210698,0.5782604096754539,0.6476236565215732,0.7835737310259021,0.6304771401906066,0.6312027350886437,0.08281004881538724,263,0.08865398787795828,0.09450872291600737,0.10373618483212028,0.07619611163218729,0.11583503319403862,0.1293261970243146,0.10363775613451534,0.0951816275257864,0.05945421700071242,0.07213336764454431,0.09386632057821849,0.01982670893048322,368
764,0.05031142234802246,0.0041973467019247035,0.005301094055175782,0.00045840131040154316,"XGBRegressor(base_score=None, booster=None, callbacks=None,
             colsample_bylevel=None, colsample_bynode=None,
             colsample_bytree=None, device=None, early_stopping_rounds=None,
             enable_categorical=False, eval_metric=None, feature_types=None,
             gamma=None, grow_policy=None, importance_type=None,
             interaction_constraints=None, learning_rate=None, max_bin=None,
             max_cat_threshold=None, max_cat_to_onehot=None,
             max_delta_step=None, max_depth=None, max_leaves=None,
             min_child_weight=None, missing=nan, monotone_constraints=None,
             multi_strategy=None, n_estimators=None, n_jobs=None,
             num_parallel_tree=None, random_state=None, ...)",,,0,,,,,0.7,6,9,10,42,,,,,,"{'estimator': XGBRegressor(base_score=None, booster=None, callbacks=None,
             colsample_bylevel=None, colsample_bynode=None,
             colsample_bytree=None, device=None, early_stopping_rounds=None,
             enable_categorical=False, eval_metric=None, feature_types=None,
             gamma=None, grow_policy=None, importance_type=None,
             interaction_constraints=None, learning_rate=None, max_bin=None,
             max_cat_threshold=None, max_cat_to_onehot=None,
             max_delta_step=None, max_depth=None, max_leaves=None,
             min_child_weight=None, missing=nan, monotone_constraints=None,
             multi_strategy=None, n_estimators=None, n_jobs=None,
             num_parallel_tree=None, random_state=None, ...), 'estimator__eta': 0.7, 'estimator__gamma': 0, 'estimator__max_delta_step': 6, 'estimator__max_depth': 9, 'estimator__min_child_weight': 10, 'estimator__random_state': 42}",0.012159670252556869,0.015415064983812104,0.007662097086016553,0.012196912370243684,0.017705072332873495,0.031688177340287504,0.024885149078743462,0.017795656290707562,0.014568380442037999,0.0043160711285900825,0.015839225130586936,0.007540398268632305,228,0.6220571764444879,0.6700875330288274,0.7919265805415137,0.6910669160477244,0.7031576900887331,0.46953609939693774,0.558808937423841,0.6158560863210345,0.5767108773712036,0.7960421179139546,0.6495250014578258,0.09725526816845716,174,0.07765984763945087,0.09324057935187786,0.07270093360215381,0.08601920873948052,0.09383961882146964,0.12589246204152493,0.09174244983456256,0.09239154731138255,0.10280113440515753,0.058564871571368575,0.0894852653318429,0.017143625841043005,184
765,0.02860696315765381,0.0004899407482167525,0.0050007343292236325,5.955694197080992e-07,"XGBRegressor(base_score=None, booster=None, callbacks=None,
             colsample_bylevel=None, colsample_bynode=None,
             colsample_bytree=None, device=None, early_stopping_rounds=None,
             enable_categorical=False, eval_metric=None, feature_types=None,
             gamma=None, grow_policy=None, importance_type=None,
             interaction_constraints=None, learning_rate=None, max_bin=None,
             max_cat_threshold=None, max_cat_to_onehot=None,
             max_delta_step=None, max_depth=None, max_leaves=None,
             min_child_weight=None, missing=nan, monotone_constraints=None,
             multi_strategy=None, n_estimators=None, n_jobs=None,
             num_parallel_tree=None, random_state=None, ...)",,,10,,,,,0.7,0,3,0,42,,,,,,"{'estimator': XGBRegressor(base_score=None, booster=None, callbacks=None,
             colsample_bylevel=None, colsample_bynode=None,
             colsample_bytree=None, device=None, early_stopping_rounds=None,
             enable_categorical=False, eval_metric=None, feature_types=None,
             gamma=None, grow_policy=None, importance_type=None,
             interaction_constraints=None, learning_rate=None, max_bin=None,
             max_cat_threshold=None, max_cat_to_onehot=None,
             max_delta_step=None, max_depth=None, max_leaves=None,
             min_child_weight=None, missing=nan, monotone_constraints=None,
             multi_strategy=None, n_estimators=None, n_jobs=None,
             num_parallel_tree=None, random_state=None, ...), 'estimator__eta': 0.7, 'estimator__gamma': 10, 'estimator__max_delta_step': 0, 'estimator__max_depth': 3, 'estimator__min_child_weight': 0, 'estimator__random_state': 42}",0.03599063436210516,0.05799454693120446,0.037869750305241666,0.04029670713212541,0.06181477486725849,0.06275382538843341,0.0585904735445141,0.04645832659715925,0.03450532229957629,0.02795477719537449,0.04642291386229928,0.012199106700667508,589,0.11864891809116473,0.24119645742924045,0.028398407327837605,0.02066700403787869,0.03638325860846092,0.05050658596856494,0.03875581368426939,0.0028673913716468213,0.0025635766667464477,0.32101556741915505,0.0861002980604965,0.10382520714439339,606,0.16735711752593546,0.20491798351024226,0.17227371208473763,0.17249387732608762,0.22654835006323465,0.1898865125617788,0.19731434715480983,0.1877474386673681,0.17047527330852666,0.14259692533902762,0.18316115375417485,0.022160479939809095,631
766,0.028806638717651368,0.0004000432123701013,0.004900813102722168,0.0003002882950265091,"XGBRegressor(base_score=None, booster=None, callbacks=None,
             colsample_bylevel=None, colsample_bynode=None,
             colsample_bytree=None, device=None, early_stopping_rounds=None,
             enable_categorical=False, eval_metric=None, feature_types=None,
             gamma=None, grow_policy=None, importance_type=None,
             interaction_constraints=None, learning_rate=None, max_bin=None,
             max_cat_threshold=None, max_cat_to_onehot=None,
             max_delta_step=None, max_depth=None, max_leaves=None,
             min_child_weight=None, missing=nan, monotone_constraints=None,
             multi_strategy=None, n_estimators=None, n_jobs=None,
             num_parallel_tree=None, random_state=None, ...)",,,10,,,,,0.7,0,3,1,42,,,,,,"{'estimator': XGBRegressor(base_score=None, booster=None, callbacks=None,
             colsample_bylevel=None, colsample_bynode=None,
             colsample_bytree=None, device=None, early_stopping_rounds=None,
             enable_categorical=False, eval_metric=None, feature_types=None,
             gamma=None, grow_policy=None, importance_type=None,
             interaction_constraints=None, learning_rate=None, max_bin=None,
             max_cat_threshold=None, max_cat_to_onehot=None,
             max_delta_step=None, max_depth=None, max_leaves=None,
             min_child_weight=None, missing=nan, monotone_constraints=None,
             multi_strategy=None, n_estimators=None, n_jobs=None,
             num_parallel_tree=None, random_state=None, ...), 'estimator__eta': 0.7, 'estimator__gamma': 10, 'estimator__max_delta_step': 0, 'estimator__max_depth': 3, 'estimator__min_child_weight': 1, 'estimator__random_state': 42}",0.03599063436210516,0.05799454693120446,0.037869750305241666,0.04029670713212541,0.06181477486725849,0.06275382538843341,0.0585904735445141,0.04645832659715925,0.03450532229957629,0.02795477719537449,0.04642291386229928,0.012199106700667508,589,0.11864891809116473,0.24119645742924045,0.028398407327837605,0.02066700403787869,0.03638325860846092,0.05050658596856494,0.03875581368426939,0.0028673913716468213,0.0025635766667464477,0.32101556741915505,0.0861002980604965,0.10382520714439339,606,0.16735711752593546,0.20491798351024226,0.17227371208473763,0.17249387732608762,0.22654835006323465,0.1898865125617788,0.19731434715480983,0.1877474386673681,0.17047527330852666,0.14259692533902762,0.18316115375417485,0.022160479939809095,631
767,0.02850642204284668,0.0006709139670604822,0.005101346969604492,0.00030004231656214253,"XGBRegressor(base_score=None, booster=None, callbacks=None,
             colsample_bylevel=None, colsample_bynode=None,
             colsample_bytree=None, device=None, early_stopping_rounds=None,
             enable_categorical=False, eval_metric=None, feature_types=None,
             gamma=None, grow_policy=None, importance_type=None,
             interaction_constraints=None, learning_rate=None, max_bin=None,
             max_cat_threshold=None, max_cat_to_onehot=None,
             max_delta_step=None, max_depth=None, max_leaves=None,
             min_child_weight=None, missing=nan, monotone_constraints=None,
             multi_strategy=None, n_estimators=None, n_jobs=None,
             num_parallel_tree=None, random_state=None, ...)",,,10,,,,,0.7,0,3,10,42,,,,,,"{'estimator': XGBRegressor(base_score=None, booster=None, callbacks=None,
             colsample_bylevel=None, colsample_bynode=None,
             colsample_bytree=None, device=None, early_stopping_rounds=None,
             enable_categorical=False, eval_metric=None, feature_types=None,
             gamma=None, grow_policy=None, importance_type=None,
             interaction_constraints=None, learning_rate=None, max_bin=None,
             max_cat_threshold=None, max_cat_to_onehot=None,
             max_delta_step=None, max_depth=None, max_leaves=None,
             min_child_weight=None, missing=nan, monotone_constraints=None,
             multi_strategy=None, n_estimators=None, n_jobs=None,
             num_parallel_tree=None, random_state=None, ...), 'estimator__eta': 0.7, 'estimator__gamma': 10, 'estimator__max_delta_step': 0, 'estimator__max_depth': 3, 'estimator__min_child_weight': 10, 'estimator__random_state': 42}",0.03599063436210516,0.05799454693120446,0.037869750305241666,0.04029670713212541,0.06181477486725849,0.06275382538843341,0.0585904735445141,0.04645832659715925,0.03450532229957629,0.02795477719537449,0.04642291386229928,0.012199106700667508,589,0.11864891809116473,0.24119645742924045,0.028398407327837605,0.02066700403787869,0.03638325860846092,0.05050658596856494,0.03875581368426939,0.0028673913716468213,0.0025635766667464477,0.32101556741915505,0.0861002980604965,0.10382520714439339,606,0.16735711752593546,0.20491798351024226,0.17227371208473763,0.17249387732608762,0.22654835006323465,0.1898865125617788,0.19731434715480983,0.1877474386673681,0.17047527330852666,0.14259692533902762,0.18316115375417485,0.022160479939809095,631
768,0.029357290267944335,0.0011419782907735889,0.0050011157989501955,4.862803948967728e-07,"XGBRegressor(base_score=None, booster=None, callbacks=None,
             colsample_bylevel=None, colsample_bynode=None,
             colsample_bytree=None, device=None, early_stopping_rounds=None,
             enable_categorical=False, eval_metric=None, feature_types=None,
             gamma=None, grow_policy=None, importance_type=None,
             interaction_constraints=None, learning_rate=None, max_bin=None,
             max_cat_threshold=None, max_cat_to_onehot=None,
             max_delta_step=None, max_depth=None, max_leaves=None,
             min_child_weight=None, missing=nan, monotone_constraints=None,
             multi_strategy=None, n_estimators=None, n_jobs=None,
             num_parallel_tree=None, random_state=None, ...)",,,10,,,,,0.7,0,6,0,42,,,,,,"{'estimator': XGBRegressor(base_score=None, booster=None, callbacks=None,
             colsample_bylevel=None, colsample_bynode=None,
             colsample_bytree=None, device=None, early_stopping_rounds=None,
             enable_categorical=False, eval_metric=None, feature_types=None,
             gamma=None, grow_policy=None, importance_type=None,
             interaction_constraints=None, learning_rate=None, max_bin=None,
             max_cat_threshold=None, max_cat_to_onehot=None,
             max_delta_step=None, max_depth=None, max_leaves=None,
             min_child_weight=None, missing=nan, monotone_constraints=None,
             multi_strategy=None, n_estimators=None, n_jobs=None,
             num_parallel_tree=None, random_state=None, ...), 'estimator__eta': 0.7, 'estimator__gamma': 10, 'estimator__max_delta_step': 0, 'estimator__max_depth': 6, 'estimator__min_child_weight': 0, 'estimator__random_state': 42}",0.03599063436210516,0.05799454693120446,0.037869750305241666,0.04029670713212541,0.06181477486725849,0.06275382538843341,0.0585904735445141,0.04645832659715925,0.03450532229957629,0.02795477719537449,0.04642291386229928,0.012199106700667508,589,0.11864891809116473,0.24119645742924045,0.028398407327837605,0.02066700403787869,0.03638325860846092,0.05050658596856494,0.03875581368426939,0.0028673913716468213,0.0025635766667464477,0.32101556741915505,0.0861002980604965,0.10382520714439339,606,0.16735711752593546,0.20491798351024226,0.17227371208473763,0.17249387732608762,0.22654835006323465,0.1898865125617788,0.19731434715480983,0.1877474386673681,0.17047527330852666,0.14259692533902762,0.18316115375417485,0.022160479939809095,631
769,0.029206728935241698,0.0007487169637003953,0.005000996589660645,0.00044766106357746347,"XGBRegressor(base_score=None, booster=None, callbacks=None,
             colsample_bylevel=None, colsample_bynode=None,
             colsample_bytree=None, device=None, early_stopping_rounds=None,
             enable_categorical=False, eval_metric=None, feature_types=None,
             gamma=None, grow_policy=None, importance_type=None,
             interaction_constraints=None, learning_rate=None, max_bin=None,
             max_cat_threshold=None, max_cat_to_onehot=None,
             max_delta_step=None, max_depth=None, max_leaves=None,
             min_child_weight=None, missing=nan, monotone_constraints=None,
             multi_strategy=None, n_estimators=None, n_jobs=None,
             num_parallel_tree=None, random_state=None, ...)",,,10,,,,,0.7,0,6,1,42,,,,,,"{'estimator': XGBRegressor(base_score=None, booster=None, callbacks=None,
             colsample_bylevel=None, colsample_bynode=None,
             colsample_bytree=None, device=None, early_stopping_rounds=None,
             enable_categorical=False, eval_metric=None, feature_types=None,
             gamma=None, grow_policy=None, importance_type=None,
             interaction_constraints=None, learning_rate=None, max_bin=None,
             max_cat_threshold=None, max_cat_to_onehot=None,
             max_delta_step=None, max_depth=None, max_leaves=None,
             min_child_weight=None, missing=nan, monotone_constraints=None,
             multi_strategy=None, n_estimators=None, n_jobs=None,
             num_parallel_tree=None, random_state=None, ...), 'estimator__eta': 0.7, 'estimator__gamma': 10, 'estimator__max_delta_step': 0, 'estimator__max_depth': 6, 'estimator__min_child_weight': 1, 'estimator__random_state': 42}",0.03599063436210516,0.05799454693120446,0.037869750305241666,0.04029670713212541,0.06181477486725849,0.06275382538843341,0.0585904735445141,0.04645832659715925,0.03450532229957629,0.02795477719537449,0.04642291386229928,0.012199106700667508,589,0.11864891809116473,0.24119645742924045,0.028398407327837605,0.02066700403787869,0.03638325860846092,0.05050658596856494,0.03875581368426939,0.0028673913716468213,0.0025635766667464477,0.32101556741915505,0.0861002980604965,0.10382520714439339,606,0.16735711752593546,0.20491798351024226,0.17227371208473763,0.17249387732608762,0.22654835006323465,0.1898865125617788,0.19731434715480983,0.1877474386673681,0.17047527330852666,0.14259692533902762,0.18316115375417485,0.022160479939809095,631
770,0.028906631469726562,0.0011359221338173003,0.005200672149658203,0.000400102475052834,"XGBRegressor(base_score=None, booster=None, callbacks=None,
             colsample_bylevel=None, colsample_bynode=None,
             colsample_bytree=None, device=None, early_stopping_rounds=None,
             enable_categorical=False, eval_metric=None, feature_types=None,
             gamma=None, grow_policy=None, importance_type=None,
             interaction_constraints=None, learning_rate=None, max_bin=None,
             max_cat_threshold=None, max_cat_to_onehot=None,
             max_delta_step=None, max_depth=None, max_leaves=None,
             min_child_weight=None, missing=nan, monotone_constraints=None,
             multi_strategy=None, n_estimators=None, n_jobs=None,
             num_parallel_tree=None, random_state=None, ...)",,,10,,,,,0.7,0,6,10,42,,,,,,"{'estimator': XGBRegressor(base_score=None, booster=None, callbacks=None,
             colsample_bylevel=None, colsample_bynode=None,
             colsample_bytree=None, device=None, early_stopping_rounds=None,
             enable_categorical=False, eval_metric=None, feature_types=None,
             gamma=None, grow_policy=None, importance_type=None,
             interaction_constraints=None, learning_rate=None, max_bin=None,
             max_cat_threshold=None, max_cat_to_onehot=None,
             max_delta_step=None, max_depth=None, max_leaves=None,
             min_child_weight=None, missing=nan, monotone_constraints=None,
             multi_strategy=None, n_estimators=None, n_jobs=None,
             num_parallel_tree=None, random_state=None, ...), 'estimator__eta': 0.7, 'estimator__gamma': 10, 'estimator__max_delta_step': 0, 'estimator__max_depth': 6, 'estimator__min_child_weight': 10, 'estimator__random_state': 42}",0.03599063436210516,0.05799454693120446,0.037869750305241666,0.04029670713212541,0.06181477486725849,0.06275382538843341,0.0585904735445141,0.04645832659715925,0.03450532229957629,0.02795477719537449,0.04642291386229928,0.012199106700667508,589,0.11864891809116473,0.24119645742924045,0.028398407327837605,0.02066700403787869,0.03638325860846092,0.05050658596856494,0.03875581368426939,0.0028673913716468213,0.0025635766667464477,0.32101556741915505,0.0861002980604965,0.10382520714439339,606,0.16735711752593546,0.20491798351024226,0.17227371208473763,0.17249387732608762,0.22654835006323465,0.1898865125617788,0.19731434715480983,0.1877474386673681,0.17047527330852666,0.14259692533902762,0.18316115375417485,0.022160479939809095,631
771,0.028906655311584473,0.0007001774933323462,0.004901289939880371,0.00030013026687617715,"XGBRegressor(base_score=None, booster=None, callbacks=None,
             colsample_bylevel=None, colsample_bynode=None,
             colsample_bytree=None, device=None, early_stopping_rounds=None,
             enable_categorical=False, eval_metric=None, feature_types=None,
             gamma=None, grow_policy=None, importance_type=None,
             interaction_constraints=None, learning_rate=None, max_bin=None,
             max_cat_threshold=None, max_cat_to_onehot=None,
             max_delta_step=None, max_depth=None, max_leaves=None,
             min_child_weight=None, missing=nan, monotone_constraints=None,
             multi_strategy=None, n_estimators=None, n_jobs=None,
             num_parallel_tree=None, random_state=None, ...)",,,10,,,,,0.7,0,9,0,42,,,,,,"{'estimator': XGBRegressor(base_score=None, booster=None, callbacks=None,
             colsample_bylevel=None, colsample_bynode=None,
             colsample_bytree=None, device=None, early_stopping_rounds=None,
             enable_categorical=False, eval_metric=None, feature_types=None,
             gamma=None, grow_policy=None, importance_type=None,
             interaction_constraints=None, learning_rate=None, max_bin=None,
             max_cat_threshold=None, max_cat_to_onehot=None,
             max_delta_step=None, max_depth=None, max_leaves=None,
             min_child_weight=None, missing=nan, monotone_constraints=None,
             multi_strategy=None, n_estimators=None, n_jobs=None,
             num_parallel_tree=None, random_state=None, ...), 'estimator__eta': 0.7, 'estimator__gamma': 10, 'estimator__max_delta_step': 0, 'estimator__max_depth': 9, 'estimator__min_child_weight': 0, 'estimator__random_state': 42}",0.03599063436210516,0.05799454693120446,0.037869750305241666,0.04029670713212541,0.06181477486725849,0.06275382538843341,0.0585904735445141,0.04645832659715925,0.03450532229957629,0.02795477719537449,0.04642291386229928,0.012199106700667508,589,0.11864891809116473,0.24119645742924045,0.028398407327837605,0.02066700403787869,0.03638325860846092,0.05050658596856494,0.03875581368426939,0.0028673913716468213,0.0025635766667464477,0.32101556741915505,0.0861002980604965,0.10382520714439339,606,0.16735711752593546,0.20491798351024226,0.17227371208473763,0.17249387732608762,0.22654835006323465,0.1898865125617788,0.19731434715480983,0.1877474386673681,0.17047527330852666,0.14259692533902762,0.18316115375417485,0.022160479939809095,631
772,0.02830655574798584,0.0006400690701842535,0.004900813102722168,0.0002999708858515941,"XGBRegressor(base_score=None, booster=None, callbacks=None,
             colsample_bylevel=None, colsample_bynode=None,
             colsample_bytree=None, device=None, early_stopping_rounds=None,
             enable_categorical=False, eval_metric=None, feature_types=None,
             gamma=None, grow_policy=None, importance_type=None,
             interaction_constraints=None, learning_rate=None, max_bin=None,
             max_cat_threshold=None, max_cat_to_onehot=None,
             max_delta_step=None, max_depth=None, max_leaves=None,
             min_child_weight=None, missing=nan, monotone_constraints=None,
             multi_strategy=None, n_estimators=None, n_jobs=None,
             num_parallel_tree=None, random_state=None, ...)",,,10,,,,,0.7,0,9,1,42,,,,,,"{'estimator': XGBRegressor(base_score=None, booster=None, callbacks=None,
             colsample_bylevel=None, colsample_bynode=None,
             colsample_bytree=None, device=None, early_stopping_rounds=None,
             enable_categorical=False, eval_metric=None, feature_types=None,
             gamma=None, grow_policy=None, importance_type=None,
             interaction_constraints=None, learning_rate=None, max_bin=None,
             max_cat_threshold=None, max_cat_to_onehot=None,
             max_delta_step=None, max_depth=None, max_leaves=None,
             min_child_weight=None, missing=nan, monotone_constraints=None,
             multi_strategy=None, n_estimators=None, n_jobs=None,
             num_parallel_tree=None, random_state=None, ...), 'estimator__eta': 0.7, 'estimator__gamma': 10, 'estimator__max_delta_step': 0, 'estimator__max_depth': 9, 'estimator__min_child_weight': 1, 'estimator__random_state': 42}",0.03599063436210516,0.05799454693120446,0.037869750305241666,0.04029670713212541,0.06181477486725849,0.06275382538843341,0.0585904735445141,0.04645832659715925,0.03450532229957629,0.02795477719537449,0.04642291386229928,0.012199106700667508,589,0.11864891809116473,0.24119645742924045,0.028398407327837605,0.02066700403787869,0.03638325860846092,0.05050658596856494,0.03875581368426939,0.0028673913716468213,0.0025635766667464477,0.32101556741915505,0.0861002980604965,0.10382520714439339,606,0.16735711752593546,0.20491798351024226,0.17227371208473763,0.17249387732608762,0.22654835006323465,0.1898865125617788,0.19731434715480983,0.1877474386673681,0.17047527330852666,0.14259692533902762,0.18316115375417485,0.022160479939809095,631
773,0.02900683879852295,0.0006326359454913055,0.005000972747802734,0.00044718148941294154,"XGBRegressor(base_score=None, booster=None, callbacks=None,
             colsample_bylevel=None, colsample_bynode=None,
             colsample_bytree=None, device=None, early_stopping_rounds=None,
             enable_categorical=False, eval_metric=None, feature_types=None,
             gamma=None, grow_policy=None, importance_type=None,
             interaction_constraints=None, learning_rate=None, max_bin=None,
             max_cat_threshold=None, max_cat_to_onehot=None,
             max_delta_step=None, max_depth=None, max_leaves=None,
             min_child_weight=None, missing=nan, monotone_constraints=None,
             multi_strategy=None, n_estimators=None, n_jobs=None,
             num_parallel_tree=None, random_state=None, ...)",,,10,,,,,0.7,0,9,10,42,,,,,,"{'estimator': XGBRegressor(base_score=None, booster=None, callbacks=None,
             colsample_bylevel=None, colsample_bynode=None,
             colsample_bytree=None, device=None, early_stopping_rounds=None,
             enable_categorical=False, eval_metric=None, feature_types=None,
             gamma=None, grow_policy=None, importance_type=None,
             interaction_constraints=None, learning_rate=None, max_bin=None,
             max_cat_threshold=None, max_cat_to_onehot=None,
             max_delta_step=None, max_depth=None, max_leaves=None,
             min_child_weight=None, missing=nan, monotone_constraints=None,
             multi_strategy=None, n_estimators=None, n_jobs=None,
             num_parallel_tree=None, random_state=None, ...), 'estimator__eta': 0.7, 'estimator__gamma': 10, 'estimator__max_delta_step': 0, 'estimator__max_depth': 9, 'estimator__min_child_weight': 10, 'estimator__random_state': 42}",0.03599063436210516,0.05799454693120446,0.037869750305241666,0.04029670713212541,0.06181477486725849,0.06275382538843341,0.0585904735445141,0.04645832659715925,0.03450532229957629,0.02795477719537449,0.04642291386229928,0.012199106700667508,589,0.11864891809116473,0.24119645742924045,0.028398407327837605,0.02066700403787869,0.03638325860846092,0.05050658596856494,0.03875581368426939,0.0028673913716468213,0.0025635766667464477,0.32101556741915505,0.0861002980604965,0.10382520714439339,606,0.16735711752593546,0.20491798351024226,0.17227371208473763,0.17249387732608762,0.22654835006323465,0.1898865125617788,0.19731434715480983,0.1877474386673681,0.17047527330852666,0.14259692533902762,0.18316115375417485,0.022160479939809095,631
774,0.028806447982788086,0.0005996626827358478,0.0049011468887329105,0.00030008181930235773,"XGBRegressor(base_score=None, booster=None, callbacks=None,
             colsample_bylevel=None, colsample_bynode=None,
             colsample_bytree=None, device=None, early_stopping_rounds=None,
             enable_categorical=False, eval_metric=None, feature_types=None,
             gamma=None, grow_policy=None, importance_type=None,
             interaction_constraints=None, learning_rate=None, max_bin=None,
             max_cat_threshold=None, max_cat_to_onehot=None,
             max_delta_step=None, max_depth=None, max_leaves=None,
             min_child_weight=None, missing=nan, monotone_constraints=None,
             multi_strategy=None, n_estimators=None, n_jobs=None,
             num_parallel_tree=None, random_state=None, ...)",,,10,,,,,0.7,3,3,0,42,,,,,,"{'estimator': XGBRegressor(base_score=None, booster=None, callbacks=None,
             colsample_bylevel=None, colsample_bynode=None,
             colsample_bytree=None, device=None, early_stopping_rounds=None,
             enable_categorical=False, eval_metric=None, feature_types=None,
             gamma=None, grow_policy=None, importance_type=None,
             interaction_constraints=None, learning_rate=None, max_bin=None,
             max_cat_threshold=None, max_cat_to_onehot=None,
             max_delta_step=None, max_depth=None, max_leaves=None,
             min_child_weight=None, missing=nan, monotone_constraints=None,
             multi_strategy=None, n_estimators=None, n_jobs=None,
             num_parallel_tree=None, random_state=None, ...), 'estimator__eta': 0.7, 'estimator__gamma': 10, 'estimator__max_delta_step': 3, 'estimator__max_depth': 3, 'estimator__min_child_weight': 0, 'estimator__random_state': 42}",0.03599063436210516,0.05799454693120446,0.037869750305241666,0.04029670713212541,0.06181477486725849,0.06275382538843341,0.0585904735445141,0.04645832659715925,0.03450532229957629,0.02795477719537449,0.04642291386229928,0.012199106700667508,589,0.11864891809116473,0.24119645742924045,0.028398407327837605,0.02066700403787869,0.03638325860846092,0.05050658596856494,0.03875581368426939,0.0028673913716468213,0.0025635766667464477,0.32101556741915505,0.0861002980604965,0.10382520714439339,606,0.16735711752593546,0.20491798351024226,0.17227371208473763,0.17249387732608762,0.22654835006323465,0.1898865125617788,0.19731434715480983,0.1877474386673681,0.17047527330852666,0.14259692533902762,0.18316115375417485,0.022160479939809095,631
775,0.029106760025024415,0.001044430128726176,0.004900908470153809,0.0007002661929263299,"XGBRegressor(base_score=None, booster=None, callbacks=None,
             colsample_bylevel=None, colsample_bynode=None,
             colsample_bytree=None, device=None, early_stopping_rounds=None,
             enable_categorical=False, eval_metric=None, feature_types=None,
             gamma=None, grow_policy=None, importance_type=None,
             interaction_constraints=None, learning_rate=None, max_bin=None,
             max_cat_threshold=None, max_cat_to_onehot=None,
             max_delta_step=None, max_depth=None, max_leaves=None,
             min_child_weight=None, missing=nan, monotone_constraints=None,
             multi_strategy=None, n_estimators=None, n_jobs=None,
             num_parallel_tree=None, random_state=None, ...)",,,10,,,,,0.7,3,3,1,42,,,,,,"{'estimator': XGBRegressor(base_score=None, booster=None, callbacks=None,
             colsample_bylevel=None, colsample_bynode=None,
             colsample_bytree=None, device=None, early_stopping_rounds=None,
             enable_categorical=False, eval_metric=None, feature_types=None,
             gamma=None, grow_policy=None, importance_type=None,
             interaction_constraints=None, learning_rate=None, max_bin=None,
             max_cat_threshold=None, max_cat_to_onehot=None,
             max_delta_step=None, max_depth=None, max_leaves=None,
             min_child_weight=None, missing=nan, monotone_constraints=None,
             multi_strategy=None, n_estimators=None, n_jobs=None,
             num_parallel_tree=None, random_state=None, ...), 'estimator__eta': 0.7, 'estimator__gamma': 10, 'estimator__max_delta_step': 3, 'estimator__max_depth': 3, 'estimator__min_child_weight': 1, 'estimator__random_state': 42}",0.03599063436210516,0.05799454693120446,0.037869750305241666,0.04029670713212541,0.06181477486725849,0.06275382538843341,0.0585904735445141,0.04645832659715925,0.03450532229957629,0.02795477719537449,0.04642291386229928,0.012199106700667508,589,0.11864891809116473,0.24119645742924045,0.028398407327837605,0.02066700403787869,0.03638325860846092,0.05050658596856494,0.03875581368426939,0.0028673913716468213,0.0025635766667464477,0.32101556741915505,0.0861002980604965,0.10382520714439339,606,0.16735711752593546,0.20491798351024226,0.17227371208473763,0.17249387732608762,0.22654835006323465,0.1898865125617788,0.19731434715480983,0.1877474386673681,0.17047527330852666,0.14259692533902762,0.18316115375417485,0.022160479939809095,631
776,0.029306745529174803,0.0007811028153408106,0.0048008918762207035,0.00040011411627545283,"XGBRegressor(base_score=None, booster=None, callbacks=None,
             colsample_bylevel=None, colsample_bynode=None,
             colsample_bytree=None, device=None, early_stopping_rounds=None,
             enable_categorical=False, eval_metric=None, feature_types=None,
             gamma=None, grow_policy=None, importance_type=None,
             interaction_constraints=None, learning_rate=None, max_bin=None,
             max_cat_threshold=None, max_cat_to_onehot=None,
             max_delta_step=None, max_depth=None, max_leaves=None,
             min_child_weight=None, missing=nan, monotone_constraints=None,
             multi_strategy=None, n_estimators=None, n_jobs=None,
             num_parallel_tree=None, random_state=None, ...)",,,10,,,,,0.7,3,3,10,42,,,,,,"{'estimator': XGBRegressor(base_score=None, booster=None, callbacks=None,
             colsample_bylevel=None, colsample_bynode=None,
             colsample_bytree=None, device=None, early_stopping_rounds=None,
             enable_categorical=False, eval_metric=None, feature_types=None,
             gamma=None, grow_policy=None, importance_type=None,
             interaction_constraints=None, learning_rate=None, max_bin=None,
             max_cat_threshold=None, max_cat_to_onehot=None,
             max_delta_step=None, max_depth=None, max_leaves=None,
             min_child_weight=None, missing=nan, monotone_constraints=None,
             multi_strategy=None, n_estimators=None, n_jobs=None,
             num_parallel_tree=None, random_state=None, ...), 'estimator__eta': 0.7, 'estimator__gamma': 10, 'estimator__max_delta_step': 3, 'estimator__max_depth': 3, 'estimator__min_child_weight': 10, 'estimator__random_state': 42}",0.03599063436210516,0.05799454693120446,0.037869750305241666,0.04029670713212541,0.06181477486725849,0.06275382538843341,0.0585904735445141,0.04645832659715925,0.03450532229957629,0.02795477719537449,0.04642291386229928,0.012199106700667508,589,0.11864891809116473,0.24119645742924045,0.028398407327837605,0.02066700403787869,0.03638325860846092,0.05050658596856494,0.03875581368426939,0.0028673913716468213,0.0025635766667464477,0.32101556741915505,0.0861002980604965,0.10382520714439339,606,0.16735711752593546,0.20491798351024226,0.17227371208473763,0.17249387732608762,0.22654835006323465,0.1898865125617788,0.19731434715480983,0.1877474386673681,0.17047527330852666,0.14259692533902762,0.18316115375417485,0.022160479939809095,631
777,0.02900667190551758,0.000775063853325252,0.00510096549987793,0.0003001690289631426,"XGBRegressor(base_score=None, booster=None, callbacks=None,
             colsample_bylevel=None, colsample_bynode=None,
             colsample_bytree=None, device=None, early_stopping_rounds=None,
             enable_categorical=False, eval_metric=None, feature_types=None,
             gamma=None, grow_policy=None, importance_type=None,
             interaction_constraints=None, learning_rate=None, max_bin=None,
             max_cat_threshold=None, max_cat_to_onehot=None,
             max_delta_step=None, max_depth=None, max_leaves=None,
             min_child_weight=None, missing=nan, monotone_constraints=None,
             multi_strategy=None, n_estimators=None, n_jobs=None,
             num_parallel_tree=None, random_state=None, ...)",,,10,,,,,0.7,3,6,0,42,,,,,,"{'estimator': XGBRegressor(base_score=None, booster=None, callbacks=None,
             colsample_bylevel=None, colsample_bynode=None,
             colsample_bytree=None, device=None, early_stopping_rounds=None,
             enable_categorical=False, eval_metric=None, feature_types=None,
             gamma=None, grow_policy=None, importance_type=None,
             interaction_constraints=None, learning_rate=None, max_bin=None,
             max_cat_threshold=None, max_cat_to_onehot=None,
             max_delta_step=None, max_depth=None, max_leaves=None,
             min_child_weight=None, missing=nan, monotone_constraints=None,
             multi_strategy=None, n_estimators=None, n_jobs=None,
             num_parallel_tree=None, random_state=None, ...), 'estimator__eta': 0.7, 'estimator__gamma': 10, 'estimator__max_delta_step': 3, 'estimator__max_depth': 6, 'estimator__min_child_weight': 0, 'estimator__random_state': 42}",0.03599063436210516,0.05799454693120446,0.037869750305241666,0.04029670713212541,0.06181477486725849,0.06275382538843341,0.0585904735445141,0.04645832659715925,0.03450532229957629,0.02795477719537449,0.04642291386229928,0.012199106700667508,589,0.11864891809116473,0.24119645742924045,0.028398407327837605,0.02066700403787869,0.03638325860846092,0.05050658596856494,0.03875581368426939,0.0028673913716468213,0.0025635766667464477,0.32101556741915505,0.0861002980604965,0.10382520714439339,606,0.16735711752593546,0.20491798351024226,0.17227371208473763,0.17249387732608762,0.22654835006323465,0.1898865125617788,0.19731434715480983,0.1877474386673681,0.17047527330852666,0.14259692533902762,0.18316115375417485,0.022160479939809095,631
778,0.029206562042236327,0.000980021840475588,0.00510101318359375,0.0005385749557051335,"XGBRegressor(base_score=None, booster=None, callbacks=None,
             colsample_bylevel=None, colsample_bynode=None,
             colsample_bytree=None, device=None, early_stopping_rounds=None,
             enable_categorical=False, eval_metric=None, feature_types=None,
             gamma=None, grow_policy=None, importance_type=None,
             interaction_constraints=None, learning_rate=None, max_bin=None,
             max_cat_threshold=None, max_cat_to_onehot=None,
             max_delta_step=None, max_depth=None, max_leaves=None,
             min_child_weight=None, missing=nan, monotone_constraints=None,
             multi_strategy=None, n_estimators=None, n_jobs=None,
             num_parallel_tree=None, random_state=None, ...)",,,10,,,,,0.7,3,6,1,42,,,,,,"{'estimator': XGBRegressor(base_score=None, booster=None, callbacks=None,
             colsample_bylevel=None, colsample_bynode=None,
             colsample_bytree=None, device=None, early_stopping_rounds=None,
             enable_categorical=False, eval_metric=None, feature_types=None,
             gamma=None, grow_policy=None, importance_type=None,
             interaction_constraints=None, learning_rate=None, max_bin=None,
             max_cat_threshold=None, max_cat_to_onehot=None,
             max_delta_step=None, max_depth=None, max_leaves=None,
             min_child_weight=None, missing=nan, monotone_constraints=None,
             multi_strategy=None, n_estimators=None, n_jobs=None,
             num_parallel_tree=None, random_state=None, ...), 'estimator__eta': 0.7, 'estimator__gamma': 10, 'estimator__max_delta_step': 3, 'estimator__max_depth': 6, 'estimator__min_child_weight': 1, 'estimator__random_state': 42}",0.03599063436210516,0.05799454693120446,0.037869750305241666,0.04029670713212541,0.06181477486725849,0.06275382538843341,0.0585904735445141,0.04645832659715925,0.03450532229957629,0.02795477719537449,0.04642291386229928,0.012199106700667508,589,0.11864891809116473,0.24119645742924045,0.028398407327837605,0.02066700403787869,0.03638325860846092,0.05050658596856494,0.03875581368426939,0.0028673913716468213,0.0025635766667464477,0.32101556741915505,0.0861002980604965,0.10382520714439339,606,0.16735711752593546,0.20491798351024226,0.17227371208473763,0.17249387732608762,0.22654835006323465,0.1898865125617788,0.19731434715480983,0.1877474386673681,0.17047527330852666,0.14259692533902762,0.18316115375417485,0.022160479939809095,631
779,0.02910635471343994,0.001300373662807853,0.0051013708114624025,0.0005389955141070132,"XGBRegressor(base_score=None, booster=None, callbacks=None,
             colsample_bylevel=None, colsample_bynode=None,
             colsample_bytree=None, device=None, early_stopping_rounds=None,
             enable_categorical=False, eval_metric=None, feature_types=None,
             gamma=None, grow_policy=None, importance_type=None,
             interaction_constraints=None, learning_rate=None, max_bin=None,
             max_cat_threshold=None, max_cat_to_onehot=None,
             max_delta_step=None, max_depth=None, max_leaves=None,
             min_child_weight=None, missing=nan, monotone_constraints=None,
             multi_strategy=None, n_estimators=None, n_jobs=None,
             num_parallel_tree=None, random_state=None, ...)",,,10,,,,,0.7,3,6,10,42,,,,,,"{'estimator': XGBRegressor(base_score=None, booster=None, callbacks=None,
             colsample_bylevel=None, colsample_bynode=None,
             colsample_bytree=None, device=None, early_stopping_rounds=None,
             enable_categorical=False, eval_metric=None, feature_types=None,
             gamma=None, grow_policy=None, importance_type=None,
             interaction_constraints=None, learning_rate=None, max_bin=None,
             max_cat_threshold=None, max_cat_to_onehot=None,
             max_delta_step=None, max_depth=None, max_leaves=None,
             min_child_weight=None, missing=nan, monotone_constraints=None,
             multi_strategy=None, n_estimators=None, n_jobs=None,
             num_parallel_tree=None, random_state=None, ...), 'estimator__eta': 0.7, 'estimator__gamma': 10, 'estimator__max_delta_step': 3, 'estimator__max_depth': 6, 'estimator__min_child_weight': 10, 'estimator__random_state': 42}",0.03599063436210516,0.05799454693120446,0.037869750305241666,0.04029670713212541,0.06181477486725849,0.06275382538843341,0.0585904735445141,0.04645832659715925,0.03450532229957629,0.02795477719537449,0.04642291386229928,0.012199106700667508,589,0.11864891809116473,0.24119645742924045,0.028398407327837605,0.02066700403787869,0.03638325860846092,0.05050658596856494,0.03875581368426939,0.0028673913716468213,0.0025635766667464477,0.32101556741915505,0.0861002980604965,0.10382520714439339,606,0.16735711752593546,0.20491798351024226,0.17227371208473763,0.17249387732608762,0.22654835006323465,0.1898865125617788,0.19731434715480983,0.1877474386673681,0.17047527330852666,0.14259692533902762,0.18316115375417485,0.022160479939809095,631
780,0.02830662727355957,0.0006404076345033071,0.0049007654190063475,0.00030003412931079164,"XGBRegressor(base_score=None, booster=None, callbacks=None,
             colsample_bylevel=None, colsample_bynode=None,
             colsample_bytree=None, device=None, early_stopping_rounds=None,
             enable_categorical=False, eval_metric=None, feature_types=None,
             gamma=None, grow_policy=None, importance_type=None,
             interaction_constraints=None, learning_rate=None, max_bin=None,
             max_cat_threshold=None, max_cat_to_onehot=None,
             max_delta_step=None, max_depth=None, max_leaves=None,
             min_child_weight=None, missing=nan, monotone_constraints=None,
             multi_strategy=None, n_estimators=None, n_jobs=None,
             num_parallel_tree=None, random_state=None, ...)",,,10,,,,,0.7,3,9,0,42,,,,,,"{'estimator': XGBRegressor(base_score=None, booster=None, callbacks=None,
             colsample_bylevel=None, colsample_bynode=None,
             colsample_bytree=None, device=None, early_stopping_rounds=None,
             enable_categorical=False, eval_metric=None, feature_types=None,
             gamma=None, grow_policy=None, importance_type=None,
             interaction_constraints=None, learning_rate=None, max_bin=None,
             max_cat_threshold=None, max_cat_to_onehot=None,
             max_delta_step=None, max_depth=None, max_leaves=None,
             min_child_weight=None, missing=nan, monotone_constraints=None,
             multi_strategy=None, n_estimators=None, n_jobs=None,
             num_parallel_tree=None, random_state=None, ...), 'estimator__eta': 0.7, 'estimator__gamma': 10, 'estimator__max_delta_step': 3, 'estimator__max_depth': 9, 'estimator__min_child_weight': 0, 'estimator__random_state': 42}",0.03599063436210516,0.05799454693120446,0.037869750305241666,0.04029670713212541,0.06181477486725849,0.06275382538843341,0.0585904735445141,0.04645832659715925,0.03450532229957629,0.02795477719537449,0.04642291386229928,0.012199106700667508,589,0.11864891809116473,0.24119645742924045,0.028398407327837605,0.02066700403787869,0.03638325860846092,0.05050658596856494,0.03875581368426939,0.0028673913716468213,0.0025635766667464477,0.32101556741915505,0.0861002980604965,0.10382520714439339,606,0.16735711752593546,0.20491798351024226,0.17227371208473763,0.17249387732608762,0.22654835006323465,0.1898865125617788,0.19731434715480983,0.1877474386673681,0.17047527330852666,0.14259692533902762,0.18316115375417485,0.022160479939809095,631
781,0.02900683879852295,0.0007749100100690236,0.004900741577148438,0.0003002646992805514,"XGBRegressor(base_score=None, booster=None, callbacks=None,
             colsample_bylevel=None, colsample_bynode=None,
             colsample_bytree=None, device=None, early_stopping_rounds=None,
             enable_categorical=False, eval_metric=None, feature_types=None,
             gamma=None, grow_policy=None, importance_type=None,
             interaction_constraints=None, learning_rate=None, max_bin=None,
             max_cat_threshold=None, max_cat_to_onehot=None,
             max_delta_step=None, max_depth=None, max_leaves=None,
             min_child_weight=None, missing=nan, monotone_constraints=None,
             multi_strategy=None, n_estimators=None, n_jobs=None,
             num_parallel_tree=None, random_state=None, ...)",,,10,,,,,0.7,3,9,1,42,,,,,,"{'estimator': XGBRegressor(base_score=None, booster=None, callbacks=None,
             colsample_bylevel=None, colsample_bynode=None,
             colsample_bytree=None, device=None, early_stopping_rounds=None,
             enable_categorical=False, eval_metric=None, feature_types=None,
             gamma=None, grow_policy=None, importance_type=None,
             interaction_constraints=None, learning_rate=None, max_bin=None,
             max_cat_threshold=None, max_cat_to_onehot=None,
             max_delta_step=None, max_depth=None, max_leaves=None,
             min_child_weight=None, missing=nan, monotone_constraints=None,
             multi_strategy=None, n_estimators=None, n_jobs=None,
             num_parallel_tree=None, random_state=None, ...), 'estimator__eta': 0.7, 'estimator__gamma': 10, 'estimator__max_delta_step': 3, 'estimator__max_depth': 9, 'estimator__min_child_weight': 1, 'estimator__random_state': 42}",0.03599063436210516,0.05799454693120446,0.037869750305241666,0.04029670713212541,0.06181477486725849,0.06275382538843341,0.0585904735445141,0.04645832659715925,0.03450532229957629,0.02795477719537449,0.04642291386229928,0.012199106700667508,589,0.11864891809116473,0.24119645742924045,0.028398407327837605,0.02066700403787869,0.03638325860846092,0.05050658596856494,0.03875581368426939,0.0028673913716468213,0.0025635766667464477,0.32101556741915505,0.0861002980604965,0.10382520714439339,606,0.16735711752593546,0.20491798351024226,0.17227371208473763,0.17249387732608762,0.22654835006323465,0.1898865125617788,0.19731434715480983,0.1877474386673681,0.17047527330852666,0.14259692533902762,0.18316115375417485,0.022160479939809095,631
782,0.030006790161132814,0.000894522362863055,0.004901123046875,0.0002999943360685204,"XGBRegressor(base_score=None, booster=None, callbacks=None,
             colsample_bylevel=None, colsample_bynode=None,
             colsample_bytree=None, device=None, early_stopping_rounds=None,
             enable_categorical=False, eval_metric=None, feature_types=None,
             gamma=None, grow_policy=None, importance_type=None,
             interaction_constraints=None, learning_rate=None, max_bin=None,
             max_cat_threshold=None, max_cat_to_onehot=None,
             max_delta_step=None, max_depth=None, max_leaves=None,
             min_child_weight=None, missing=nan, monotone_constraints=None,
             multi_strategy=None, n_estimators=None, n_jobs=None,
             num_parallel_tree=None, random_state=None, ...)",,,10,,,,,0.7,3,9,10,42,,,,,,"{'estimator': XGBRegressor(base_score=None, booster=None, callbacks=None,
             colsample_bylevel=None, colsample_bynode=None,
             colsample_bytree=None, device=None, early_stopping_rounds=None,
             enable_categorical=False, eval_metric=None, feature_types=None,
             gamma=None, grow_policy=None, importance_type=None,
             interaction_constraints=None, learning_rate=None, max_bin=None,
             max_cat_threshold=None, max_cat_to_onehot=None,
             max_delta_step=None, max_depth=None, max_leaves=None,
             min_child_weight=None, missing=nan, monotone_constraints=None,
             multi_strategy=None, n_estimators=None, n_jobs=None,
             num_parallel_tree=None, random_state=None, ...), 'estimator__eta': 0.7, 'estimator__gamma': 10, 'estimator__max_delta_step': 3, 'estimator__max_depth': 9, 'estimator__min_child_weight': 10, 'estimator__random_state': 42}",0.03599063436210516,0.05799454693120446,0.037869750305241666,0.04029670713212541,0.06181477486725849,0.06275382538843341,0.0585904735445141,0.04645832659715925,0.03450532229957629,0.02795477719537449,0.04642291386229928,0.012199106700667508,589,0.11864891809116473,0.24119645742924045,0.028398407327837605,0.02066700403787869,0.03638325860846092,0.05050658596856494,0.03875581368426939,0.0028673913716468213,0.0025635766667464477,0.32101556741915505,0.0861002980604965,0.10382520714439339,606,0.16735711752593546,0.20491798351024226,0.17227371208473763,0.17249387732608762,0.22654835006323465,0.1898865125617788,0.19731434715480983,0.1877474386673681,0.17047527330852666,0.14259692533902762,0.18316115375417485,0.022160479939809095,631
783,0.029206681251525878,0.0008719409257184711,0.005200958251953125,0.000600187036097617,"XGBRegressor(base_score=None, booster=None, callbacks=None,
             colsample_bylevel=None, colsample_bynode=None,
             colsample_bytree=None, device=None, early_stopping_rounds=None,
             enable_categorical=False, eval_metric=None, feature_types=None,
             gamma=None, grow_policy=None, importance_type=None,
             interaction_constraints=None, learning_rate=None, max_bin=None,
             max_cat_threshold=None, max_cat_to_onehot=None,
             max_delta_step=None, max_depth=None, max_leaves=None,
             min_child_weight=None, missing=nan, monotone_constraints=None,
             multi_strategy=None, n_estimators=None, n_jobs=None,
             num_parallel_tree=None, random_state=None, ...)",,,10,,,,,0.7,6,3,0,42,,,,,,"{'estimator': XGBRegressor(base_score=None, booster=None, callbacks=None,
             colsample_bylevel=None, colsample_bynode=None,
             colsample_bytree=None, device=None, early_stopping_rounds=None,
             enable_categorical=False, eval_metric=None, feature_types=None,
             gamma=None, grow_policy=None, importance_type=None,
             interaction_constraints=None, learning_rate=None, max_bin=None,
             max_cat_threshold=None, max_cat_to_onehot=None,
             max_delta_step=None, max_depth=None, max_leaves=None,
             min_child_weight=None, missing=nan, monotone_constraints=None,
             multi_strategy=None, n_estimators=None, n_jobs=None,
             num_parallel_tree=None, random_state=None, ...), 'estimator__eta': 0.7, 'estimator__gamma': 10, 'estimator__max_delta_step': 6, 'estimator__max_depth': 3, 'estimator__min_child_weight': 0, 'estimator__random_state': 42}",0.03599063436210516,0.05799454693120446,0.037869750305241666,0.04029670713212541,0.06181477486725849,0.06275382538843341,0.0585904735445141,0.04645832659715925,0.03450532229957629,0.02795477719537449,0.04642291386229928,0.012199106700667508,589,0.11864891809116473,0.24119645742924045,0.028398407327837605,0.02066700403787869,0.03638325860846092,0.05050658596856494,0.03875581368426939,0.0028673913716468213,0.0025635766667464477,0.32101556741915505,0.0861002980604965,0.10382520714439339,606,0.16735711752593546,0.20491798351024226,0.17227371208473763,0.17249387732608762,0.22654835006323465,0.1898865125617788,0.19731434715480983,0.1877474386673681,0.17047527330852666,0.14259692533902762,0.18316115375417485,0.022160479939809095,631
784,0.02940673828125,0.001280796438156837,0.005001091957092285,4.324521338276161e-07,"XGBRegressor(base_score=None, booster=None, callbacks=None,
             colsample_bylevel=None, colsample_bynode=None,
             colsample_bytree=None, device=None, early_stopping_rounds=None,
             enable_categorical=False, eval_metric=None, feature_types=None,
             gamma=None, grow_policy=None, importance_type=None,
             interaction_constraints=None, learning_rate=None, max_bin=None,
             max_cat_threshold=None, max_cat_to_onehot=None,
             max_delta_step=None, max_depth=None, max_leaves=None,
             min_child_weight=None, missing=nan, monotone_constraints=None,
             multi_strategy=None, n_estimators=None, n_jobs=None,
             num_parallel_tree=None, random_state=None, ...)",,,10,,,,,0.7,6,3,1,42,,,,,,"{'estimator': XGBRegressor(base_score=None, booster=None, callbacks=None,
             colsample_bylevel=None, colsample_bynode=None,
             colsample_bytree=None, device=None, early_stopping_rounds=None,
             enable_categorical=False, eval_metric=None, feature_types=None,
             gamma=None, grow_policy=None, importance_type=None,
             interaction_constraints=None, learning_rate=None, max_bin=None,
             max_cat_threshold=None, max_cat_to_onehot=None,
             max_delta_step=None, max_depth=None, max_leaves=None,
             min_child_weight=None, missing=nan, monotone_constraints=None,
             multi_strategy=None, n_estimators=None, n_jobs=None,
             num_parallel_tree=None, random_state=None, ...), 'estimator__eta': 0.7, 'estimator__gamma': 10, 'estimator__max_delta_step': 6, 'estimator__max_depth': 3, 'estimator__min_child_weight': 1, 'estimator__random_state': 42}",0.03599063436210516,0.05799454693120446,0.037869750305241666,0.04029670713212541,0.06181477486725849,0.06275382538843341,0.0585904735445141,0.04645832659715925,0.03450532229957629,0.02795477719537449,0.04642291386229928,0.012199106700667508,589,0.11864891809116473,0.24119645742924045,0.028398407327837605,0.02066700403787869,0.03638325860846092,0.05050658596856494,0.03875581368426939,0.0028673913716468213,0.0025635766667464477,0.32101556741915505,0.0861002980604965,0.10382520714439339,606,0.16735711752593546,0.20491798351024226,0.17227371208473763,0.17249387732608762,0.22654835006323465,0.1898865125617788,0.19731434715480983,0.1877474386673681,0.17047527330852666,0.14259692533902762,0.18316115375417485,0.022160479939809095,631
785,0.029506945610046388,0.0016281668567867625,0.005000925064086914,0.0004472346965339866,"XGBRegressor(base_score=None, booster=None, callbacks=None,
             colsample_bylevel=None, colsample_bynode=None,
             colsample_bytree=None, device=None, early_stopping_rounds=None,
             enable_categorical=False, eval_metric=None, feature_types=None,
             gamma=None, grow_policy=None, importance_type=None,
             interaction_constraints=None, learning_rate=None, max_bin=None,
             max_cat_threshold=None, max_cat_to_onehot=None,
             max_delta_step=None, max_depth=None, max_leaves=None,
             min_child_weight=None, missing=nan, monotone_constraints=None,
             multi_strategy=None, n_estimators=None, n_jobs=None,
             num_parallel_tree=None, random_state=None, ...)",,,10,,,,,0.7,6,3,10,42,,,,,,"{'estimator': XGBRegressor(base_score=None, booster=None, callbacks=None,
             colsample_bylevel=None, colsample_bynode=None,
             colsample_bytree=None, device=None, early_stopping_rounds=None,
             enable_categorical=False, eval_metric=None, feature_types=None,
             gamma=None, grow_policy=None, importance_type=None,
             interaction_constraints=None, learning_rate=None, max_bin=None,
             max_cat_threshold=None, max_cat_to_onehot=None,
             max_delta_step=None, max_depth=None, max_leaves=None,
             min_child_weight=None, missing=nan, monotone_constraints=None,
             multi_strategy=None, n_estimators=None, n_jobs=None,
             num_parallel_tree=None, random_state=None, ...), 'estimator__eta': 0.7, 'estimator__gamma': 10, 'estimator__max_delta_step': 6, 'estimator__max_depth': 3, 'estimator__min_child_weight': 10, 'estimator__random_state': 42}",0.03599063436210516,0.05799454693120446,0.037869750305241666,0.04029670713212541,0.06181477486725849,0.06275382538843341,0.0585904735445141,0.04645832659715925,0.03450532229957629,0.02795477719537449,0.04642291386229928,0.012199106700667508,589,0.11864891809116473,0.24119645742924045,0.028398407327837605,0.02066700403787869,0.03638325860846092,0.05050658596856494,0.03875581368426939,0.0028673913716468213,0.0025635766667464477,0.32101556741915505,0.0861002980604965,0.10382520714439339,606,0.16735711752593546,0.20491798351024226,0.17227371208473763,0.17249387732608762,0.22654835006323465,0.1898865125617788,0.19731434715480983,0.1877474386673681,0.17047527330852666,0.14259692533902762,0.18316115375417485,0.022160479939809095,631
786,0.028506255149841307,0.000670647455027133,0.0052012443542480465,0.00040035253482071254,"XGBRegressor(base_score=None, booster=None, callbacks=None,
             colsample_bylevel=None, colsample_bynode=None,
             colsample_bytree=None, device=None, early_stopping_rounds=None,
             enable_categorical=False, eval_metric=None, feature_types=None,
             gamma=None, grow_policy=None, importance_type=None,
             interaction_constraints=None, learning_rate=None, max_bin=None,
             max_cat_threshold=None, max_cat_to_onehot=None,
             max_delta_step=None, max_depth=None, max_leaves=None,
             min_child_weight=None, missing=nan, monotone_constraints=None,
             multi_strategy=None, n_estimators=None, n_jobs=None,
             num_parallel_tree=None, random_state=None, ...)",,,10,,,,,0.7,6,6,0,42,,,,,,"{'estimator': XGBRegressor(base_score=None, booster=None, callbacks=None,
             colsample_bylevel=None, colsample_bynode=None,
             colsample_bytree=None, device=None, early_stopping_rounds=None,
             enable_categorical=False, eval_metric=None, feature_types=None,
             gamma=None, grow_policy=None, importance_type=None,
             interaction_constraints=None, learning_rate=None, max_bin=None,
             max_cat_threshold=None, max_cat_to_onehot=None,
             max_delta_step=None, max_depth=None, max_leaves=None,
             min_child_weight=None, missing=nan, monotone_constraints=None,
             multi_strategy=None, n_estimators=None, n_jobs=None,
             num_parallel_tree=None, random_state=None, ...), 'estimator__eta': 0.7, 'estimator__gamma': 10, 'estimator__max_delta_step': 6, 'estimator__max_depth': 6, 'estimator__min_child_weight': 0, 'estimator__random_state': 42}",0.03599063436210516,0.05799454693120446,0.037869750305241666,0.04029670713212541,0.06181477486725849,0.06275382538843341,0.0585904735445141,0.04645832659715925,0.03450532229957629,0.02795477719537449,0.04642291386229928,0.012199106700667508,589,0.11864891809116473,0.24119645742924045,0.028398407327837605,0.02066700403787869,0.03638325860846092,0.05050658596856494,0.03875581368426939,0.0028673913716468213,0.0025635766667464477,0.32101556741915505,0.0861002980604965,0.10382520714439339,606,0.16735711752593546,0.20491798351024226,0.17227371208473763,0.17249387732608762,0.22654835006323465,0.1898865125617788,0.19731434715480983,0.1877474386673681,0.17047527330852666,0.14259692533902762,0.18316115375417485,0.022160479939809095,631
787,0.029706883430480956,0.001486991528631255,0.005200958251953125,0.0003997804014054669,"XGBRegressor(base_score=None, booster=None, callbacks=None,
             colsample_bylevel=None, colsample_bynode=None,
             colsample_bytree=None, device=None, early_stopping_rounds=None,
             enable_categorical=False, eval_metric=None, feature_types=None,
             gamma=None, grow_policy=None, importance_type=None,
             interaction_constraints=None, learning_rate=None, max_bin=None,
             max_cat_threshold=None, max_cat_to_onehot=None,
             max_delta_step=None, max_depth=None, max_leaves=None,
             min_child_weight=None, missing=nan, monotone_constraints=None,
             multi_strategy=None, n_estimators=None, n_jobs=None,
             num_parallel_tree=None, random_state=None, ...)",,,10,,,,,0.7,6,6,1,42,,,,,,"{'estimator': XGBRegressor(base_score=None, booster=None, callbacks=None,
             colsample_bylevel=None, colsample_bynode=None,
             colsample_bytree=None, device=None, early_stopping_rounds=None,
             enable_categorical=False, eval_metric=None, feature_types=None,
             gamma=None, grow_policy=None, importance_type=None,
             interaction_constraints=None, learning_rate=None, max_bin=None,
             max_cat_threshold=None, max_cat_to_onehot=None,
             max_delta_step=None, max_depth=None, max_leaves=None,
             min_child_weight=None, missing=nan, monotone_constraints=None,
             multi_strategy=None, n_estimators=None, n_jobs=None,
             num_parallel_tree=None, random_state=None, ...), 'estimator__eta': 0.7, 'estimator__gamma': 10, 'estimator__max_delta_step': 6, 'estimator__max_depth': 6, 'estimator__min_child_weight': 1, 'estimator__random_state': 42}",0.03599063436210516,0.05799454693120446,0.037869750305241666,0.04029670713212541,0.06181477486725849,0.06275382538843341,0.0585904735445141,0.04645832659715925,0.03450532229957629,0.02795477719537449,0.04642291386229928,0.012199106700667508,589,0.11864891809116473,0.24119645742924045,0.028398407327837605,0.02066700403787869,0.03638325860846092,0.05050658596856494,0.03875581368426939,0.0028673913716468213,0.0025635766667464477,0.32101556741915505,0.0861002980604965,0.10382520714439339,606,0.16735711752593546,0.20491798351024226,0.17227371208473763,0.17249387732608762,0.22654835006323465,0.1898865125617788,0.19731434715480983,0.1877474386673681,0.17047527330852666,0.14259692533902762,0.18316115375417485,0.022160479939809095,631
788,0.029606962203979494,0.0007996680711448823,0.005100893974304199,0.00030019362824238995,"XGBRegressor(base_score=None, booster=None, callbacks=None,
             colsample_bylevel=None, colsample_bynode=None,
             colsample_bytree=None, device=None, early_stopping_rounds=None,
             enable_categorical=False, eval_metric=None, feature_types=None,
             gamma=None, grow_policy=None, importance_type=None,
             interaction_constraints=None, learning_rate=None, max_bin=None,
             max_cat_threshold=None, max_cat_to_onehot=None,
             max_delta_step=None, max_depth=None, max_leaves=None,
             min_child_weight=None, missing=nan, monotone_constraints=None,
             multi_strategy=None, n_estimators=None, n_jobs=None,
             num_parallel_tree=None, random_state=None, ...)",,,10,,,,,0.7,6,6,10,42,,,,,,"{'estimator': XGBRegressor(base_score=None, booster=None, callbacks=None,
             colsample_bylevel=None, colsample_bynode=None,
             colsample_bytree=None, device=None, early_stopping_rounds=None,
             enable_categorical=False, eval_metric=None, feature_types=None,
             gamma=None, grow_policy=None, importance_type=None,
             interaction_constraints=None, learning_rate=None, max_bin=None,
             max_cat_threshold=None, max_cat_to_onehot=None,
             max_delta_step=None, max_depth=None, max_leaves=None,
             min_child_weight=None, missing=nan, monotone_constraints=None,
             multi_strategy=None, n_estimators=None, n_jobs=None,
             num_parallel_tree=None, random_state=None, ...), 'estimator__eta': 0.7, 'estimator__gamma': 10, 'estimator__max_delta_step': 6, 'estimator__max_depth': 6, 'estimator__min_child_weight': 10, 'estimator__random_state': 42}",0.03599063436210516,0.05799454693120446,0.037869750305241666,0.04029670713212541,0.06181477486725849,0.06275382538843341,0.0585904735445141,0.04645832659715925,0.03450532229957629,0.02795477719537449,0.04642291386229928,0.012199106700667508,589,0.11864891809116473,0.24119645742924045,0.028398407327837605,0.02066700403787869,0.03638325860846092,0.05050658596856494,0.03875581368426939,0.0028673913716468213,0.0025635766667464477,0.32101556741915505,0.0861002980604965,0.10382520714439339,606,0.16735711752593546,0.20491798351024226,0.17227371208473763,0.17249387732608762,0.22654835006323465,0.1898865125617788,0.19731434715480983,0.1877474386673681,0.17047527330852666,0.14259692533902762,0.18316115375417485,0.022160479939809095,631
789,0.02920670509338379,0.0010771764849805947,0.005201029777526856,0.0006002032297843707,"XGBRegressor(base_score=None, booster=None, callbacks=None,
             colsample_bylevel=None, colsample_bynode=None,
             colsample_bytree=None, device=None, early_stopping_rounds=None,
             enable_categorical=False, eval_metric=None, feature_types=None,
             gamma=None, grow_policy=None, importance_type=None,
             interaction_constraints=None, learning_rate=None, max_bin=None,
             max_cat_threshold=None, max_cat_to_onehot=None,
             max_delta_step=None, max_depth=None, max_leaves=None,
             min_child_weight=None, missing=nan, monotone_constraints=None,
             multi_strategy=None, n_estimators=None, n_jobs=None,
             num_parallel_tree=None, random_state=None, ...)",,,10,,,,,0.7,6,9,0,42,,,,,,"{'estimator': XGBRegressor(base_score=None, booster=None, callbacks=None,
             colsample_bylevel=None, colsample_bynode=None,
             colsample_bytree=None, device=None, early_stopping_rounds=None,
             enable_categorical=False, eval_metric=None, feature_types=None,
             gamma=None, grow_policy=None, importance_type=None,
             interaction_constraints=None, learning_rate=None, max_bin=None,
             max_cat_threshold=None, max_cat_to_onehot=None,
             max_delta_step=None, max_depth=None, max_leaves=None,
             min_child_weight=None, missing=nan, monotone_constraints=None,
             multi_strategy=None, n_estimators=None, n_jobs=None,
             num_parallel_tree=None, random_state=None, ...), 'estimator__eta': 0.7, 'estimator__gamma': 10, 'estimator__max_delta_step': 6, 'estimator__max_depth': 9, 'estimator__min_child_weight': 0, 'estimator__random_state': 42}",0.03599063436210516,0.05799454693120446,0.037869750305241666,0.04029670713212541,0.06181477486725849,0.06275382538843341,0.0585904735445141,0.04645832659715925,0.03450532229957629,0.02795477719537449,0.04642291386229928,0.012199106700667508,589,0.11864891809116473,0.24119645742924045,0.028398407327837605,0.02066700403787869,0.03638325860846092,0.05050658596856494,0.03875581368426939,0.0028673913716468213,0.0025635766667464477,0.32101556741915505,0.0861002980604965,0.10382520714439339,606,0.16735711752593546,0.20491798351024226,0.17227371208473763,0.17249387732608762,0.22654835006323465,0.1898865125617788,0.19731434715480983,0.1877474386673681,0.17047527330852666,0.14259692533902762,0.18316115375417485,0.022160479939809095,631
790,0.029706811904907225,0.0008999297054416961,0.004900717735290527,0.0003000976928148798,"XGBRegressor(base_score=None, booster=None, callbacks=None,
             colsample_bylevel=None, colsample_bynode=None,
             colsample_bytree=None, device=None, early_stopping_rounds=None,
             enable_categorical=False, eval_metric=None, feature_types=None,
             gamma=None, grow_policy=None, importance_type=None,
             interaction_constraints=None, learning_rate=None, max_bin=None,
             max_cat_threshold=None, max_cat_to_onehot=None,
             max_delta_step=None, max_depth=None, max_leaves=None,
             min_child_weight=None, missing=nan, monotone_constraints=None,
             multi_strategy=None, n_estimators=None, n_jobs=None,
             num_parallel_tree=None, random_state=None, ...)",,,10,,,,,0.7,6,9,1,42,,,,,,"{'estimator': XGBRegressor(base_score=None, booster=None, callbacks=None,
             colsample_bylevel=None, colsample_bynode=None,
             colsample_bytree=None, device=None, early_stopping_rounds=None,
             enable_categorical=False, eval_metric=None, feature_types=None,
             gamma=None, grow_policy=None, importance_type=None,
             interaction_constraints=None, learning_rate=None, max_bin=None,
             max_cat_threshold=None, max_cat_to_onehot=None,
             max_delta_step=None, max_depth=None, max_leaves=None,
             min_child_weight=None, missing=nan, monotone_constraints=None,
             multi_strategy=None, n_estimators=None, n_jobs=None,
             num_parallel_tree=None, random_state=None, ...), 'estimator__eta': 0.7, 'estimator__gamma': 10, 'estimator__max_delta_step': 6, 'estimator__max_depth': 9, 'estimator__min_child_weight': 1, 'estimator__random_state': 42}",0.03599063436210516,0.05799454693120446,0.037869750305241666,0.04029670713212541,0.06181477486725849,0.06275382538843341,0.0585904735445141,0.04645832659715925,0.03450532229957629,0.02795477719537449,0.04642291386229928,0.012199106700667508,589,0.11864891809116473,0.24119645742924045,0.028398407327837605,0.02066700403787869,0.03638325860846092,0.05050658596856494,0.03875581368426939,0.0028673913716468213,0.0025635766667464477,0.32101556741915505,0.0861002980604965,0.10382520714439339,606,0.16735711752593546,0.20491798351024226,0.17227371208473763,0.17249387732608762,0.22654835006323465,0.1898865125617788,0.19731434715480983,0.1877474386673681,0.17047527330852666,0.14259692533902762,0.18316115375417485,0.022160479939809095,631
791,0.029506850242614745,0.0008062118879703105,0.005200695991516113,0.00040044860133998906,"XGBRegressor(base_score=None, booster=None, callbacks=None,
             colsample_bylevel=None, colsample_bynode=None,
             colsample_bytree=None, device=None, early_stopping_rounds=None,
             enable_categorical=False, eval_metric=None, feature_types=None,
             gamma=None, grow_policy=None, importance_type=None,
             interaction_constraints=None, learning_rate=None, max_bin=None,
             max_cat_threshold=None, max_cat_to_onehot=None,
             max_delta_step=None, max_depth=None, max_leaves=None,
             min_child_weight=None, missing=nan, monotone_constraints=None,
             multi_strategy=None, n_estimators=None, n_jobs=None,
             num_parallel_tree=None, random_state=None, ...)",,,10,,,,,0.7,6,9,10,42,,,,,,"{'estimator': XGBRegressor(base_score=None, booster=None, callbacks=None,
             colsample_bylevel=None, colsample_bynode=None,
             colsample_bytree=None, device=None, early_stopping_rounds=None,
             enable_categorical=False, eval_metric=None, feature_types=None,
             gamma=None, grow_policy=None, importance_type=None,
             interaction_constraints=None, learning_rate=None, max_bin=None,
             max_cat_threshold=None, max_cat_to_onehot=None,
             max_delta_step=None, max_depth=None, max_leaves=None,
             min_child_weight=None, missing=nan, monotone_constraints=None,
             multi_strategy=None, n_estimators=None, n_jobs=None,
             num_parallel_tree=None, random_state=None, ...), 'estimator__eta': 0.7, 'estimator__gamma': 10, 'estimator__max_delta_step': 6, 'estimator__max_depth': 9, 'estimator__min_child_weight': 10, 'estimator__random_state': 42}",0.03599063436210516,0.05799454693120446,0.037869750305241666,0.04029670713212541,0.06181477486725849,0.06275382538843341,0.0585904735445141,0.04645832659715925,0.03450532229957629,0.02795477719537449,0.04642291386229928,0.012199106700667508,589,0.11864891809116473,0.24119645742924045,0.028398407327837605,0.02066700403787869,0.03638325860846092,0.05050658596856494,0.03875581368426939,0.0028673913716468213,0.0025635766667464477,0.32101556741915505,0.0861002980604965,0.10382520714439339,606,0.16735711752593546,0.20491798351024226,0.17227371208473763,0.17249387732608762,0.22654835006323465,0.1898865125617788,0.19731434715480983,0.1877474386673681,0.17047527330852666,0.14259692533902762,0.18316115375417485,0.022160479939809095,631
792,0.028806471824645997,0.0007485259294224317,0.0048008918762207035,0.0006001712099301823,"XGBRegressor(base_score=None, booster=None, callbacks=None,
             colsample_bylevel=None, colsample_bynode=None,
             colsample_bytree=None, device=None, early_stopping_rounds=None,
             enable_categorical=False, eval_metric=None, feature_types=None,
             gamma=None, grow_policy=None, importance_type=None,
             interaction_constraints=None, learning_rate=None, max_bin=None,
             max_cat_threshold=None, max_cat_to_onehot=None,
             max_delta_step=None, max_depth=None, max_leaves=None,
             min_child_weight=None, missing=nan, monotone_constraints=None,
             multi_strategy=None, n_estimators=None, n_jobs=None,
             num_parallel_tree=None, random_state=None, ...)",,,20,,,,,0.7,0,3,0,42,,,,,,"{'estimator': XGBRegressor(base_score=None, booster=None, callbacks=None,
             colsample_bylevel=None, colsample_bynode=None,
             colsample_bytree=None, device=None, early_stopping_rounds=None,
             enable_categorical=False, eval_metric=None, feature_types=None,
             gamma=None, grow_policy=None, importance_type=None,
             interaction_constraints=None, learning_rate=None, max_bin=None,
             max_cat_threshold=None, max_cat_to_onehot=None,
             max_delta_step=None, max_depth=None, max_leaves=None,
             min_child_weight=None, missing=nan, monotone_constraints=None,
             multi_strategy=None, n_estimators=None, n_jobs=None,
             num_parallel_tree=None, random_state=None, ...), 'estimator__eta': 0.7, 'estimator__gamma': 20, 'estimator__max_delta_step': 0, 'estimator__max_depth': 3, 'estimator__min_child_weight': 0, 'estimator__random_state': 42}",0.03599063436210516,0.05799454693120446,0.037869750305241666,0.04029670713212541,0.06181477486725849,0.06275382538843341,0.0585904735445141,0.04645832659715925,0.03450532229957629,0.02795477719537449,0.04642291386229928,0.012199106700667508,589,0.11864891809116473,0.24119645742924045,0.028398407327837605,0.02066700403787869,0.03638325860846092,0.05050658596856494,0.03875581368426939,0.0028673913716468213,0.0025635766667464477,0.32101556741915505,0.0861002980604965,0.10382520714439339,606,0.16735711752593546,0.20491798351024226,0.17227371208473763,0.17249387732608762,0.22654835006323465,0.1898865125617788,0.19731434715480983,0.1877474386673681,0.17047527330852666,0.14259692533902762,0.18316115375417485,0.022160479939809095,631
793,0.028506827354431153,0.0004999877955062658,0.005100727081298828,0.00030008976658175046,"XGBRegressor(base_score=None, booster=None, callbacks=None,
             colsample_bylevel=None, colsample_bynode=None,
             colsample_bytree=None, device=None, early_stopping_rounds=None,
             enable_categorical=False, eval_metric=None, feature_types=None,
             gamma=None, grow_policy=None, importance_type=None,
             interaction_constraints=None, learning_rate=None, max_bin=None,
             max_cat_threshold=None, max_cat_to_onehot=None,
             max_delta_step=None, max_depth=None, max_leaves=None,
             min_child_weight=None, missing=nan, monotone_constraints=None,
             multi_strategy=None, n_estimators=None, n_jobs=None,
             num_parallel_tree=None, random_state=None, ...)",,,20,,,,,0.7,0,3,1,42,,,,,,"{'estimator': XGBRegressor(base_score=None, booster=None, callbacks=None,
             colsample_bylevel=None, colsample_bynode=None,
             colsample_bytree=None, device=None, early_stopping_rounds=None,
             enable_categorical=False, eval_metric=None, feature_types=None,
             gamma=None, grow_policy=None, importance_type=None,
             interaction_constraints=None, learning_rate=None, max_bin=None,
             max_cat_threshold=None, max_cat_to_onehot=None,
             max_delta_step=None, max_depth=None, max_leaves=None,
             min_child_weight=None, missing=nan, monotone_constraints=None,
             multi_strategy=None, n_estimators=None, n_jobs=None,
             num_parallel_tree=None, random_state=None, ...), 'estimator__eta': 0.7, 'estimator__gamma': 20, 'estimator__max_delta_step': 0, 'estimator__max_depth': 3, 'estimator__min_child_weight': 1, 'estimator__random_state': 42}",0.03599063436210516,0.05799454693120446,0.037869750305241666,0.04029670713212541,0.06181477486725849,0.06275382538843341,0.0585904735445141,0.04645832659715925,0.03450532229957629,0.02795477719537449,0.04642291386229928,0.012199106700667508,589,0.11864891809116473,0.24119645742924045,0.028398407327837605,0.02066700403787869,0.03638325860846092,0.05050658596856494,0.03875581368426939,0.0028673913716468213,0.0025635766667464477,0.32101556741915505,0.0861002980604965,0.10382520714439339,606,0.16735711752593546,0.20491798351024226,0.17227371208473763,0.17249387732608762,0.22654835006323465,0.1898865125617788,0.19731434715480983,0.1877474386673681,0.17047527330852666,0.14259692533902762,0.18316115375417485,0.022160479939809095,631
794,0.028706669807434082,0.0004582818799838809,0.005200767517089843,0.0004000549121528293,"XGBRegressor(base_score=None, booster=None, callbacks=None,
             colsample_bylevel=None, colsample_bynode=None,
             colsample_bytree=None, device=None, early_stopping_rounds=None,
             enable_categorical=False, eval_metric=None, feature_types=None,
             gamma=None, grow_policy=None, importance_type=None,
             interaction_constraints=None, learning_rate=None, max_bin=None,
             max_cat_threshold=None, max_cat_to_onehot=None,
             max_delta_step=None, max_depth=None, max_leaves=None,
             min_child_weight=None, missing=nan, monotone_constraints=None,
             multi_strategy=None, n_estimators=None, n_jobs=None,
             num_parallel_tree=None, random_state=None, ...)",,,20,,,,,0.7,0,3,10,42,,,,,,"{'estimator': XGBRegressor(base_score=None, booster=None, callbacks=None,
             colsample_bylevel=None, colsample_bynode=None,
             colsample_bytree=None, device=None, early_stopping_rounds=None,
             enable_categorical=False, eval_metric=None, feature_types=None,
             gamma=None, grow_policy=None, importance_type=None,
             interaction_constraints=None, learning_rate=None, max_bin=None,
             max_cat_threshold=None, max_cat_to_onehot=None,
             max_delta_step=None, max_depth=None, max_leaves=None,
             min_child_weight=None, missing=nan, monotone_constraints=None,
             multi_strategy=None, n_estimators=None, n_jobs=None,
             num_parallel_tree=None, random_state=None, ...), 'estimator__eta': 0.7, 'estimator__gamma': 20, 'estimator__max_delta_step': 0, 'estimator__max_depth': 3, 'estimator__min_child_weight': 10, 'estimator__random_state': 42}",0.03599063436210516,0.05799454693120446,0.037869750305241666,0.04029670713212541,0.06181477486725849,0.06275382538843341,0.0585904735445141,0.04645832659715925,0.03450532229957629,0.02795477719537449,0.04642291386229928,0.012199106700667508,589,0.11864891809116473,0.24119645742924045,0.028398407327837605,0.02066700403787869,0.03638325860846092,0.05050658596856494,0.03875581368426939,0.0028673913716468213,0.0025635766667464477,0.32101556741915505,0.0861002980604965,0.10382520714439339,606,0.16735711752593546,0.20491798351024226,0.17227371208473763,0.17249387732608762,0.22654835006323465,0.1898865125617788,0.19731434715480983,0.1877474386673681,0.17047527330852666,0.14259692533902762,0.18316115375417485,0.022160479939809095,631
795,0.02980656623840332,0.0019394257578517924,0.0052010536193847655,0.0004003885061219602,"XGBRegressor(base_score=None, booster=None, callbacks=None,
             colsample_bylevel=None, colsample_bynode=None,
             colsample_bytree=None, device=None, early_stopping_rounds=None,
             enable_categorical=False, eval_metric=None, feature_types=None,
             gamma=None, grow_policy=None, importance_type=None,
             interaction_constraints=None, learning_rate=None, max_bin=None,
             max_cat_threshold=None, max_cat_to_onehot=None,
             max_delta_step=None, max_depth=None, max_leaves=None,
             min_child_weight=None, missing=nan, monotone_constraints=None,
             multi_strategy=None, n_estimators=None, n_jobs=None,
             num_parallel_tree=None, random_state=None, ...)",,,20,,,,,0.7,0,6,0,42,,,,,,"{'estimator': XGBRegressor(base_score=None, booster=None, callbacks=None,
             colsample_bylevel=None, colsample_bynode=None,
             colsample_bytree=None, device=None, early_stopping_rounds=None,
             enable_categorical=False, eval_metric=None, feature_types=None,
             gamma=None, grow_policy=None, importance_type=None,
             interaction_constraints=None, learning_rate=None, max_bin=None,
             max_cat_threshold=None, max_cat_to_onehot=None,
             max_delta_step=None, max_depth=None, max_leaves=None,
             min_child_weight=None, missing=nan, monotone_constraints=None,
             multi_strategy=None, n_estimators=None, n_jobs=None,
             num_parallel_tree=None, random_state=None, ...), 'estimator__eta': 0.7, 'estimator__gamma': 20, 'estimator__max_delta_step': 0, 'estimator__max_depth': 6, 'estimator__min_child_weight': 0, 'estimator__random_state': 42}",0.03599063436210516,0.05799454693120446,0.037869750305241666,0.04029670713212541,0.06181477486725849,0.06275382538843341,0.0585904735445141,0.04645832659715925,0.03450532229957629,0.02795477719537449,0.04642291386229928,0.012199106700667508,589,0.11864891809116473,0.24119645742924045,0.028398407327837605,0.02066700403787869,0.03638325860846092,0.05050658596856494,0.03875581368426939,0.0028673913716468213,0.0025635766667464477,0.32101556741915505,0.0861002980604965,0.10382520714439339,606,0.16735711752593546,0.20491798351024226,0.17227371208473763,0.17249387732608762,0.22654835006323465,0.1898865125617788,0.19731434715480983,0.1877474386673681,0.17047527330852666,0.14259692533902762,0.18316115375417485,0.022160479939809095,631
796,0.03170721530914307,0.0035796573764927593,0.0067013978958129885,0.004126011899220791,"XGBRegressor(base_score=None, booster=None, callbacks=None,
             colsample_bylevel=None, colsample_bynode=None,
             colsample_bytree=None, device=None, early_stopping_rounds=None,
             enable_categorical=False, eval_metric=None, feature_types=None,
             gamma=None, grow_policy=None, importance_type=None,
             interaction_constraints=None, learning_rate=None, max_bin=None,
             max_cat_threshold=None, max_cat_to_onehot=None,
             max_delta_step=None, max_depth=None, max_leaves=None,
             min_child_weight=None, missing=nan, monotone_constraints=None,
             multi_strategy=None, n_estimators=None, n_jobs=None,
             num_parallel_tree=None, random_state=None, ...)",,,20,,,,,0.7,0,6,1,42,,,,,,"{'estimator': XGBRegressor(base_score=None, booster=None, callbacks=None,
             colsample_bylevel=None, colsample_bynode=None,
             colsample_bytree=None, device=None, early_stopping_rounds=None,
             enable_categorical=False, eval_metric=None, feature_types=None,
             gamma=None, grow_policy=None, importance_type=None,
             interaction_constraints=None, learning_rate=None, max_bin=None,
             max_cat_threshold=None, max_cat_to_onehot=None,
             max_delta_step=None, max_depth=None, max_leaves=None,
             min_child_weight=None, missing=nan, monotone_constraints=None,
             multi_strategy=None, n_estimators=None, n_jobs=None,
             num_parallel_tree=None, random_state=None, ...), 'estimator__eta': 0.7, 'estimator__gamma': 20, 'estimator__max_delta_step': 0, 'estimator__max_depth': 6, 'estimator__min_child_weight': 1, 'estimator__random_state': 42}",0.03599063436210516,0.05799454693120446,0.037869750305241666,0.04029670713212541,0.06181477486725849,0.06275382538843341,0.0585904735445141,0.04645832659715925,0.03450532229957629,0.02795477719537449,0.04642291386229928,0.012199106700667508,589,0.11864891809116473,0.24119645742924045,0.028398407327837605,0.02066700403787869,0.03638325860846092,0.05050658596856494,0.03875581368426939,0.0028673913716468213,0.0025635766667464477,0.32101556741915505,0.0861002980604965,0.10382520714439339,606,0.16735711752593546,0.20491798351024226,0.17227371208473763,0.17249387732608762,0.22654835006323465,0.1898865125617788,0.19731434715480983,0.1877474386673681,0.17047527330852666,0.14259692533902762,0.18316115375417485,0.022160479939809095,631
797,0.0302065372467041,0.0017781513730918545,0.0050011157989501955,0.0004474480791588668,"XGBRegressor(base_score=None, booster=None, callbacks=None,
             colsample_bylevel=None, colsample_bynode=None,
             colsample_bytree=None, device=None, early_stopping_rounds=None,
             enable_categorical=False, eval_metric=None, feature_types=None,
             gamma=None, grow_policy=None, importance_type=None,
             interaction_constraints=None, learning_rate=None, max_bin=None,
             max_cat_threshold=None, max_cat_to_onehot=None,
             max_delta_step=None, max_depth=None, max_leaves=None,
             min_child_weight=None, missing=nan, monotone_constraints=None,
             multi_strategy=None, n_estimators=None, n_jobs=None,
             num_parallel_tree=None, random_state=None, ...)",,,20,,,,,0.7,0,6,10,42,,,,,,"{'estimator': XGBRegressor(base_score=None, booster=None, callbacks=None,
             colsample_bylevel=None, colsample_bynode=None,
             colsample_bytree=None, device=None, early_stopping_rounds=None,
             enable_categorical=False, eval_metric=None, feature_types=None,
             gamma=None, grow_policy=None, importance_type=None,
             interaction_constraints=None, learning_rate=None, max_bin=None,
             max_cat_threshold=None, max_cat_to_onehot=None,
             max_delta_step=None, max_depth=None, max_leaves=None,
             min_child_weight=None, missing=nan, monotone_constraints=None,
             multi_strategy=None, n_estimators=None, n_jobs=None,
             num_parallel_tree=None, random_state=None, ...), 'estimator__eta': 0.7, 'estimator__gamma': 20, 'estimator__max_delta_step': 0, 'estimator__max_depth': 6, 'estimator__min_child_weight': 10, 'estimator__random_state': 42}",0.03599063436210516,0.05799454693120446,0.037869750305241666,0.04029670713212541,0.06181477486725849,0.06275382538843341,0.0585904735445141,0.04645832659715925,0.03450532229957629,0.02795477719537449,0.04642291386229928,0.012199106700667508,589,0.11864891809116473,0.24119645742924045,0.028398407327837605,0.02066700403787869,0.03638325860846092,0.05050658596856494,0.03875581368426939,0.0028673913716468213,0.0025635766667464477,0.32101556741915505,0.0861002980604965,0.10382520714439339,606,0.16735711752593546,0.20491798351024226,0.17227371208473763,0.17249387732608762,0.22654835006323465,0.1898865125617788,0.19731434715480983,0.1877474386673681,0.17047527330852666,0.14259692533902762,0.18316115375417485,0.022160479939809095,631
798,0.028506922721862792,0.0008062414509287583,0.005100822448730469,0.00030045588798520797,"XGBRegressor(base_score=None, booster=None, callbacks=None,
             colsample_bylevel=None, colsample_bynode=None,
             colsample_bytree=None, device=None, early_stopping_rounds=None,
             enable_categorical=False, eval_metric=None, feature_types=None,
             gamma=None, grow_policy=None, importance_type=None,
             interaction_constraints=None, learning_rate=None, max_bin=None,
             max_cat_threshold=None, max_cat_to_onehot=None,
             max_delta_step=None, max_depth=None, max_leaves=None,
             min_child_weight=None, missing=nan, monotone_constraints=None,
             multi_strategy=None, n_estimators=None, n_jobs=None,
             num_parallel_tree=None, random_state=None, ...)",,,20,,,,,0.7,0,9,0,42,,,,,,"{'estimator': XGBRegressor(base_score=None, booster=None, callbacks=None,
             colsample_bylevel=None, colsample_bynode=None,
             colsample_bytree=None, device=None, early_stopping_rounds=None,
             enable_categorical=False, eval_metric=None, feature_types=None,
             gamma=None, grow_policy=None, importance_type=None,
             interaction_constraints=None, learning_rate=None, max_bin=None,
             max_cat_threshold=None, max_cat_to_onehot=None,
             max_delta_step=None, max_depth=None, max_leaves=None,
             min_child_weight=None, missing=nan, monotone_constraints=None,
             multi_strategy=None, n_estimators=None, n_jobs=None,
             num_parallel_tree=None, random_state=None, ...), 'estimator__eta': 0.7, 'estimator__gamma': 20, 'estimator__max_delta_step': 0, 'estimator__max_depth': 9, 'estimator__min_child_weight': 0, 'estimator__random_state': 42}",0.03599063436210516,0.05799454693120446,0.037869750305241666,0.04029670713212541,0.06181477486725849,0.06275382538843341,0.0585904735445141,0.04645832659715925,0.03450532229957629,0.02795477719537449,0.04642291386229928,0.012199106700667508,589,0.11864891809116473,0.24119645742924045,0.028398407327837605,0.02066700403787869,0.03638325860846092,0.05050658596856494,0.03875581368426939,0.0028673913716468213,0.0025635766667464477,0.32101556741915505,0.0861002980604965,0.10382520714439339,606,0.16735711752593546,0.20491798351024226,0.17227371208473763,0.17249387732608762,0.22654835006323465,0.1898865125617788,0.19731434715480983,0.1877474386673681,0.17047527330852666,0.14259692533902762,0.18316115375417485,0.022160479939809095,631
799,0.029106807708740235,0.0007001060860706901,0.004800868034362793,0.00040010227970358,"XGBRegressor(base_score=None, booster=None, callbacks=None,
             colsample_bylevel=None, colsample_bynode=None,
             colsample_bytree=None, device=None, early_stopping_rounds=None,
             enable_categorical=False, eval_metric=None, feature_types=None,
             gamma=None, grow_policy=None, importance_type=None,
             interaction_constraints=None, learning_rate=None, max_bin=None,
             max_cat_threshold=None, max_cat_to_onehot=None,
             max_delta_step=None, max_depth=None, max_leaves=None,
             min_child_weight=None, missing=nan, monotone_constraints=None,
             multi_strategy=None, n_estimators=None, n_jobs=None,
             num_parallel_tree=None, random_state=None, ...)",,,20,,,,,0.7,0,9,1,42,,,,,,"{'estimator': XGBRegressor(base_score=None, booster=None, callbacks=None,
             colsample_bylevel=None, colsample_bynode=None,
             colsample_bytree=None, device=None, early_stopping_rounds=None,
             enable_categorical=False, eval_metric=None, feature_types=None,
             gamma=None, grow_policy=None, importance_type=None,
             interaction_constraints=None, learning_rate=None, max_bin=None,
             max_cat_threshold=None, max_cat_to_onehot=None,
             max_delta_step=None, max_depth=None, max_leaves=None,
             min_child_weight=None, missing=nan, monotone_constraints=None,
             multi_strategy=None, n_estimators=None, n_jobs=None,
             num_parallel_tree=None, random_state=None, ...), 'estimator__eta': 0.7, 'estimator__gamma': 20, 'estimator__max_delta_step': 0, 'estimator__max_depth': 9, 'estimator__min_child_weight': 1, 'estimator__random_state': 42}",0.03599063436210516,0.05799454693120446,0.037869750305241666,0.04029670713212541,0.06181477486725849,0.06275382538843341,0.0585904735445141,0.04645832659715925,0.03450532229957629,0.02795477719537449,0.04642291386229928,0.012199106700667508,589,0.11864891809116473,0.24119645742924045,0.028398407327837605,0.02066700403787869,0.03638325860846092,0.05050658596856494,0.03875581368426939,0.0028673913716468213,0.0025635766667464477,0.32101556741915505,0.0861002980604965,0.10382520714439339,606,0.16735711752593546,0.20491798351024226,0.17227371208473763,0.17249387732608762,0.22654835006323465,0.1898865125617788,0.19731434715480983,0.1877474386673681,0.17047527330852666,0.14259692533902762,0.18316115375417485,0.022160479939809095,631
800,0.03080704212188721,0.001887111884846941,0.005401206016540527,0.0006634280043643381,"XGBRegressor(base_score=None, booster=None, callbacks=None,
             colsample_bylevel=None, colsample_bynode=None,
             colsample_bytree=None, device=None, early_stopping_rounds=None,
             enable_categorical=False, eval_metric=None, feature_types=None,
             gamma=None, grow_policy=None, importance_type=None,
             interaction_constraints=None, learning_rate=None, max_bin=None,
             max_cat_threshold=None, max_cat_to_onehot=None,
             max_delta_step=None, max_depth=None, max_leaves=None,
             min_child_weight=None, missing=nan, monotone_constraints=None,
             multi_strategy=None, n_estimators=None, n_jobs=None,
             num_parallel_tree=None, random_state=None, ...)",,,20,,,,,0.7,0,9,10,42,,,,,,"{'estimator': XGBRegressor(base_score=None, booster=None, callbacks=None,
             colsample_bylevel=None, colsample_bynode=None,
             colsample_bytree=None, device=None, early_stopping_rounds=None,
             enable_categorical=False, eval_metric=None, feature_types=None,
             gamma=None, grow_policy=None, importance_type=None,
             interaction_constraints=None, learning_rate=None, max_bin=None,
             max_cat_threshold=None, max_cat_to_onehot=None,
             max_delta_step=None, max_depth=None, max_leaves=None,
             min_child_weight=None, missing=nan, monotone_constraints=None,
             multi_strategy=None, n_estimators=None, n_jobs=None,
             num_parallel_tree=None, random_state=None, ...), 'estimator__eta': 0.7, 'estimator__gamma': 20, 'estimator__max_delta_step': 0, 'estimator__max_depth': 9, 'estimator__min_child_weight': 10, 'estimator__random_state': 42}",0.03599063436210516,0.05799454693120446,0.037869750305241666,0.04029670713212541,0.06181477486725849,0.06275382538843341,0.0585904735445141,0.04645832659715925,0.03450532229957629,0.02795477719537449,0.04642291386229928,0.012199106700667508,589,0.11864891809116473,0.24119645742924045,0.028398407327837605,0.02066700403787869,0.03638325860846092,0.05050658596856494,0.03875581368426939,0.0028673913716468213,0.0025635766667464477,0.32101556741915505,0.0861002980604965,0.10382520714439339,606,0.16735711752593546,0.20491798351024226,0.17227371208473763,0.17249387732608762,0.22654835006323465,0.1898865125617788,0.19731434715480983,0.1877474386673681,0.17047527330852666,0.14259692533902762,0.18316115375417485,0.022160479939809095,631
801,0.028406643867492677,0.0004897167579085837,0.00530092716217041,0.0004584065414641257,"XGBRegressor(base_score=None, booster=None, callbacks=None,
             colsample_bylevel=None, colsample_bynode=None,
             colsample_bytree=None, device=None, early_stopping_rounds=None,
             enable_categorical=False, eval_metric=None, feature_types=None,
             gamma=None, grow_policy=None, importance_type=None,
             interaction_constraints=None, learning_rate=None, max_bin=None,
             max_cat_threshold=None, max_cat_to_onehot=None,
             max_delta_step=None, max_depth=None, max_leaves=None,
             min_child_weight=None, missing=nan, monotone_constraints=None,
             multi_strategy=None, n_estimators=None, n_jobs=None,
             num_parallel_tree=None, random_state=None, ...)",,,20,,,,,0.7,3,3,0,42,,,,,,"{'estimator': XGBRegressor(base_score=None, booster=None, callbacks=None,
             colsample_bylevel=None, colsample_bynode=None,
             colsample_bytree=None, device=None, early_stopping_rounds=None,
             enable_categorical=False, eval_metric=None, feature_types=None,
             gamma=None, grow_policy=None, importance_type=None,
             interaction_constraints=None, learning_rate=None, max_bin=None,
             max_cat_threshold=None, max_cat_to_onehot=None,
             max_delta_step=None, max_depth=None, max_leaves=None,
             min_child_weight=None, missing=nan, monotone_constraints=None,
             multi_strategy=None, n_estimators=None, n_jobs=None,
             num_parallel_tree=None, random_state=None, ...), 'estimator__eta': 0.7, 'estimator__gamma': 20, 'estimator__max_delta_step': 3, 'estimator__max_depth': 3, 'estimator__min_child_weight': 0, 'estimator__random_state': 42}",0.03599063436210516,0.05799454693120446,0.037869750305241666,0.04029670713212541,0.06181477486725849,0.06275382538843341,0.0585904735445141,0.04645832659715925,0.03450532229957629,0.02795477719537449,0.04642291386229928,0.012199106700667508,589,0.11864891809116473,0.24119645742924045,0.028398407327837605,0.02066700403787869,0.03638325860846092,0.05050658596856494,0.03875581368426939,0.0028673913716468213,0.0025635766667464477,0.32101556741915505,0.0861002980604965,0.10382520714439339,606,0.16735711752593546,0.20491798351024226,0.17227371208473763,0.17249387732608762,0.22654835006323465,0.1898865125617788,0.19731434715480983,0.1877474386673681,0.17047527330852666,0.14259692533902762,0.18316115375417485,0.022160479939809095,631
802,0.02900686264038086,0.000894548975579169,0.005200934410095215,0.0004002095440580664,"XGBRegressor(base_score=None, booster=None, callbacks=None,
             colsample_bylevel=None, colsample_bynode=None,
             colsample_bytree=None, device=None, early_stopping_rounds=None,
             enable_categorical=False, eval_metric=None, feature_types=None,
             gamma=None, grow_policy=None, importance_type=None,
             interaction_constraints=None, learning_rate=None, max_bin=None,
             max_cat_threshold=None, max_cat_to_onehot=None,
             max_delta_step=None, max_depth=None, max_leaves=None,
             min_child_weight=None, missing=nan, monotone_constraints=None,
             multi_strategy=None, n_estimators=None, n_jobs=None,
             num_parallel_tree=None, random_state=None, ...)",,,20,,,,,0.7,3,3,1,42,,,,,,"{'estimator': XGBRegressor(base_score=None, booster=None, callbacks=None,
             colsample_bylevel=None, colsample_bynode=None,
             colsample_bytree=None, device=None, early_stopping_rounds=None,
             enable_categorical=False, eval_metric=None, feature_types=None,
             gamma=None, grow_policy=None, importance_type=None,
             interaction_constraints=None, learning_rate=None, max_bin=None,
             max_cat_threshold=None, max_cat_to_onehot=None,
             max_delta_step=None, max_depth=None, max_leaves=None,
             min_child_weight=None, missing=nan, monotone_constraints=None,
             multi_strategy=None, n_estimators=None, n_jobs=None,
             num_parallel_tree=None, random_state=None, ...), 'estimator__eta': 0.7, 'estimator__gamma': 20, 'estimator__max_delta_step': 3, 'estimator__max_depth': 3, 'estimator__min_child_weight': 1, 'estimator__random_state': 42}",0.03599063436210516,0.05799454693120446,0.037869750305241666,0.04029670713212541,0.06181477486725849,0.06275382538843341,0.0585904735445141,0.04645832659715925,0.03450532229957629,0.02795477719537449,0.04642291386229928,0.012199106700667508,589,0.11864891809116473,0.24119645742924045,0.028398407327837605,0.02066700403787869,0.03638325860846092,0.05050658596856494,0.03875581368426939,0.0028673913716468213,0.0025635766667464477,0.32101556741915505,0.0861002980604965,0.10382520714439339,606,0.16735711752593546,0.20491798351024226,0.17227371208473763,0.17249387732608762,0.22654835006323465,0.1898865125617788,0.19731434715480983,0.1877474386673681,0.17047527330852666,0.14259692533902762,0.18316115375417485,0.022160479939809095,631
803,0.02920699119567871,0.0006000996488496086,0.005200958251953125,0.0006000678323442855,"XGBRegressor(base_score=None, booster=None, callbacks=None,
             colsample_bylevel=None, colsample_bynode=None,
             colsample_bytree=None, device=None, early_stopping_rounds=None,
             enable_categorical=False, eval_metric=None, feature_types=None,
             gamma=None, grow_policy=None, importance_type=None,
             interaction_constraints=None, learning_rate=None, max_bin=None,
             max_cat_threshold=None, max_cat_to_onehot=None,
             max_delta_step=None, max_depth=None, max_leaves=None,
             min_child_weight=None, missing=nan, monotone_constraints=None,
             multi_strategy=None, n_estimators=None, n_jobs=None,
             num_parallel_tree=None, random_state=None, ...)",,,20,,,,,0.7,3,3,10,42,,,,,,"{'estimator': XGBRegressor(base_score=None, booster=None, callbacks=None,
             colsample_bylevel=None, colsample_bynode=None,
             colsample_bytree=None, device=None, early_stopping_rounds=None,
             enable_categorical=False, eval_metric=None, feature_types=None,
             gamma=None, grow_policy=None, importance_type=None,
             interaction_constraints=None, learning_rate=None, max_bin=None,
             max_cat_threshold=None, max_cat_to_onehot=None,
             max_delta_step=None, max_depth=None, max_leaves=None,
             min_child_weight=None, missing=nan, monotone_constraints=None,
             multi_strategy=None, n_estimators=None, n_jobs=None,
             num_parallel_tree=None, random_state=None, ...), 'estimator__eta': 0.7, 'estimator__gamma': 20, 'estimator__max_delta_step': 3, 'estimator__max_depth': 3, 'estimator__min_child_weight': 10, 'estimator__random_state': 42}",0.03599063436210516,0.05799454693120446,0.037869750305241666,0.04029670713212541,0.06181477486725849,0.06275382538843341,0.0585904735445141,0.04645832659715925,0.03450532229957629,0.02795477719537449,0.04642291386229928,0.012199106700667508,589,0.11864891809116473,0.24119645742924045,0.028398407327837605,0.02066700403787869,0.03638325860846092,0.05050658596856494,0.03875581368426939,0.0028673913716468213,0.0025635766667464477,0.32101556741915505,0.0861002980604965,0.10382520714439339,606,0.16735711752593546,0.20491798351024226,0.17227371208473763,0.17249387732608762,0.22654835006323465,0.1898865125617788,0.19731434715480983,0.1877474386673681,0.17047527330852666,0.14259692533902762,0.18316115375417485,0.022160479939809095,631
804,0.028906869888305663,0.001135922023725663,0.005100798606872558,0.0005388362749561086,"XGBRegressor(base_score=None, booster=None, callbacks=None,
             colsample_bylevel=None, colsample_bynode=None,
             colsample_bytree=None, device=None, early_stopping_rounds=None,
             enable_categorical=False, eval_metric=None, feature_types=None,
             gamma=None, grow_policy=None, importance_type=None,
             interaction_constraints=None, learning_rate=None, max_bin=None,
             max_cat_threshold=None, max_cat_to_onehot=None,
             max_delta_step=None, max_depth=None, max_leaves=None,
             min_child_weight=None, missing=nan, monotone_constraints=None,
             multi_strategy=None, n_estimators=None, n_jobs=None,
             num_parallel_tree=None, random_state=None, ...)",,,20,,,,,0.7,3,6,0,42,,,,,,"{'estimator': XGBRegressor(base_score=None, booster=None, callbacks=None,
             colsample_bylevel=None, colsample_bynode=None,
             colsample_bytree=None, device=None, early_stopping_rounds=None,
             enable_categorical=False, eval_metric=None, feature_types=None,
             gamma=None, grow_policy=None, importance_type=None,
             interaction_constraints=None, learning_rate=None, max_bin=None,
             max_cat_threshold=None, max_cat_to_onehot=None,
             max_delta_step=None, max_depth=None, max_leaves=None,
             min_child_weight=None, missing=nan, monotone_constraints=None,
             multi_strategy=None, n_estimators=None, n_jobs=None,
             num_parallel_tree=None, random_state=None, ...), 'estimator__eta': 0.7, 'estimator__gamma': 20, 'estimator__max_delta_step': 3, 'estimator__max_depth': 6, 'estimator__min_child_weight': 0, 'estimator__random_state': 42}",0.03599063436210516,0.05799454693120446,0.037869750305241666,0.04029670713212541,0.06181477486725849,0.06275382538843341,0.0585904735445141,0.04645832659715925,0.03450532229957629,0.02795477719537449,0.04642291386229928,0.012199106700667508,589,0.11864891809116473,0.24119645742924045,0.028398407327837605,0.02066700403787869,0.03638325860846092,0.05050658596856494,0.03875581368426939,0.0028673913716468213,0.0025635766667464477,0.32101556741915505,0.0861002980604965,0.10382520714439339,606,0.16735711752593546,0.20491798351024226,0.17227371208473763,0.17249387732608762,0.22654835006323465,0.1898865125617788,0.19731434715480983,0.1877474386673681,0.17047527330852666,0.14259692533902762,0.18316115375417485,0.022160479939809095,631
805,0.028406381607055664,0.0006632554020721393,0.005201148986816406,0.00040016188521514495,"XGBRegressor(base_score=None, booster=None, callbacks=None,
             colsample_bylevel=None, colsample_bynode=None,
             colsample_bytree=None, device=None, early_stopping_rounds=None,
             enable_categorical=False, eval_metric=None, feature_types=None,
             gamma=None, grow_policy=None, importance_type=None,
             interaction_constraints=None, learning_rate=None, max_bin=None,
             max_cat_threshold=None, max_cat_to_onehot=None,
             max_delta_step=None, max_depth=None, max_leaves=None,
             min_child_weight=None, missing=nan, monotone_constraints=None,
             multi_strategy=None, n_estimators=None, n_jobs=None,
             num_parallel_tree=None, random_state=None, ...)",,,20,,,,,0.7,3,6,1,42,,,,,,"{'estimator': XGBRegressor(base_score=None, booster=None, callbacks=None,
             colsample_bylevel=None, colsample_bynode=None,
             colsample_bytree=None, device=None, early_stopping_rounds=None,
             enable_categorical=False, eval_metric=None, feature_types=None,
             gamma=None, grow_policy=None, importance_type=None,
             interaction_constraints=None, learning_rate=None, max_bin=None,
             max_cat_threshold=None, max_cat_to_onehot=None,
             max_delta_step=None, max_depth=None, max_leaves=None,
             min_child_weight=None, missing=nan, monotone_constraints=None,
             multi_strategy=None, n_estimators=None, n_jobs=None,
             num_parallel_tree=None, random_state=None, ...), 'estimator__eta': 0.7, 'estimator__gamma': 20, 'estimator__max_delta_step': 3, 'estimator__max_depth': 6, 'estimator__min_child_weight': 1, 'estimator__random_state': 42}",0.03599063436210516,0.05799454693120446,0.037869750305241666,0.04029670713212541,0.06181477486725849,0.06275382538843341,0.0585904735445141,0.04645832659715925,0.03450532229957629,0.02795477719537449,0.04642291386229928,0.012199106700667508,589,0.11864891809116473,0.24119645742924045,0.028398407327837605,0.02066700403787869,0.03638325860846092,0.05050658596856494,0.03875581368426939,0.0028673913716468213,0.0025635766667464477,0.32101556741915505,0.0861002980604965,0.10382520714439339,606,0.16735711752593546,0.20491798351024226,0.17227371208473763,0.17249387732608762,0.22654835006323465,0.1898865125617788,0.19731434715480983,0.1877474386673681,0.17047527330852666,0.14259692533902762,0.18316115375417485,0.022160479939809095,631
806,0.02810647487640381,0.0005386680338804389,0.004900884628295898,0.00030007385097502936,"XGBRegressor(base_score=None, booster=None, callbacks=None,
             colsample_bylevel=None, colsample_bynode=None,
             colsample_bytree=None, device=None, early_stopping_rounds=None,
             enable_categorical=False, eval_metric=None, feature_types=None,
             gamma=None, grow_policy=None, importance_type=None,
             interaction_constraints=None, learning_rate=None, max_bin=None,
             max_cat_threshold=None, max_cat_to_onehot=None,
             max_delta_step=None, max_depth=None, max_leaves=None,
             min_child_weight=None, missing=nan, monotone_constraints=None,
             multi_strategy=None, n_estimators=None, n_jobs=None,
             num_parallel_tree=None, random_state=None, ...)",,,20,,,,,0.7,3,6,10,42,,,,,,"{'estimator': XGBRegressor(base_score=None, booster=None, callbacks=None,
             colsample_bylevel=None, colsample_bynode=None,
             colsample_bytree=None, device=None, early_stopping_rounds=None,
             enable_categorical=False, eval_metric=None, feature_types=None,
             gamma=None, grow_policy=None, importance_type=None,
             interaction_constraints=None, learning_rate=None, max_bin=None,
             max_cat_threshold=None, max_cat_to_onehot=None,
             max_delta_step=None, max_depth=None, max_leaves=None,
             min_child_weight=None, missing=nan, monotone_constraints=None,
             multi_strategy=None, n_estimators=None, n_jobs=None,
             num_parallel_tree=None, random_state=None, ...), 'estimator__eta': 0.7, 'estimator__gamma': 20, 'estimator__max_delta_step': 3, 'estimator__max_depth': 6, 'estimator__min_child_weight': 10, 'estimator__random_state': 42}",0.03599063436210516,0.05799454693120446,0.037869750305241666,0.04029670713212541,0.06181477486725849,0.06275382538843341,0.0585904735445141,0.04645832659715925,0.03450532229957629,0.02795477719537449,0.04642291386229928,0.012199106700667508,589,0.11864891809116473,0.24119645742924045,0.028398407327837605,0.02066700403787869,0.03638325860846092,0.05050658596856494,0.03875581368426939,0.0028673913716468213,0.0025635766667464477,0.32101556741915505,0.0861002980604965,0.10382520714439339,606,0.16735711752593546,0.20491798351024226,0.17227371208473763,0.17249387732608762,0.22654835006323465,0.1898865125617788,0.19731434715480983,0.1877474386673681,0.17047527330852666,0.14259692533902762,0.18316115375417485,0.022160479939809095,631
807,0.028906655311584473,0.0005385527725132129,0.0049009561538696286,0.0003000183358004846,"XGBRegressor(base_score=None, booster=None, callbacks=None,
             colsample_bylevel=None, colsample_bynode=None,
             colsample_bytree=None, device=None, early_stopping_rounds=None,
             enable_categorical=False, eval_metric=None, feature_types=None,
             gamma=None, grow_policy=None, importance_type=None,
             interaction_constraints=None, learning_rate=None, max_bin=None,
             max_cat_threshold=None, max_cat_to_onehot=None,
             max_delta_step=None, max_depth=None, max_leaves=None,
             min_child_weight=None, missing=nan, monotone_constraints=None,
             multi_strategy=None, n_estimators=None, n_jobs=None,
             num_parallel_tree=None, random_state=None, ...)",,,20,,,,,0.7,3,9,0,42,,,,,,"{'estimator': XGBRegressor(base_score=None, booster=None, callbacks=None,
             colsample_bylevel=None, colsample_bynode=None,
             colsample_bytree=None, device=None, early_stopping_rounds=None,
             enable_categorical=False, eval_metric=None, feature_types=None,
             gamma=None, grow_policy=None, importance_type=None,
             interaction_constraints=None, learning_rate=None, max_bin=None,
             max_cat_threshold=None, max_cat_to_onehot=None,
             max_delta_step=None, max_depth=None, max_leaves=None,
             min_child_weight=None, missing=nan, monotone_constraints=None,
             multi_strategy=None, n_estimators=None, n_jobs=None,
             num_parallel_tree=None, random_state=None, ...), 'estimator__eta': 0.7, 'estimator__gamma': 20, 'estimator__max_delta_step': 3, 'estimator__max_depth': 9, 'estimator__min_child_weight': 0, 'estimator__random_state': 42}",0.03599063436210516,0.05799454693120446,0.037869750305241666,0.04029670713212541,0.06181477486725849,0.06275382538843341,0.0585904735445141,0.04645832659715925,0.03450532229957629,0.02795477719537449,0.04642291386229928,0.012199106700667508,589,0.11864891809116473,0.24119645742924045,0.028398407327837605,0.02066700403787869,0.03638325860846092,0.05050658596856494,0.03875581368426939,0.0028673913716468213,0.0025635766667464477,0.32101556741915505,0.0861002980604965,0.10382520714439339,606,0.16735711752593546,0.20491798351024226,0.17227371208473763,0.17249387732608762,0.22654835006323465,0.1898865125617788,0.19731434715480983,0.1877474386673681,0.17047527330852666,0.14259692533902762,0.18316115375417485,0.022160479939809095,631
808,0.029006528854370116,0.0010003806339574685,0.005101490020751953,0.0003004715260702516,"XGBRegressor(base_score=None, booster=None, callbacks=None,
             colsample_bylevel=None, colsample_bynode=None,
             colsample_bytree=None, device=None, early_stopping_rounds=None,
             enable_categorical=False, eval_metric=None, feature_types=None,
             gamma=None, grow_policy=None, importance_type=None,
             interaction_constraints=None, learning_rate=None, max_bin=None,
             max_cat_threshold=None, max_cat_to_onehot=None,
             max_delta_step=None, max_depth=None, max_leaves=None,
             min_child_weight=None, missing=nan, monotone_constraints=None,
             multi_strategy=None, n_estimators=None, n_jobs=None,
             num_parallel_tree=None, random_state=None, ...)",,,20,,,,,0.7,3,9,1,42,,,,,,"{'estimator': XGBRegressor(base_score=None, booster=None, callbacks=None,
             colsample_bylevel=None, colsample_bynode=None,
             colsample_bytree=None, device=None, early_stopping_rounds=None,
             enable_categorical=False, eval_metric=None, feature_types=None,
             gamma=None, grow_policy=None, importance_type=None,
             interaction_constraints=None, learning_rate=None, max_bin=None,
             max_cat_threshold=None, max_cat_to_onehot=None,
             max_delta_step=None, max_depth=None, max_leaves=None,
             min_child_weight=None, missing=nan, monotone_constraints=None,
             multi_strategy=None, n_estimators=None, n_jobs=None,
             num_parallel_tree=None, random_state=None, ...), 'estimator__eta': 0.7, 'estimator__gamma': 20, 'estimator__max_delta_step': 3, 'estimator__max_depth': 9, 'estimator__min_child_weight': 1, 'estimator__random_state': 42}",0.03599063436210516,0.05799454693120446,0.037869750305241666,0.04029670713212541,0.06181477486725849,0.06275382538843341,0.0585904735445141,0.04645832659715925,0.03450532229957629,0.02795477719537449,0.04642291386229928,0.012199106700667508,589,0.11864891809116473,0.24119645742924045,0.028398407327837605,0.02066700403787869,0.03638325860846092,0.05050658596856494,0.03875581368426939,0.0028673913716468213,0.0025635766667464477,0.32101556741915505,0.0861002980604965,0.10382520714439339,606,0.16735711752593546,0.20491798351024226,0.17227371208473763,0.17249387732608762,0.22654835006323465,0.1898865125617788,0.19731434715480983,0.1877474386673681,0.17047527330852666,0.14259692533902762,0.18316115375417485,0.022160479939809095,631
809,0.028906702995300293,0.0009437569253679126,0.005201005935668945,0.00040023344982054724,"XGBRegressor(base_score=None, booster=None, callbacks=None,
             colsample_bylevel=None, colsample_bynode=None,
             colsample_bytree=None, device=None, early_stopping_rounds=None,
             enable_categorical=False, eval_metric=None, feature_types=None,
             gamma=None, grow_policy=None, importance_type=None,
             interaction_constraints=None, learning_rate=None, max_bin=None,
             max_cat_threshold=None, max_cat_to_onehot=None,
             max_delta_step=None, max_depth=None, max_leaves=None,
             min_child_weight=None, missing=nan, monotone_constraints=None,
             multi_strategy=None, n_estimators=None, n_jobs=None,
             num_parallel_tree=None, random_state=None, ...)",,,20,,,,,0.7,3,9,10,42,,,,,,"{'estimator': XGBRegressor(base_score=None, booster=None, callbacks=None,
             colsample_bylevel=None, colsample_bynode=None,
             colsample_bytree=None, device=None, early_stopping_rounds=None,
             enable_categorical=False, eval_metric=None, feature_types=None,
             gamma=None, grow_policy=None, importance_type=None,
             interaction_constraints=None, learning_rate=None, max_bin=None,
             max_cat_threshold=None, max_cat_to_onehot=None,
             max_delta_step=None, max_depth=None, max_leaves=None,
             min_child_weight=None, missing=nan, monotone_constraints=None,
             multi_strategy=None, n_estimators=None, n_jobs=None,
             num_parallel_tree=None, random_state=None, ...), 'estimator__eta': 0.7, 'estimator__gamma': 20, 'estimator__max_delta_step': 3, 'estimator__max_depth': 9, 'estimator__min_child_weight': 10, 'estimator__random_state': 42}",0.03599063436210516,0.05799454693120446,0.037869750305241666,0.04029670713212541,0.06181477486725849,0.06275382538843341,0.0585904735445141,0.04645832659715925,0.03450532229957629,0.02795477719537449,0.04642291386229928,0.012199106700667508,589,0.11864891809116473,0.24119645742924045,0.028398407327837605,0.02066700403787869,0.03638325860846092,0.05050658596856494,0.03875581368426939,0.0028673913716468213,0.0025635766667464477,0.32101556741915505,0.0861002980604965,0.10382520714439339,606,0.16735711752593546,0.20491798351024226,0.17227371208473763,0.17249387732608762,0.22654835006323465,0.1898865125617788,0.19731434715480983,0.1877474386673681,0.17047527330852666,0.14259692533902762,0.18316115375417485,0.022160479939809095,631
810,0.029006814956665038,0.000774417539376566,0.005100774765014649,0.0003001533826931547,"XGBRegressor(base_score=None, booster=None, callbacks=None,
             colsample_bylevel=None, colsample_bynode=None,
             colsample_bytree=None, device=None, early_stopping_rounds=None,
             enable_categorical=False, eval_metric=None, feature_types=None,
             gamma=None, grow_policy=None, importance_type=None,
             interaction_constraints=None, learning_rate=None, max_bin=None,
             max_cat_threshold=None, max_cat_to_onehot=None,
             max_delta_step=None, max_depth=None, max_leaves=None,
             min_child_weight=None, missing=nan, monotone_constraints=None,
             multi_strategy=None, n_estimators=None, n_jobs=None,
             num_parallel_tree=None, random_state=None, ...)",,,20,,,,,0.7,6,3,0,42,,,,,,"{'estimator': XGBRegressor(base_score=None, booster=None, callbacks=None,
             colsample_bylevel=None, colsample_bynode=None,
             colsample_bytree=None, device=None, early_stopping_rounds=None,
             enable_categorical=False, eval_metric=None, feature_types=None,
             gamma=None, grow_policy=None, importance_type=None,
             interaction_constraints=None, learning_rate=None, max_bin=None,
             max_cat_threshold=None, max_cat_to_onehot=None,
             max_delta_step=None, max_depth=None, max_leaves=None,
             min_child_weight=None, missing=nan, monotone_constraints=None,
             multi_strategy=None, n_estimators=None, n_jobs=None,
             num_parallel_tree=None, random_state=None, ...), 'estimator__eta': 0.7, 'estimator__gamma': 20, 'estimator__max_delta_step': 6, 'estimator__max_depth': 3, 'estimator__min_child_weight': 0, 'estimator__random_state': 42}",0.03599063436210516,0.05799454693120446,0.037869750305241666,0.04029670713212541,0.06181477486725849,0.06275382538843341,0.0585904735445141,0.04645832659715925,0.03450532229957629,0.02795477719537449,0.04642291386229928,0.012199106700667508,589,0.11864891809116473,0.24119645742924045,0.028398407327837605,0.02066700403787869,0.03638325860846092,0.05050658596856494,0.03875581368426939,0.0028673913716468213,0.0025635766667464477,0.32101556741915505,0.0861002980604965,0.10382520714439339,606,0.16735711752593546,0.20491798351024226,0.17227371208473763,0.17249387732608762,0.22654835006323465,0.1898865125617788,0.19731434715480983,0.1877474386673681,0.17047527330852666,0.14259692533902762,0.18316115375417485,0.022160479939809095,631
811,0.028906583786010742,0.0005385838656659026,0.005201125144958496,0.0004001141624475555,"XGBRegressor(base_score=None, booster=None, callbacks=None,
             colsample_bylevel=None, colsample_bynode=None,
             colsample_bytree=None, device=None, early_stopping_rounds=None,
             enable_categorical=False, eval_metric=None, feature_types=None,
             gamma=None, grow_policy=None, importance_type=None,
             interaction_constraints=None, learning_rate=None, max_bin=None,
             max_cat_threshold=None, max_cat_to_onehot=None,
             max_delta_step=None, max_depth=None, max_leaves=None,
             min_child_weight=None, missing=nan, monotone_constraints=None,
             multi_strategy=None, n_estimators=None, n_jobs=None,
             num_parallel_tree=None, random_state=None, ...)",,,20,,,,,0.7,6,3,1,42,,,,,,"{'estimator': XGBRegressor(base_score=None, booster=None, callbacks=None,
             colsample_bylevel=None, colsample_bynode=None,
             colsample_bytree=None, device=None, early_stopping_rounds=None,
             enable_categorical=False, eval_metric=None, feature_types=None,
             gamma=None, grow_policy=None, importance_type=None,
             interaction_constraints=None, learning_rate=None, max_bin=None,
             max_cat_threshold=None, max_cat_to_onehot=None,
             max_delta_step=None, max_depth=None, max_leaves=None,
             min_child_weight=None, missing=nan, monotone_constraints=None,
             multi_strategy=None, n_estimators=None, n_jobs=None,
             num_parallel_tree=None, random_state=None, ...), 'estimator__eta': 0.7, 'estimator__gamma': 20, 'estimator__max_delta_step': 6, 'estimator__max_depth': 3, 'estimator__min_child_weight': 1, 'estimator__random_state': 42}",0.03599063436210516,0.05799454693120446,0.037869750305241666,0.04029670713212541,0.06181477486725849,0.06275382538843341,0.0585904735445141,0.04645832659715925,0.03450532229957629,0.02795477719537449,0.04642291386229928,0.012199106700667508,589,0.11864891809116473,0.24119645742924045,0.028398407327837605,0.02066700403787869,0.03638325860846092,0.05050658596856494,0.03875581368426939,0.0028673913716468213,0.0025635766667464477,0.32101556741915505,0.0861002980604965,0.10382520714439339,606,0.16735711752593546,0.20491798351024226,0.17227371208473763,0.17249387732608762,0.22654835006323465,0.1898865125617788,0.19731434715480983,0.1877474386673681,0.17047527330852666,0.14259692533902762,0.18316115375417485,0.022160479939809095,631
812,0.02850661277770996,0.0009221722576495072,0.00510094165802002,0.0003001774454554814,"XGBRegressor(base_score=None, booster=None, callbacks=None,
             colsample_bylevel=None, colsample_bynode=None,
             colsample_bytree=None, device=None, early_stopping_rounds=None,
             enable_categorical=False, eval_metric=None, feature_types=None,
             gamma=None, grow_policy=None, importance_type=None,
             interaction_constraints=None, learning_rate=None, max_bin=None,
             max_cat_threshold=None, max_cat_to_onehot=None,
             max_delta_step=None, max_depth=None, max_leaves=None,
             min_child_weight=None, missing=nan, monotone_constraints=None,
             multi_strategy=None, n_estimators=None, n_jobs=None,
             num_parallel_tree=None, random_state=None, ...)",,,20,,,,,0.7,6,3,10,42,,,,,,"{'estimator': XGBRegressor(base_score=None, booster=None, callbacks=None,
             colsample_bylevel=None, colsample_bynode=None,
             colsample_bytree=None, device=None, early_stopping_rounds=None,
             enable_categorical=False, eval_metric=None, feature_types=None,
             gamma=None, grow_policy=None, importance_type=None,
             interaction_constraints=None, learning_rate=None, max_bin=None,
             max_cat_threshold=None, max_cat_to_onehot=None,
             max_delta_step=None, max_depth=None, max_leaves=None,
             min_child_weight=None, missing=nan, monotone_constraints=None,
             multi_strategy=None, n_estimators=None, n_jobs=None,
             num_parallel_tree=None, random_state=None, ...), 'estimator__eta': 0.7, 'estimator__gamma': 20, 'estimator__max_delta_step': 6, 'estimator__max_depth': 3, 'estimator__min_child_weight': 10, 'estimator__random_state': 42}",0.03599063436210516,0.05799454693120446,0.037869750305241666,0.04029670713212541,0.06181477486725849,0.06275382538843341,0.0585904735445141,0.04645832659715925,0.03450532229957629,0.02795477719537449,0.04642291386229928,0.012199106700667508,589,0.11864891809116473,0.24119645742924045,0.028398407327837605,0.02066700403787869,0.03638325860846092,0.05050658596856494,0.03875581368426939,0.0028673913716468213,0.0025635766667464477,0.32101556741915505,0.0861002980604965,0.10382520714439339,606,0.16735711752593546,0.20491798351024226,0.17227371208473763,0.17249387732608762,0.22654835006323465,0.1898865125617788,0.19731434715480983,0.1877474386673681,0.17047527330852666,0.14259692533902762,0.18316115375417485,0.022160479939809095,631
813,0.029106926918029786,0.0008307773308095025,0.005300831794738769,0.0004582608777390857,"XGBRegressor(base_score=None, booster=None, callbacks=None,
             colsample_bylevel=None, colsample_bynode=None,
             colsample_bytree=None, device=None, early_stopping_rounds=None,
             enable_categorical=False, eval_metric=None, feature_types=None,
             gamma=None, grow_policy=None, importance_type=None,
             interaction_constraints=None, learning_rate=None, max_bin=None,
             max_cat_threshold=None, max_cat_to_onehot=None,
             max_delta_step=None, max_depth=None, max_leaves=None,
             min_child_weight=None, missing=nan, monotone_constraints=None,
             multi_strategy=None, n_estimators=None, n_jobs=None,
             num_parallel_tree=None, random_state=None, ...)",,,20,,,,,0.7,6,6,0,42,,,,,,"{'estimator': XGBRegressor(base_score=None, booster=None, callbacks=None,
             colsample_bylevel=None, colsample_bynode=None,
             colsample_bytree=None, device=None, early_stopping_rounds=None,
             enable_categorical=False, eval_metric=None, feature_types=None,
             gamma=None, grow_policy=None, importance_type=None,
             interaction_constraints=None, learning_rate=None, max_bin=None,
             max_cat_threshold=None, max_cat_to_onehot=None,
             max_delta_step=None, max_depth=None, max_leaves=None,
             min_child_weight=None, missing=nan, monotone_constraints=None,
             multi_strategy=None, n_estimators=None, n_jobs=None,
             num_parallel_tree=None, random_state=None, ...), 'estimator__eta': 0.7, 'estimator__gamma': 20, 'estimator__max_delta_step': 6, 'estimator__max_depth': 6, 'estimator__min_child_weight': 0, 'estimator__random_state': 42}",0.03599063436210516,0.05799454693120446,0.037869750305241666,0.04029670713212541,0.06181477486725849,0.06275382538843341,0.0585904735445141,0.04645832659715925,0.03450532229957629,0.02795477719537449,0.04642291386229928,0.012199106700667508,589,0.11864891809116473,0.24119645742924045,0.028398407327837605,0.02066700403787869,0.03638325860846092,0.05050658596856494,0.03875581368426939,0.0028673913716468213,0.0025635766667464477,0.32101556741915505,0.0861002980604965,0.10382520714439339,606,0.16735711752593546,0.20491798351024226,0.17227371208473763,0.17249387732608762,0.22654835006323465,0.1898865125617788,0.19731434715480983,0.1877474386673681,0.17047527330852666,0.14259692533902762,0.18316115375417485,0.022160479939809095,631
814,0.029307055473327636,0.0009001600983242279,0.005200934410095215,0.0006001161214789497,"XGBRegressor(base_score=None, booster=None, callbacks=None,
             colsample_bylevel=None, colsample_bynode=None,
             colsample_bytree=None, device=None, early_stopping_rounds=None,
             enable_categorical=False, eval_metric=None, feature_types=None,
             gamma=None, grow_policy=None, importance_type=None,
             interaction_constraints=None, learning_rate=None, max_bin=None,
             max_cat_threshold=None, max_cat_to_onehot=None,
             max_delta_step=None, max_depth=None, max_leaves=None,
             min_child_weight=None, missing=nan, monotone_constraints=None,
             multi_strategy=None, n_estimators=None, n_jobs=None,
             num_parallel_tree=None, random_state=None, ...)",,,20,,,,,0.7,6,6,1,42,,,,,,"{'estimator': XGBRegressor(base_score=None, booster=None, callbacks=None,
             colsample_bylevel=None, colsample_bynode=None,
             colsample_bytree=None, device=None, early_stopping_rounds=None,
             enable_categorical=False, eval_metric=None, feature_types=None,
             gamma=None, grow_policy=None, importance_type=None,
             interaction_constraints=None, learning_rate=None, max_bin=None,
             max_cat_threshold=None, max_cat_to_onehot=None,
             max_delta_step=None, max_depth=None, max_leaves=None,
             min_child_weight=None, missing=nan, monotone_constraints=None,
             multi_strategy=None, n_estimators=None, n_jobs=None,
             num_parallel_tree=None, random_state=None, ...), 'estimator__eta': 0.7, 'estimator__gamma': 20, 'estimator__max_delta_step': 6, 'estimator__max_depth': 6, 'estimator__min_child_weight': 1, 'estimator__random_state': 42}",0.03599063436210516,0.05799454693120446,0.037869750305241666,0.04029670713212541,0.06181477486725849,0.06275382538843341,0.0585904735445141,0.04645832659715925,0.03450532229957629,0.02795477719537449,0.04642291386229928,0.012199106700667508,589,0.11864891809116473,0.24119645742924045,0.028398407327837605,0.02066700403787869,0.03638325860846092,0.05050658596856494,0.03875581368426939,0.0028673913716468213,0.0025635766667464477,0.32101556741915505,0.0861002980604965,0.10382520714439339,606,0.16735711752593546,0.20491798351024226,0.17227371208473763,0.17249387732608762,0.22654835006323465,0.1898865125617788,0.19731434715480983,0.1877474386673681,0.17047527330852666,0.14259692533902762,0.18316115375417485,0.022160479939809095,631
815,0.02850661277770996,0.0006710917481197905,0.005000925064086914,0.0006329375233076664,"XGBRegressor(base_score=None, booster=None, callbacks=None,
             colsample_bylevel=None, colsample_bynode=None,
             colsample_bytree=None, device=None, early_stopping_rounds=None,
             enable_categorical=False, eval_metric=None, feature_types=None,
             gamma=None, grow_policy=None, importance_type=None,
             interaction_constraints=None, learning_rate=None, max_bin=None,
             max_cat_threshold=None, max_cat_to_onehot=None,
             max_delta_step=None, max_depth=None, max_leaves=None,
             min_child_weight=None, missing=nan, monotone_constraints=None,
             multi_strategy=None, n_estimators=None, n_jobs=None,
             num_parallel_tree=None, random_state=None, ...)",,,20,,,,,0.7,6,6,10,42,,,,,,"{'estimator': XGBRegressor(base_score=None, booster=None, callbacks=None,
             colsample_bylevel=None, colsample_bynode=None,
             colsample_bytree=None, device=None, early_stopping_rounds=None,
             enable_categorical=False, eval_metric=None, feature_types=None,
             gamma=None, grow_policy=None, importance_type=None,
             interaction_constraints=None, learning_rate=None, max_bin=None,
             max_cat_threshold=None, max_cat_to_onehot=None,
             max_delta_step=None, max_depth=None, max_leaves=None,
             min_child_weight=None, missing=nan, monotone_constraints=None,
             multi_strategy=None, n_estimators=None, n_jobs=None,
             num_parallel_tree=None, random_state=None, ...), 'estimator__eta': 0.7, 'estimator__gamma': 20, 'estimator__max_delta_step': 6, 'estimator__max_depth': 6, 'estimator__min_child_weight': 10, 'estimator__random_state': 42}",0.03599063436210516,0.05799454693120446,0.037869750305241666,0.04029670713212541,0.06181477486725849,0.06275382538843341,0.0585904735445141,0.04645832659715925,0.03450532229957629,0.02795477719537449,0.04642291386229928,0.012199106700667508,589,0.11864891809116473,0.24119645742924045,0.028398407327837605,0.02066700403787869,0.03638325860846092,0.05050658596856494,0.03875581368426939,0.0028673913716468213,0.0025635766667464477,0.32101556741915505,0.0861002980604965,0.10382520714439339,606,0.16735711752593546,0.20491798351024226,0.17227371208473763,0.17249387732608762,0.22654835006323465,0.1898865125617788,0.19731434715480983,0.1877474386673681,0.17047527330852666,0.14259692533902762,0.18316115375417485,0.022160479939809095,631
816,0.029806923866271973,0.0009797299023917233,0.0055010318756103516,0.0005002501444733527,"XGBRegressor(base_score=None, booster=None, callbacks=None,
             colsample_bylevel=None, colsample_bynode=None,
             colsample_bytree=None, device=None, early_stopping_rounds=None,
             enable_categorical=False, eval_metric=None, feature_types=None,
             gamma=None, grow_policy=None, importance_type=None,
             interaction_constraints=None, learning_rate=None, max_bin=None,
             max_cat_threshold=None, max_cat_to_onehot=None,
             max_delta_step=None, max_depth=None, max_leaves=None,
             min_child_weight=None, missing=nan, monotone_constraints=None,
             multi_strategy=None, n_estimators=None, n_jobs=None,
             num_parallel_tree=None, random_state=None, ...)",,,20,,,,,0.7,6,9,0,42,,,,,,"{'estimator': XGBRegressor(base_score=None, booster=None, callbacks=None,
             colsample_bylevel=None, colsample_bynode=None,
             colsample_bytree=None, device=None, early_stopping_rounds=None,
             enable_categorical=False, eval_metric=None, feature_types=None,
             gamma=None, grow_policy=None, importance_type=None,
             interaction_constraints=None, learning_rate=None, max_bin=None,
             max_cat_threshold=None, max_cat_to_onehot=None,
             max_delta_step=None, max_depth=None, max_leaves=None,
             min_child_weight=None, missing=nan, monotone_constraints=None,
             multi_strategy=None, n_estimators=None, n_jobs=None,
             num_parallel_tree=None, random_state=None, ...), 'estimator__eta': 0.7, 'estimator__gamma': 20, 'estimator__max_delta_step': 6, 'estimator__max_depth': 9, 'estimator__min_child_weight': 0, 'estimator__random_state': 42}",0.03599063436210516,0.05799454693120446,0.037869750305241666,0.04029670713212541,0.06181477486725849,0.06275382538843341,0.0585904735445141,0.04645832659715925,0.03450532229957629,0.02795477719537449,0.04642291386229928,0.012199106700667508,589,0.11864891809116473,0.24119645742924045,0.028398407327837605,0.02066700403787869,0.03638325860846092,0.05050658596856494,0.03875581368426939,0.0028673913716468213,0.0025635766667464477,0.32101556741915505,0.0861002980604965,0.10382520714439339,606,0.16735711752593546,0.20491798351024226,0.17227371208473763,0.17249387732608762,0.22654835006323465,0.1898865125617788,0.19731434715480983,0.1877474386673681,0.17047527330852666,0.14259692533902762,0.18316115375417485,0.022160479939809095,631
817,0.031507468223571776,0.0016885310410585336,0.005400848388671875,0.0006635718799104939,"XGBRegressor(base_score=None, booster=None, callbacks=None,
             colsample_bylevel=None, colsample_bynode=None,
             colsample_bytree=None, device=None, early_stopping_rounds=None,
             enable_categorical=False, eval_metric=None, feature_types=None,
             gamma=None, grow_policy=None, importance_type=None,
             interaction_constraints=None, learning_rate=None, max_bin=None,
             max_cat_threshold=None, max_cat_to_onehot=None,
             max_delta_step=None, max_depth=None, max_leaves=None,
             min_child_weight=None, missing=nan, monotone_constraints=None,
             multi_strategy=None, n_estimators=None, n_jobs=None,
             num_parallel_tree=None, random_state=None, ...)",,,20,,,,,0.7,6,9,1,42,,,,,,"{'estimator': XGBRegressor(base_score=None, booster=None, callbacks=None,
             colsample_bylevel=None, colsample_bynode=None,
             colsample_bytree=None, device=None, early_stopping_rounds=None,
             enable_categorical=False, eval_metric=None, feature_types=None,
             gamma=None, grow_policy=None, importance_type=None,
             interaction_constraints=None, learning_rate=None, max_bin=None,
             max_cat_threshold=None, max_cat_to_onehot=None,
             max_delta_step=None, max_depth=None, max_leaves=None,
             min_child_weight=None, missing=nan, monotone_constraints=None,
             multi_strategy=None, n_estimators=None, n_jobs=None,
             num_parallel_tree=None, random_state=None, ...), 'estimator__eta': 0.7, 'estimator__gamma': 20, 'estimator__max_delta_step': 6, 'estimator__max_depth': 9, 'estimator__min_child_weight': 1, 'estimator__random_state': 42}",0.03599063436210516,0.05799454693120446,0.037869750305241666,0.04029670713212541,0.06181477486725849,0.06275382538843341,0.0585904735445141,0.04645832659715925,0.03450532229957629,0.02795477719537449,0.04642291386229928,0.012199106700667508,589,0.11864891809116473,0.24119645742924045,0.028398407327837605,0.02066700403787869,0.03638325860846092,0.05050658596856494,0.03875581368426939,0.0028673913716468213,0.0025635766667464477,0.32101556741915505,0.0861002980604965,0.10382520714439339,606,0.16735711752593546,0.20491798351024226,0.17227371208473763,0.17249387732608762,0.22654835006323465,0.1898865125617788,0.19731434715480983,0.1877474386673681,0.17047527330852666,0.14259692533902762,0.18316115375417485,0.022160479939809095,631
818,0.028906774520874024,0.0012209421711677796,0.005200958251953125,0.00040013818187370796,"XGBRegressor(base_score=None, booster=None, callbacks=None,
             colsample_bylevel=None, colsample_bynode=None,
             colsample_bytree=None, device=None, early_stopping_rounds=None,
             enable_categorical=False, eval_metric=None, feature_types=None,
             gamma=None, grow_policy=None, importance_type=None,
             interaction_constraints=None, learning_rate=None, max_bin=None,
             max_cat_threshold=None, max_cat_to_onehot=None,
             max_delta_step=None, max_depth=None, max_leaves=None,
             min_child_weight=None, missing=nan, monotone_constraints=None,
             multi_strategy=None, n_estimators=None, n_jobs=None,
             num_parallel_tree=None, random_state=None, ...)",,,20,,,,,0.7,6,9,10,42,,,,,,"{'estimator': XGBRegressor(base_score=None, booster=None, callbacks=None,
             colsample_bylevel=None, colsample_bynode=None,
             colsample_bytree=None, device=None, early_stopping_rounds=None,
             enable_categorical=False, eval_metric=None, feature_types=None,
             gamma=None, grow_policy=None, importance_type=None,
             interaction_constraints=None, learning_rate=None, max_bin=None,
             max_cat_threshold=None, max_cat_to_onehot=None,
             max_delta_step=None, max_depth=None, max_leaves=None,
             min_child_weight=None, missing=nan, monotone_constraints=None,
             multi_strategy=None, n_estimators=None, n_jobs=None,
             num_parallel_tree=None, random_state=None, ...), 'estimator__eta': 0.7, 'estimator__gamma': 20, 'estimator__max_delta_step': 6, 'estimator__max_depth': 9, 'estimator__min_child_weight': 10, 'estimator__random_state': 42}",0.03599063436210516,0.05799454693120446,0.037869750305241666,0.04029670713212541,0.06181477486725849,0.06275382538843341,0.0585904735445141,0.04645832659715925,0.03450532229957629,0.02795477719537449,0.04642291386229928,0.012199106700667508,589,0.11864891809116473,0.24119645742924045,0.028398407327837605,0.02066700403787869,0.03638325860846092,0.05050658596856494,0.03875581368426939,0.0028673913716468213,0.0025635766667464477,0.32101556741915505,0.0861002980604965,0.10382520714439339,606,0.16735711752593546,0.20491798351024226,0.17227371208473763,0.17249387732608762,0.22654835006323465,0.1898865125617788,0.19731434715480983,0.1877474386673681,0.17047527330852666,0.14259692533902762,0.18316115375417485,0.022160479939809095,631
819,0.02850673198699951,0.0006708607002382307,0.005201101303100586,0.0004000666599022603,"XGBRegressor(base_score=None, booster=None, callbacks=None,
             colsample_bylevel=None, colsample_bynode=None,
             colsample_bytree=None, device=None, early_stopping_rounds=None,
             enable_categorical=False, eval_metric=None, feature_types=None,
             gamma=None, grow_policy=None, importance_type=None,
             interaction_constraints=None, learning_rate=None, max_bin=None,
             max_cat_threshold=None, max_cat_to_onehot=None,
             max_delta_step=None, max_depth=None, max_leaves=None,
             min_child_weight=None, missing=nan, monotone_constraints=None,
             multi_strategy=None, n_estimators=None, n_jobs=None,
             num_parallel_tree=None, random_state=None, ...)",,,30,,,,,0.7,0,3,0,42,,,,,,"{'estimator': XGBRegressor(base_score=None, booster=None, callbacks=None,
             colsample_bylevel=None, colsample_bynode=None,
             colsample_bytree=None, device=None, early_stopping_rounds=None,
             enable_categorical=False, eval_metric=None, feature_types=None,
             gamma=None, grow_policy=None, importance_type=None,
             interaction_constraints=None, learning_rate=None, max_bin=None,
             max_cat_threshold=None, max_cat_to_onehot=None,
             max_delta_step=None, max_depth=None, max_leaves=None,
             min_child_weight=None, missing=nan, monotone_constraints=None,
             multi_strategy=None, n_estimators=None, n_jobs=None,
             num_parallel_tree=None, random_state=None, ...), 'estimator__eta': 0.7, 'estimator__gamma': 30, 'estimator__max_delta_step': 0, 'estimator__max_depth': 3, 'estimator__min_child_weight': 0, 'estimator__random_state': 42}",0.03599063436210516,0.05799454693120446,0.037869750305241666,0.04029670713212541,0.06181477486725849,0.06275382538843341,0.0585904735445141,0.04645832659715925,0.03450532229957629,0.02795477719537449,0.04642291386229928,0.012199106700667508,589,0.11864891809116473,0.24119645742924045,0.028398407327837605,0.02066700403787869,0.03638325860846092,0.05050658596856494,0.03875581368426939,0.0028673913716468213,0.0025635766667464477,0.32101556741915505,0.0861002980604965,0.10382520714439339,606,0.16735711752593546,0.20491798351024226,0.17227371208473763,0.17249387732608762,0.22654835006323465,0.1898865125617788,0.19731434715480983,0.1877474386673681,0.17047527330852666,0.14259692533902762,0.18316115375417485,0.022160479939809095,631
820,0.02830665111541748,0.0006404337018373233,0.0050010204315185545,0.00044728801932701216,"XGBRegressor(base_score=None, booster=None, callbacks=None,
             colsample_bylevel=None, colsample_bynode=None,
             colsample_bytree=None, device=None, early_stopping_rounds=None,
             enable_categorical=False, eval_metric=None, feature_types=None,
             gamma=None, grow_policy=None, importance_type=None,
             interaction_constraints=None, learning_rate=None, max_bin=None,
             max_cat_threshold=None, max_cat_to_onehot=None,
             max_delta_step=None, max_depth=None, max_leaves=None,
             min_child_weight=None, missing=nan, monotone_constraints=None,
             multi_strategy=None, n_estimators=None, n_jobs=None,
             num_parallel_tree=None, random_state=None, ...)",,,30,,,,,0.7,0,3,1,42,,,,,,"{'estimator': XGBRegressor(base_score=None, booster=None, callbacks=None,
             colsample_bylevel=None, colsample_bynode=None,
             colsample_bytree=None, device=None, early_stopping_rounds=None,
             enable_categorical=False, eval_metric=None, feature_types=None,
             gamma=None, grow_policy=None, importance_type=None,
             interaction_constraints=None, learning_rate=None, max_bin=None,
             max_cat_threshold=None, max_cat_to_onehot=None,
             max_delta_step=None, max_depth=None, max_leaves=None,
             min_child_weight=None, missing=nan, monotone_constraints=None,
             multi_strategy=None, n_estimators=None, n_jobs=None,
             num_parallel_tree=None, random_state=None, ...), 'estimator__eta': 0.7, 'estimator__gamma': 30, 'estimator__max_delta_step': 0, 'estimator__max_depth': 3, 'estimator__min_child_weight': 1, 'estimator__random_state': 42}",0.03599063436210516,0.05799454693120446,0.037869750305241666,0.04029670713212541,0.06181477486725849,0.06275382538843341,0.0585904735445141,0.04645832659715925,0.03450532229957629,0.02795477719537449,0.04642291386229928,0.012199106700667508,589,0.11864891809116473,0.24119645742924045,0.028398407327837605,0.02066700403787869,0.03638325860846092,0.05050658596856494,0.03875581368426939,0.0028673913716468213,0.0025635766667464477,0.32101556741915505,0.0861002980604965,0.10382520714439339,606,0.16735711752593546,0.20491798351024226,0.17227371208473763,0.17249387732608762,0.22654835006323465,0.1898865125617788,0.19731434715480983,0.1877474386673681,0.17047527330852666,0.14259692533902762,0.18316115375417485,0.022160479939809095,631
821,0.029106450080871583,0.0005385263003073925,0.005101156234741211,0.0003002650021780432,"XGBRegressor(base_score=None, booster=None, callbacks=None,
             colsample_bylevel=None, colsample_bynode=None,
             colsample_bytree=None, device=None, early_stopping_rounds=None,
             enable_categorical=False, eval_metric=None, feature_types=None,
             gamma=None, grow_policy=None, importance_type=None,
             interaction_constraints=None, learning_rate=None, max_bin=None,
             max_cat_threshold=None, max_cat_to_onehot=None,
             max_delta_step=None, max_depth=None, max_leaves=None,
             min_child_weight=None, missing=nan, monotone_constraints=None,
             multi_strategy=None, n_estimators=None, n_jobs=None,
             num_parallel_tree=None, random_state=None, ...)",,,30,,,,,0.7,0,3,10,42,,,,,,"{'estimator': XGBRegressor(base_score=None, booster=None, callbacks=None,
             colsample_bylevel=None, colsample_bynode=None,
             colsample_bytree=None, device=None, early_stopping_rounds=None,
             enable_categorical=False, eval_metric=None, feature_types=None,
             gamma=None, grow_policy=None, importance_type=None,
             interaction_constraints=None, learning_rate=None, max_bin=None,
             max_cat_threshold=None, max_cat_to_onehot=None,
             max_delta_step=None, max_depth=None, max_leaves=None,
             min_child_weight=None, missing=nan, monotone_constraints=None,
             multi_strategy=None, n_estimators=None, n_jobs=None,
             num_parallel_tree=None, random_state=None, ...), 'estimator__eta': 0.7, 'estimator__gamma': 30, 'estimator__max_delta_step': 0, 'estimator__max_depth': 3, 'estimator__min_child_weight': 10, 'estimator__random_state': 42}",0.03599063436210516,0.05799454693120446,0.037869750305241666,0.04029670713212541,0.06181477486725849,0.06275382538843341,0.0585904735445141,0.04645832659715925,0.03450532229957629,0.02795477719537449,0.04642291386229928,0.012199106700667508,589,0.11864891809116473,0.24119645742924045,0.028398407327837605,0.02066700403787869,0.03638325860846092,0.05050658596856494,0.03875581368426939,0.0028673913716468213,0.0025635766667464477,0.32101556741915505,0.0861002980604965,0.10382520714439339,606,0.16735711752593546,0.20491798351024226,0.17227371208473763,0.17249387732608762,0.22654835006323465,0.1898865125617788,0.19731434715480983,0.1877474386673681,0.17047527330852666,0.14259692533902762,0.18316115375417485,0.022160479939809095,631
822,0.02960653305053711,0.0012003025549153187,0.0053013086318969725,0.0004586250928408962,"XGBRegressor(base_score=None, booster=None, callbacks=None,
             colsample_bylevel=None, colsample_bynode=None,
             colsample_bytree=None, device=None, early_stopping_rounds=None,
             enable_categorical=False, eval_metric=None, feature_types=None,
             gamma=None, grow_policy=None, importance_type=None,
             interaction_constraints=None, learning_rate=None, max_bin=None,
             max_cat_threshold=None, max_cat_to_onehot=None,
             max_delta_step=None, max_depth=None, max_leaves=None,
             min_child_weight=None, missing=nan, monotone_constraints=None,
             multi_strategy=None, n_estimators=None, n_jobs=None,
             num_parallel_tree=None, random_state=None, ...)",,,30,,,,,0.7,0,6,0,42,,,,,,"{'estimator': XGBRegressor(base_score=None, booster=None, callbacks=None,
             colsample_bylevel=None, colsample_bynode=None,
             colsample_bytree=None, device=None, early_stopping_rounds=None,
             enable_categorical=False, eval_metric=None, feature_types=None,
             gamma=None, grow_policy=None, importance_type=None,
             interaction_constraints=None, learning_rate=None, max_bin=None,
             max_cat_threshold=None, max_cat_to_onehot=None,
             max_delta_step=None, max_depth=None, max_leaves=None,
             min_child_weight=None, missing=nan, monotone_constraints=None,
             multi_strategy=None, n_estimators=None, n_jobs=None,
             num_parallel_tree=None, random_state=None, ...), 'estimator__eta': 0.7, 'estimator__gamma': 30, 'estimator__max_delta_step': 0, 'estimator__max_depth': 6, 'estimator__min_child_weight': 0, 'estimator__random_state': 42}",0.03599063436210516,0.05799454693120446,0.037869750305241666,0.04029670713212541,0.06181477486725849,0.06275382538843341,0.0585904735445141,0.04645832659715925,0.03450532229957629,0.02795477719537449,0.04642291386229928,0.012199106700667508,589,0.11864891809116473,0.24119645742924045,0.028398407327837605,0.02066700403787869,0.03638325860846092,0.05050658596856494,0.03875581368426939,0.0028673913716468213,0.0025635766667464477,0.32101556741915505,0.0861002980604965,0.10382520714439339,606,0.16735711752593546,0.20491798351024226,0.17227371208473763,0.17249387732608762,0.22654835006323465,0.1898865125617788,0.19731434715480983,0.1877474386673681,0.17047527330852666,0.14259692533902762,0.18316115375417485,0.022160479939809095,631
823,0.02920684814453125,0.0006005050999990896,0.0051009893417358395,0.0003000821981549194,"XGBRegressor(base_score=None, booster=None, callbacks=None,
             colsample_bylevel=None, colsample_bynode=None,
             colsample_bytree=None, device=None, early_stopping_rounds=None,
             enable_categorical=False, eval_metric=None, feature_types=None,
             gamma=None, grow_policy=None, importance_type=None,
             interaction_constraints=None, learning_rate=None, max_bin=None,
             max_cat_threshold=None, max_cat_to_onehot=None,
             max_delta_step=None, max_depth=None, max_leaves=None,
             min_child_weight=None, missing=nan, monotone_constraints=None,
             multi_strategy=None, n_estimators=None, n_jobs=None,
             num_parallel_tree=None, random_state=None, ...)",,,30,,,,,0.7,0,6,1,42,,,,,,"{'estimator': XGBRegressor(base_score=None, booster=None, callbacks=None,
             colsample_bylevel=None, colsample_bynode=None,
             colsample_bytree=None, device=None, early_stopping_rounds=None,
             enable_categorical=False, eval_metric=None, feature_types=None,
             gamma=None, grow_policy=None, importance_type=None,
             interaction_constraints=None, learning_rate=None, max_bin=None,
             max_cat_threshold=None, max_cat_to_onehot=None,
             max_delta_step=None, max_depth=None, max_leaves=None,
             min_child_weight=None, missing=nan, monotone_constraints=None,
             multi_strategy=None, n_estimators=None, n_jobs=None,
             num_parallel_tree=None, random_state=None, ...), 'estimator__eta': 0.7, 'estimator__gamma': 30, 'estimator__max_delta_step': 0, 'estimator__max_depth': 6, 'estimator__min_child_weight': 1, 'estimator__random_state': 42}",0.03599063436210516,0.05799454693120446,0.037869750305241666,0.04029670713212541,0.06181477486725849,0.06275382538843341,0.0585904735445141,0.04645832659715925,0.03450532229957629,0.02795477719537449,0.04642291386229928,0.012199106700667508,589,0.11864891809116473,0.24119645742924045,0.028398407327837605,0.02066700403787869,0.03638325860846092,0.05050658596856494,0.03875581368426939,0.0028673913716468213,0.0025635766667464477,0.32101556741915505,0.0861002980604965,0.10382520714439339,606,0.16735711752593546,0.20491798351024226,0.17227371208473763,0.17249387732608762,0.22654835006323465,0.1898865125617788,0.19731434715480983,0.1877474386673681,0.17047527330852666,0.14259692533902762,0.18316115375417485,0.022160479939809095,631
824,0.028406739234924316,0.0004904666235800307,0.0051009893417358395,0.00029928710824746,"XGBRegressor(base_score=None, booster=None, callbacks=None,
             colsample_bylevel=None, colsample_bynode=None,
             colsample_bytree=None, device=None, early_stopping_rounds=None,
             enable_categorical=False, eval_metric=None, feature_types=None,
             gamma=None, grow_policy=None, importance_type=None,
             interaction_constraints=None, learning_rate=None, max_bin=None,
             max_cat_threshold=None, max_cat_to_onehot=None,
             max_delta_step=None, max_depth=None, max_leaves=None,
             min_child_weight=None, missing=nan, monotone_constraints=None,
             multi_strategy=None, n_estimators=None, n_jobs=None,
             num_parallel_tree=None, random_state=None, ...)",,,30,,,,,0.7,0,6,10,42,,,,,,"{'estimator': XGBRegressor(base_score=None, booster=None, callbacks=None,
             colsample_bylevel=None, colsample_bynode=None,
             colsample_bytree=None, device=None, early_stopping_rounds=None,
             enable_categorical=False, eval_metric=None, feature_types=None,
             gamma=None, grow_policy=None, importance_type=None,
             interaction_constraints=None, learning_rate=None, max_bin=None,
             max_cat_threshold=None, max_cat_to_onehot=None,
             max_delta_step=None, max_depth=None, max_leaves=None,
             min_child_weight=None, missing=nan, monotone_constraints=None,
             multi_strategy=None, n_estimators=None, n_jobs=None,
             num_parallel_tree=None, random_state=None, ...), 'estimator__eta': 0.7, 'estimator__gamma': 30, 'estimator__max_delta_step': 0, 'estimator__max_depth': 6, 'estimator__min_child_weight': 10, 'estimator__random_state': 42}",0.03599063436210516,0.05799454693120446,0.037869750305241666,0.04029670713212541,0.06181477486725849,0.06275382538843341,0.0585904735445141,0.04645832659715925,0.03450532229957629,0.02795477719537449,0.04642291386229928,0.012199106700667508,589,0.11864891809116473,0.24119645742924045,0.028398407327837605,0.02066700403787869,0.03638325860846092,0.05050658596856494,0.03875581368426939,0.0028673913716468213,0.0025635766667464477,0.32101556741915505,0.0861002980604965,0.10382520714439339,606,0.16735711752593546,0.20491798351024226,0.17227371208473763,0.17249387732608762,0.22654835006323465,0.1898865125617788,0.19731434715480983,0.1877474386673681,0.17047527330852666,0.14259692533902762,0.18316115375417485,0.022160479939809095,631
825,0.029506754875183106,0.0011177719894042723,0.005000996589660645,0.00044766130483692406,"XGBRegressor(base_score=None, booster=None, callbacks=None,
             colsample_bylevel=None, colsample_bynode=None,
             colsample_bytree=None, device=None, early_stopping_rounds=None,
             enable_categorical=False, eval_metric=None, feature_types=None,
             gamma=None, grow_policy=None, importance_type=None,
             interaction_constraints=None, learning_rate=None, max_bin=None,
             max_cat_threshold=None, max_cat_to_onehot=None,
             max_delta_step=None, max_depth=None, max_leaves=None,
             min_child_weight=None, missing=nan, monotone_constraints=None,
             multi_strategy=None, n_estimators=None, n_jobs=None,
             num_parallel_tree=None, random_state=None, ...)",,,30,,,,,0.7,0,9,0,42,,,,,,"{'estimator': XGBRegressor(base_score=None, booster=None, callbacks=None,
             colsample_bylevel=None, colsample_bynode=None,
             colsample_bytree=None, device=None, early_stopping_rounds=None,
             enable_categorical=False, eval_metric=None, feature_types=None,
             gamma=None, grow_policy=None, importance_type=None,
             interaction_constraints=None, learning_rate=None, max_bin=None,
             max_cat_threshold=None, max_cat_to_onehot=None,
             max_delta_step=None, max_depth=None, max_leaves=None,
             min_child_weight=None, missing=nan, monotone_constraints=None,
             multi_strategy=None, n_estimators=None, n_jobs=None,
             num_parallel_tree=None, random_state=None, ...), 'estimator__eta': 0.7, 'estimator__gamma': 30, 'estimator__max_delta_step': 0, 'estimator__max_depth': 9, 'estimator__min_child_weight': 0, 'estimator__random_state': 42}",0.03599063436210516,0.05799454693120446,0.037869750305241666,0.04029670713212541,0.06181477486725849,0.06275382538843341,0.0585904735445141,0.04645832659715925,0.03450532229957629,0.02795477719537449,0.04642291386229928,0.012199106700667508,589,0.11864891809116473,0.24119645742924045,0.028398407327837605,0.02066700403787869,0.03638325860846092,0.05050658596856494,0.03875581368426939,0.0028673913716468213,0.0025635766667464477,0.32101556741915505,0.0861002980604965,0.10382520714439339,606,0.16735711752593546,0.20491798351024226,0.17227371208473763,0.17249387732608762,0.22654835006323465,0.1898865125617788,0.19731434715480983,0.1877474386673681,0.17047527330852666,0.14259692533902762,0.18316115375417485,0.022160479939809095,631
826,0.029106903076171874,0.0008307516294107055,0.005100846290588379,0.0005387390354559281,"XGBRegressor(base_score=None, booster=None, callbacks=None,
             colsample_bylevel=None, colsample_bynode=None,
             colsample_bytree=None, device=None, early_stopping_rounds=None,
             enable_categorical=False, eval_metric=None, feature_types=None,
             gamma=None, grow_policy=None, importance_type=None,
             interaction_constraints=None, learning_rate=None, max_bin=None,
             max_cat_threshold=None, max_cat_to_onehot=None,
             max_delta_step=None, max_depth=None, max_leaves=None,
             min_child_weight=None, missing=nan, monotone_constraints=None,
             multi_strategy=None, n_estimators=None, n_jobs=None,
             num_parallel_tree=None, random_state=None, ...)",,,30,,,,,0.7,0,9,1,42,,,,,,"{'estimator': XGBRegressor(base_score=None, booster=None, callbacks=None,
             colsample_bylevel=None, colsample_bynode=None,
             colsample_bytree=None, device=None, early_stopping_rounds=None,
             enable_categorical=False, eval_metric=None, feature_types=None,
             gamma=None, grow_policy=None, importance_type=None,
             interaction_constraints=None, learning_rate=None, max_bin=None,
             max_cat_threshold=None, max_cat_to_onehot=None,
             max_delta_step=None, max_depth=None, max_leaves=None,
             min_child_weight=None, missing=nan, monotone_constraints=None,
             multi_strategy=None, n_estimators=None, n_jobs=None,
             num_parallel_tree=None, random_state=None, ...), 'estimator__eta': 0.7, 'estimator__gamma': 30, 'estimator__max_delta_step': 0, 'estimator__max_depth': 9, 'estimator__min_child_weight': 1, 'estimator__random_state': 42}",0.03599063436210516,0.05799454693120446,0.037869750305241666,0.04029670713212541,0.06181477486725849,0.06275382538843341,0.0585904735445141,0.04645832659715925,0.03450532229957629,0.02795477719537449,0.04642291386229928,0.012199106700667508,589,0.11864891809116473,0.24119645742924045,0.028398407327837605,0.02066700403787869,0.03638325860846092,0.05050658596856494,0.03875581368426939,0.0028673913716468213,0.0025635766667464477,0.32101556741915505,0.0861002980604965,0.10382520714439339,606,0.16735711752593546,0.20491798351024226,0.17227371208473763,0.17249387732608762,0.22654835006323465,0.1898865125617788,0.19731434715480983,0.1877474386673681,0.17047527330852666,0.14259692533902762,0.18316115375417485,0.022160479939809095,631
827,0.028406548500061034,0.0004898918081117914,0.005101346969604492,0.0003000422218364577,"XGBRegressor(base_score=None, booster=None, callbacks=None,
             colsample_bylevel=None, colsample_bynode=None,
             colsample_bytree=None, device=None, early_stopping_rounds=None,
             enable_categorical=False, eval_metric=None, feature_types=None,
             gamma=None, grow_policy=None, importance_type=None,
             interaction_constraints=None, learning_rate=None, max_bin=None,
             max_cat_threshold=None, max_cat_to_onehot=None,
             max_delta_step=None, max_depth=None, max_leaves=None,
             min_child_weight=None, missing=nan, monotone_constraints=None,
             multi_strategy=None, n_estimators=None, n_jobs=None,
             num_parallel_tree=None, random_state=None, ...)",,,30,,,,,0.7,0,9,10,42,,,,,,"{'estimator': XGBRegressor(base_score=None, booster=None, callbacks=None,
             colsample_bylevel=None, colsample_bynode=None,
             colsample_bytree=None, device=None, early_stopping_rounds=None,
             enable_categorical=False, eval_metric=None, feature_types=None,
             gamma=None, grow_policy=None, importance_type=None,
             interaction_constraints=None, learning_rate=None, max_bin=None,
             max_cat_threshold=None, max_cat_to_onehot=None,
             max_delta_step=None, max_depth=None, max_leaves=None,
             min_child_weight=None, missing=nan, monotone_constraints=None,
             multi_strategy=None, n_estimators=None, n_jobs=None,
             num_parallel_tree=None, random_state=None, ...), 'estimator__eta': 0.7, 'estimator__gamma': 30, 'estimator__max_delta_step': 0, 'estimator__max_depth': 9, 'estimator__min_child_weight': 10, 'estimator__random_state': 42}",0.03599063436210516,0.05799454693120446,0.037869750305241666,0.04029670713212541,0.06181477486725849,0.06275382538843341,0.0585904735445141,0.04645832659715925,0.03450532229957629,0.02795477719537449,0.04642291386229928,0.012199106700667508,589,0.11864891809116473,0.24119645742924045,0.028398407327837605,0.02066700403787869,0.03638325860846092,0.05050658596856494,0.03875581368426939,0.0028673913716468213,0.0025635766667464477,0.32101556741915505,0.0861002980604965,0.10382520714439339,606,0.16735711752593546,0.20491798351024226,0.17227371208473763,0.17249387732608762,0.22654835006323465,0.1898865125617788,0.19731434715480983,0.1877474386673681,0.17047527330852666,0.14259692533902762,0.18316115375417485,0.022160479939809095,631
828,0.028706622123718262,0.0009001070460243682,0.005001235008239746,0.00044734148379988413,"XGBRegressor(base_score=None, booster=None, callbacks=None,
             colsample_bylevel=None, colsample_bynode=None,
             colsample_bytree=None, device=None, early_stopping_rounds=None,
             enable_categorical=False, eval_metric=None, feature_types=None,
             gamma=None, grow_policy=None, importance_type=None,
             interaction_constraints=None, learning_rate=None, max_bin=None,
             max_cat_threshold=None, max_cat_to_onehot=None,
             max_delta_step=None, max_depth=None, max_leaves=None,
             min_child_weight=None, missing=nan, monotone_constraints=None,
             multi_strategy=None, n_estimators=None, n_jobs=None,
             num_parallel_tree=None, random_state=None, ...)",,,30,,,,,0.7,3,3,0,42,,,,,,"{'estimator': XGBRegressor(base_score=None, booster=None, callbacks=None,
             colsample_bylevel=None, colsample_bynode=None,
             colsample_bytree=None, device=None, early_stopping_rounds=None,
             enable_categorical=False, eval_metric=None, feature_types=None,
             gamma=None, grow_policy=None, importance_type=None,
             interaction_constraints=None, learning_rate=None, max_bin=None,
             max_cat_threshold=None, max_cat_to_onehot=None,
             max_delta_step=None, max_depth=None, max_leaves=None,
             min_child_weight=None, missing=nan, monotone_constraints=None,
             multi_strategy=None, n_estimators=None, n_jobs=None,
             num_parallel_tree=None, random_state=None, ...), 'estimator__eta': 0.7, 'estimator__gamma': 30, 'estimator__max_delta_step': 3, 'estimator__max_depth': 3, 'estimator__min_child_weight': 0, 'estimator__random_state': 42}",0.03599063436210516,0.05799454693120446,0.037869750305241666,0.04029670713212541,0.06181477486725849,0.06275382538843341,0.0585904735445141,0.04645832659715925,0.03450532229957629,0.02795477719537449,0.04642291386229928,0.012199106700667508,589,0.11864891809116473,0.24119645742924045,0.028398407327837605,0.02066700403787869,0.03638325860846092,0.05050658596856494,0.03875581368426939,0.0028673913716468213,0.0025635766667464477,0.32101556741915505,0.0861002980604965,0.10382520714439339,606,0.16735711752593546,0.20491798351024226,0.17227371208473763,0.17249387732608762,0.22654835006323465,0.1898865125617788,0.19731434715480983,0.1877474386673681,0.17047527330852666,0.14259692533902762,0.18316115375417485,0.022160479939809095,631
829,0.029006695747375487,0.0004472349666208773,0.005000925064086914,0.0004472347982137763,"XGBRegressor(base_score=None, booster=None, callbacks=None,
             colsample_bylevel=None, colsample_bynode=None,
             colsample_bytree=None, device=None, early_stopping_rounds=None,
             enable_categorical=False, eval_metric=None, feature_types=None,
             gamma=None, grow_policy=None, importance_type=None,
             interaction_constraints=None, learning_rate=None, max_bin=None,
             max_cat_threshold=None, max_cat_to_onehot=None,
             max_delta_step=None, max_depth=None, max_leaves=None,
             min_child_weight=None, missing=nan, monotone_constraints=None,
             multi_strategy=None, n_estimators=None, n_jobs=None,
             num_parallel_tree=None, random_state=None, ...)",,,30,,,,,0.7,3,3,1,42,,,,,,"{'estimator': XGBRegressor(base_score=None, booster=None, callbacks=None,
             colsample_bylevel=None, colsample_bynode=None,
             colsample_bytree=None, device=None, early_stopping_rounds=None,
             enable_categorical=False, eval_metric=None, feature_types=None,
             gamma=None, grow_policy=None, importance_type=None,
             interaction_constraints=None, learning_rate=None, max_bin=None,
             max_cat_threshold=None, max_cat_to_onehot=None,
             max_delta_step=None, max_depth=None, max_leaves=None,
             min_child_weight=None, missing=nan, monotone_constraints=None,
             multi_strategy=None, n_estimators=None, n_jobs=None,
             num_parallel_tree=None, random_state=None, ...), 'estimator__eta': 0.7, 'estimator__gamma': 30, 'estimator__max_delta_step': 3, 'estimator__max_depth': 3, 'estimator__min_child_weight': 1, 'estimator__random_state': 42}",0.03599063436210516,0.05799454693120446,0.037869750305241666,0.04029670713212541,0.06181477486725849,0.06275382538843341,0.0585904735445141,0.04645832659715925,0.03450532229957629,0.02795477719537449,0.04642291386229928,0.012199106700667508,589,0.11864891809116473,0.24119645742924045,0.028398407327837605,0.02066700403787869,0.03638325860846092,0.05050658596856494,0.03875581368426939,0.0028673913716468213,0.0025635766667464477,0.32101556741915505,0.0861002980604965,0.10382520714439339,606,0.16735711752593546,0.20491798351024226,0.17227371208473763,0.17249387732608762,0.22654835006323465,0.1898865125617788,0.19731434715480983,0.1877474386673681,0.17047527330852666,0.14259692533902762,0.18316115375417485,0.022160479939809095,631
830,0.028706812858581544,0.00045821917801291197,0.00490109920501709,0.0003001455280035818,"XGBRegressor(base_score=None, booster=None, callbacks=None,
             colsample_bylevel=None, colsample_bynode=None,
             colsample_bytree=None, device=None, early_stopping_rounds=None,
             enable_categorical=False, eval_metric=None, feature_types=None,
             gamma=None, grow_policy=None, importance_type=None,
             interaction_constraints=None, learning_rate=None, max_bin=None,
             max_cat_threshold=None, max_cat_to_onehot=None,
             max_delta_step=None, max_depth=None, max_leaves=None,
             min_child_weight=None, missing=nan, monotone_constraints=None,
             multi_strategy=None, n_estimators=None, n_jobs=None,
             num_parallel_tree=None, random_state=None, ...)",,,30,,,,,0.7,3,3,10,42,,,,,,"{'estimator': XGBRegressor(base_score=None, booster=None, callbacks=None,
             colsample_bylevel=None, colsample_bynode=None,
             colsample_bytree=None, device=None, early_stopping_rounds=None,
             enable_categorical=False, eval_metric=None, feature_types=None,
             gamma=None, grow_policy=None, importance_type=None,
             interaction_constraints=None, learning_rate=None, max_bin=None,
             max_cat_threshold=None, max_cat_to_onehot=None,
             max_delta_step=None, max_depth=None, max_leaves=None,
             min_child_weight=None, missing=nan, monotone_constraints=None,
             multi_strategy=None, n_estimators=None, n_jobs=None,
             num_parallel_tree=None, random_state=None, ...), 'estimator__eta': 0.7, 'estimator__gamma': 30, 'estimator__max_delta_step': 3, 'estimator__max_depth': 3, 'estimator__min_child_weight': 10, 'estimator__random_state': 42}",0.03599063436210516,0.05799454693120446,0.037869750305241666,0.04029670713212541,0.06181477486725849,0.06275382538843341,0.0585904735445141,0.04645832659715925,0.03450532229957629,0.02795477719537449,0.04642291386229928,0.012199106700667508,589,0.11864891809116473,0.24119645742924045,0.028398407327837605,0.02066700403787869,0.03638325860846092,0.05050658596856494,0.03875581368426939,0.0028673913716468213,0.0025635766667464477,0.32101556741915505,0.0861002980604965,0.10382520714439339,606,0.16735711752593546,0.20491798351024226,0.17227371208473763,0.17249387732608762,0.22654835006323465,0.1898865125617788,0.19731434715480983,0.1877474386673681,0.17047527330852666,0.14259692533902762,0.18316115375417485,0.022160479939809095,631
831,0.029206728935241698,0.0006001473728128578,0.005000853538513183,0.0004472879005028957,"XGBRegressor(base_score=None, booster=None, callbacks=None,
             colsample_bylevel=None, colsample_bynode=None,
             colsample_bytree=None, device=None, early_stopping_rounds=None,
             enable_categorical=False, eval_metric=None, feature_types=None,
             gamma=None, grow_policy=None, importance_type=None,
             interaction_constraints=None, learning_rate=None, max_bin=None,
             max_cat_threshold=None, max_cat_to_onehot=None,
             max_delta_step=None, max_depth=None, max_leaves=None,
             min_child_weight=None, missing=nan, monotone_constraints=None,
             multi_strategy=None, n_estimators=None, n_jobs=None,
             num_parallel_tree=None, random_state=None, ...)",,,30,,,,,0.7,3,6,0,42,,,,,,"{'estimator': XGBRegressor(base_score=None, booster=None, callbacks=None,
             colsample_bylevel=None, colsample_bynode=None,
             colsample_bytree=None, device=None, early_stopping_rounds=None,
             enable_categorical=False, eval_metric=None, feature_types=None,
             gamma=None, grow_policy=None, importance_type=None,
             interaction_constraints=None, learning_rate=None, max_bin=None,
             max_cat_threshold=None, max_cat_to_onehot=None,
             max_delta_step=None, max_depth=None, max_leaves=None,
             min_child_weight=None, missing=nan, monotone_constraints=None,
             multi_strategy=None, n_estimators=None, n_jobs=None,
             num_parallel_tree=None, random_state=None, ...), 'estimator__eta': 0.7, 'estimator__gamma': 30, 'estimator__max_delta_step': 3, 'estimator__max_depth': 6, 'estimator__min_child_weight': 0, 'estimator__random_state': 42}",0.03599063436210516,0.05799454693120446,0.037869750305241666,0.04029670713212541,0.06181477486725849,0.06275382538843341,0.0585904735445141,0.04645832659715925,0.03450532229957629,0.02795477719537449,0.04642291386229928,0.012199106700667508,589,0.11864891809116473,0.24119645742924045,0.028398407327837605,0.02066700403787869,0.03638325860846092,0.05050658596856494,0.03875581368426939,0.0028673913716468213,0.0025635766667464477,0.32101556741915505,0.0861002980604965,0.10382520714439339,606,0.16735711752593546,0.20491798351024226,0.17227371208473763,0.17249387732608762,0.22654835006323465,0.1898865125617788,0.19731434715480983,0.1877474386673681,0.17047527330852666,0.14259692533902762,0.18316115375417485,0.022160479939809095,631
832,0.028706693649291994,0.000640429913203927,0.004918885231018066,0.00031076654213935833,"XGBRegressor(base_score=None, booster=None, callbacks=None,
             colsample_bylevel=None, colsample_bynode=None,
             colsample_bytree=None, device=None, early_stopping_rounds=None,
             enable_categorical=False, eval_metric=None, feature_types=None,
             gamma=None, grow_policy=None, importance_type=None,
             interaction_constraints=None, learning_rate=None, max_bin=None,
             max_cat_threshold=None, max_cat_to_onehot=None,
             max_delta_step=None, max_depth=None, max_leaves=None,
             min_child_weight=None, missing=nan, monotone_constraints=None,
             multi_strategy=None, n_estimators=None, n_jobs=None,
             num_parallel_tree=None, random_state=None, ...)",,,30,,,,,0.7,3,6,1,42,,,,,,"{'estimator': XGBRegressor(base_score=None, booster=None, callbacks=None,
             colsample_bylevel=None, colsample_bynode=None,
             colsample_bytree=None, device=None, early_stopping_rounds=None,
             enable_categorical=False, eval_metric=None, feature_types=None,
             gamma=None, grow_policy=None, importance_type=None,
             interaction_constraints=None, learning_rate=None, max_bin=None,
             max_cat_threshold=None, max_cat_to_onehot=None,
             max_delta_step=None, max_depth=None, max_leaves=None,
             min_child_weight=None, missing=nan, monotone_constraints=None,
             multi_strategy=None, n_estimators=None, n_jobs=None,
             num_parallel_tree=None, random_state=None, ...), 'estimator__eta': 0.7, 'estimator__gamma': 30, 'estimator__max_delta_step': 3, 'estimator__max_depth': 6, 'estimator__min_child_weight': 1, 'estimator__random_state': 42}",0.03599063436210516,0.05799454693120446,0.037869750305241666,0.04029670713212541,0.06181477486725849,0.06275382538843341,0.0585904735445141,0.04645832659715925,0.03450532229957629,0.02795477719537449,0.04642291386229928,0.012199106700667508,589,0.11864891809116473,0.24119645742924045,0.028398407327837605,0.02066700403787869,0.03638325860846092,0.05050658596856494,0.03875581368426939,0.0028673913716468213,0.0025635766667464477,0.32101556741915505,0.0861002980604965,0.10382520714439339,606,0.16735711752593546,0.20491798351024226,0.17227371208473763,0.17249387732608762,0.22654835006323465,0.1898865125617788,0.19731434715480983,0.1877474386673681,0.17047527330852666,0.14259692533902762,0.18316115375417485,0.022160479939809095,631
833,0.02850644588470459,0.0004999879887785701,0.0049008607864379885,0.0003001452439241581,"XGBRegressor(base_score=None, booster=None, callbacks=None,
             colsample_bylevel=None, colsample_bynode=None,
             colsample_bytree=None, device=None, early_stopping_rounds=None,
             enable_categorical=False, eval_metric=None, feature_types=None,
             gamma=None, grow_policy=None, importance_type=None,
             interaction_constraints=None, learning_rate=None, max_bin=None,
             max_cat_threshold=None, max_cat_to_onehot=None,
             max_delta_step=None, max_depth=None, max_leaves=None,
             min_child_weight=None, missing=nan, monotone_constraints=None,
             multi_strategy=None, n_estimators=None, n_jobs=None,
             num_parallel_tree=None, random_state=None, ...)",,,30,,,,,0.7,3,6,10,42,,,,,,"{'estimator': XGBRegressor(base_score=None, booster=None, callbacks=None,
             colsample_bylevel=None, colsample_bynode=None,
             colsample_bytree=None, device=None, early_stopping_rounds=None,
             enable_categorical=False, eval_metric=None, feature_types=None,
             gamma=None, grow_policy=None, importance_type=None,
             interaction_constraints=None, learning_rate=None, max_bin=None,
             max_cat_threshold=None, max_cat_to_onehot=None,
             max_delta_step=None, max_depth=None, max_leaves=None,
             min_child_weight=None, missing=nan, monotone_constraints=None,
             multi_strategy=None, n_estimators=None, n_jobs=None,
             num_parallel_tree=None, random_state=None, ...), 'estimator__eta': 0.7, 'estimator__gamma': 30, 'estimator__max_delta_step': 3, 'estimator__max_depth': 6, 'estimator__min_child_weight': 10, 'estimator__random_state': 42}",0.03599063436210516,0.05799454693120446,0.037869750305241666,0.04029670713212541,0.06181477486725849,0.06275382538843341,0.0585904735445141,0.04645832659715925,0.03450532229957629,0.02795477719537449,0.04642291386229928,0.012199106700667508,589,0.11864891809116473,0.24119645742924045,0.028398407327837605,0.02066700403787869,0.03638325860846092,0.05050658596856494,0.03875581368426939,0.0028673913716468213,0.0025635766667464477,0.32101556741915505,0.0861002980604965,0.10382520714439339,606,0.16735711752593546,0.20491798351024226,0.17227371208473763,0.17249387732608762,0.22654835006323465,0.1898865125617788,0.19731434715480983,0.1877474386673681,0.17047527330852666,0.14259692533902762,0.18316115375417485,0.022160479939809095,631
834,0.0290067195892334,0.0008946291762303397,0.005200719833374024,0.0006001473420302327,"XGBRegressor(base_score=None, booster=None, callbacks=None,
             colsample_bylevel=None, colsample_bynode=None,
             colsample_bytree=None, device=None, early_stopping_rounds=None,
             enable_categorical=False, eval_metric=None, feature_types=None,
             gamma=None, grow_policy=None, importance_type=None,
             interaction_constraints=None, learning_rate=None, max_bin=None,
             max_cat_threshold=None, max_cat_to_onehot=None,
             max_delta_step=None, max_depth=None, max_leaves=None,
             min_child_weight=None, missing=nan, monotone_constraints=None,
             multi_strategy=None, n_estimators=None, n_jobs=None,
             num_parallel_tree=None, random_state=None, ...)",,,30,,,,,0.7,3,9,0,42,,,,,,"{'estimator': XGBRegressor(base_score=None, booster=None, callbacks=None,
             colsample_bylevel=None, colsample_bynode=None,
             colsample_bytree=None, device=None, early_stopping_rounds=None,
             enable_categorical=False, eval_metric=None, feature_types=None,
             gamma=None, grow_policy=None, importance_type=None,
             interaction_constraints=None, learning_rate=None, max_bin=None,
             max_cat_threshold=None, max_cat_to_onehot=None,
             max_delta_step=None, max_depth=None, max_leaves=None,
             min_child_weight=None, missing=nan, monotone_constraints=None,
             multi_strategy=None, n_estimators=None, n_jobs=None,
             num_parallel_tree=None, random_state=None, ...), 'estimator__eta': 0.7, 'estimator__gamma': 30, 'estimator__max_delta_step': 3, 'estimator__max_depth': 9, 'estimator__min_child_weight': 0, 'estimator__random_state': 42}",0.03599063436210516,0.05799454693120446,0.037869750305241666,0.04029670713212541,0.06181477486725849,0.06275382538843341,0.0585904735445141,0.04645832659715925,0.03450532229957629,0.02795477719537449,0.04642291386229928,0.012199106700667508,589,0.11864891809116473,0.24119645742924045,0.028398407327837605,0.02066700403787869,0.03638325860846092,0.05050658596856494,0.03875581368426939,0.0028673913716468213,0.0025635766667464477,0.32101556741915505,0.0861002980604965,0.10382520714439339,606,0.16735711752593546,0.20491798351024226,0.17227371208473763,0.17249387732608762,0.22654835006323465,0.1898865125617788,0.19731434715480983,0.1877474386673681,0.17047527330852666,0.14259692533902762,0.18316115375417485,0.022160479939809095,631
835,0.029606842994689943,0.0004896584039952462,0.004800915718078613,0.0006002589546626041,"XGBRegressor(base_score=None, booster=None, callbacks=None,
             colsample_bylevel=None, colsample_bynode=None,
             colsample_bytree=None, device=None, early_stopping_rounds=None,
             enable_categorical=False, eval_metric=None, feature_types=None,
             gamma=None, grow_policy=None, importance_type=None,
             interaction_constraints=None, learning_rate=None, max_bin=None,
             max_cat_threshold=None, max_cat_to_onehot=None,
             max_delta_step=None, max_depth=None, max_leaves=None,
             min_child_weight=None, missing=nan, monotone_constraints=None,
             multi_strategy=None, n_estimators=None, n_jobs=None,
             num_parallel_tree=None, random_state=None, ...)",,,30,,,,,0.7,3,9,1,42,,,,,,"{'estimator': XGBRegressor(base_score=None, booster=None, callbacks=None,
             colsample_bylevel=None, colsample_bynode=None,
             colsample_bytree=None, device=None, early_stopping_rounds=None,
             enable_categorical=False, eval_metric=None, feature_types=None,
             gamma=None, grow_policy=None, importance_type=None,
             interaction_constraints=None, learning_rate=None, max_bin=None,
             max_cat_threshold=None, max_cat_to_onehot=None,
             max_delta_step=None, max_depth=None, max_leaves=None,
             min_child_weight=None, missing=nan, monotone_constraints=None,
             multi_strategy=None, n_estimators=None, n_jobs=None,
             num_parallel_tree=None, random_state=None, ...), 'estimator__eta': 0.7, 'estimator__gamma': 30, 'estimator__max_delta_step': 3, 'estimator__max_depth': 9, 'estimator__min_child_weight': 1, 'estimator__random_state': 42}",0.03599063436210516,0.05799454693120446,0.037869750305241666,0.04029670713212541,0.06181477486725849,0.06275382538843341,0.0585904735445141,0.04645832659715925,0.03450532229957629,0.02795477719537449,0.04642291386229928,0.012199106700667508,589,0.11864891809116473,0.24119645742924045,0.028398407327837605,0.02066700403787869,0.03638325860846092,0.05050658596856494,0.03875581368426939,0.0028673913716468213,0.0025635766667464477,0.32101556741915505,0.0861002980604965,0.10382520714439339,606,0.16735711752593546,0.20491798351024226,0.17227371208473763,0.17249387732608762,0.22654835006323465,0.1898865125617788,0.19731434715480983,0.1877474386673681,0.17047527330852666,0.14259692533902762,0.18316115375417485,0.022160479939809095,631
836,0.028506708145141602,0.0005000592755830091,0.005000996589660645,0.00044760779284422824,"XGBRegressor(base_score=None, booster=None, callbacks=None,
             colsample_bylevel=None, colsample_bynode=None,
             colsample_bytree=None, device=None, early_stopping_rounds=None,
             enable_categorical=False, eval_metric=None, feature_types=None,
             gamma=None, grow_policy=None, importance_type=None,
             interaction_constraints=None, learning_rate=None, max_bin=None,
             max_cat_threshold=None, max_cat_to_onehot=None,
             max_delta_step=None, max_depth=None, max_leaves=None,
             min_child_weight=None, missing=nan, monotone_constraints=None,
             multi_strategy=None, n_estimators=None, n_jobs=None,
             num_parallel_tree=None, random_state=None, ...)",,,30,,,,,0.7,3,9,10,42,,,,,,"{'estimator': XGBRegressor(base_score=None, booster=None, callbacks=None,
             colsample_bylevel=None, colsample_bynode=None,
             colsample_bytree=None, device=None, early_stopping_rounds=None,
             enable_categorical=False, eval_metric=None, feature_types=None,
             gamma=None, grow_policy=None, importance_type=None,
             interaction_constraints=None, learning_rate=None, max_bin=None,
             max_cat_threshold=None, max_cat_to_onehot=None,
             max_delta_step=None, max_depth=None, max_leaves=None,
             min_child_weight=None, missing=nan, monotone_constraints=None,
             multi_strategy=None, n_estimators=None, n_jobs=None,
             num_parallel_tree=None, random_state=None, ...), 'estimator__eta': 0.7, 'estimator__gamma': 30, 'estimator__max_delta_step': 3, 'estimator__max_depth': 9, 'estimator__min_child_weight': 10, 'estimator__random_state': 42}",0.03599063436210516,0.05799454693120446,0.037869750305241666,0.04029670713212541,0.06181477486725849,0.06275382538843341,0.0585904735445141,0.04645832659715925,0.03450532229957629,0.02795477719537449,0.04642291386229928,0.012199106700667508,589,0.11864891809116473,0.24119645742924045,0.028398407327837605,0.02066700403787869,0.03638325860846092,0.05050658596856494,0.03875581368426939,0.0028673913716468213,0.0025635766667464477,0.32101556741915505,0.0861002980604965,0.10382520714439339,606,0.16735711752593546,0.20491798351024226,0.17227371208473763,0.17249387732608762,0.22654835006323465,0.1898865125617788,0.19731434715480983,0.1877474386673681,0.17047527330852666,0.14259692533902762,0.18316115375417485,0.022160479939809095,631
837,0.028906989097595214,0.0011358275023647243,0.005000948905944824,0.00044739461090727295,"XGBRegressor(base_score=None, booster=None, callbacks=None,
             colsample_bylevel=None, colsample_bynode=None,
             colsample_bytree=None, device=None, early_stopping_rounds=None,
             enable_categorical=False, eval_metric=None, feature_types=None,
             gamma=None, grow_policy=None, importance_type=None,
             interaction_constraints=None, learning_rate=None, max_bin=None,
             max_cat_threshold=None, max_cat_to_onehot=None,
             max_delta_step=None, max_depth=None, max_leaves=None,
             min_child_weight=None, missing=nan, monotone_constraints=None,
             multi_strategy=None, n_estimators=None, n_jobs=None,
             num_parallel_tree=None, random_state=None, ...)",,,30,,,,,0.7,6,3,0,42,,,,,,"{'estimator': XGBRegressor(base_score=None, booster=None, callbacks=None,
             colsample_bylevel=None, colsample_bynode=None,
             colsample_bytree=None, device=None, early_stopping_rounds=None,
             enable_categorical=False, eval_metric=None, feature_types=None,
             gamma=None, grow_policy=None, importance_type=None,
             interaction_constraints=None, learning_rate=None, max_bin=None,
             max_cat_threshold=None, max_cat_to_onehot=None,
             max_delta_step=None, max_depth=None, max_leaves=None,
             min_child_weight=None, missing=nan, monotone_constraints=None,
             multi_strategy=None, n_estimators=None, n_jobs=None,
             num_parallel_tree=None, random_state=None, ...), 'estimator__eta': 0.7, 'estimator__gamma': 30, 'estimator__max_delta_step': 6, 'estimator__max_depth': 3, 'estimator__min_child_weight': 0, 'estimator__random_state': 42}",0.03599063436210516,0.05799454693120446,0.037869750305241666,0.04029670713212541,0.06181477486725849,0.06275382538843341,0.0585904735445141,0.04645832659715925,0.03450532229957629,0.02795477719537449,0.04642291386229928,0.012199106700667508,589,0.11864891809116473,0.24119645742924045,0.028398407327837605,0.02066700403787869,0.03638325860846092,0.05050658596856494,0.03875581368426939,0.0028673913716468213,0.0025635766667464477,0.32101556741915505,0.0861002980604965,0.10382520714439339,606,0.16735711752593546,0.20491798351024226,0.17227371208473763,0.17249387732608762,0.22654835006323465,0.1898865125617788,0.19731434715480983,0.1877474386673681,0.17047527330852666,0.14259692533902762,0.18316115375417485,0.022160479939809095,631
838,0.028606677055358888,0.0004899015245851263,0.005100917816162109,0.000538637117603498,"XGBRegressor(base_score=None, booster=None, callbacks=None,
             colsample_bylevel=None, colsample_bynode=None,
             colsample_bytree=None, device=None, early_stopping_rounds=None,
             enable_categorical=False, eval_metric=None, feature_types=None,
             gamma=None, grow_policy=None, importance_type=None,
             interaction_constraints=None, learning_rate=None, max_bin=None,
             max_cat_threshold=None, max_cat_to_onehot=None,
             max_delta_step=None, max_depth=None, max_leaves=None,
             min_child_weight=None, missing=nan, monotone_constraints=None,
             multi_strategy=None, n_estimators=None, n_jobs=None,
             num_parallel_tree=None, random_state=None, ...)",,,30,,,,,0.7,6,3,1,42,,,,,,"{'estimator': XGBRegressor(base_score=None, booster=None, callbacks=None,
             colsample_bylevel=None, colsample_bynode=None,
             colsample_bytree=None, device=None, early_stopping_rounds=None,
             enable_categorical=False, eval_metric=None, feature_types=None,
             gamma=None, grow_policy=None, importance_type=None,
             interaction_constraints=None, learning_rate=None, max_bin=None,
             max_cat_threshold=None, max_cat_to_onehot=None,
             max_delta_step=None, max_depth=None, max_leaves=None,
             min_child_weight=None, missing=nan, monotone_constraints=None,
             multi_strategy=None, n_estimators=None, n_jobs=None,
             num_parallel_tree=None, random_state=None, ...), 'estimator__eta': 0.7, 'estimator__gamma': 30, 'estimator__max_delta_step': 6, 'estimator__max_depth': 3, 'estimator__min_child_weight': 1, 'estimator__random_state': 42}",0.03599063436210516,0.05799454693120446,0.037869750305241666,0.04029670713212541,0.06181477486725849,0.06275382538843341,0.0585904735445141,0.04645832659715925,0.03450532229957629,0.02795477719537449,0.04642291386229928,0.012199106700667508,589,0.11864891809116473,0.24119645742924045,0.028398407327837605,0.02066700403787869,0.03638325860846092,0.05050658596856494,0.03875581368426939,0.0028673913716468213,0.0025635766667464477,0.32101556741915505,0.0861002980604965,0.10382520714439339,606,0.16735711752593546,0.20491798351024226,0.17227371208473763,0.17249387732608762,0.22654835006323465,0.1898865125617788,0.19731434715480983,0.1877474386673681,0.17047527330852666,0.14259692533902762,0.18316115375417485,0.022160479939809095,631
839,0.029525566101074218,0.0014951301856480576,0.004982280731201172,0.0004509709929405804,"XGBRegressor(base_score=None, booster=None, callbacks=None,
             colsample_bylevel=None, colsample_bynode=None,
             colsample_bytree=None, device=None, early_stopping_rounds=None,
             enable_categorical=False, eval_metric=None, feature_types=None,
             gamma=None, grow_policy=None, importance_type=None,
             interaction_constraints=None, learning_rate=None, max_bin=None,
             max_cat_threshold=None, max_cat_to_onehot=None,
             max_delta_step=None, max_depth=None, max_leaves=None,
             min_child_weight=None, missing=nan, monotone_constraints=None,
             multi_strategy=None, n_estimators=None, n_jobs=None,
             num_parallel_tree=None, random_state=None, ...)",,,30,,,,,0.7,6,3,10,42,,,,,,"{'estimator': XGBRegressor(base_score=None, booster=None, callbacks=None,
             colsample_bylevel=None, colsample_bynode=None,
             colsample_bytree=None, device=None, early_stopping_rounds=None,
             enable_categorical=False, eval_metric=None, feature_types=None,
             gamma=None, grow_policy=None, importance_type=None,
             interaction_constraints=None, learning_rate=None, max_bin=None,
             max_cat_threshold=None, max_cat_to_onehot=None,
             max_delta_step=None, max_depth=None, max_leaves=None,
             min_child_weight=None, missing=nan, monotone_constraints=None,
             multi_strategy=None, n_estimators=None, n_jobs=None,
             num_parallel_tree=None, random_state=None, ...), 'estimator__eta': 0.7, 'estimator__gamma': 30, 'estimator__max_delta_step': 6, 'estimator__max_depth': 3, 'estimator__min_child_weight': 10, 'estimator__random_state': 42}",0.03599063436210516,0.05799454693120446,0.037869750305241666,0.04029670713212541,0.06181477486725849,0.06275382538843341,0.0585904735445141,0.04645832659715925,0.03450532229957629,0.02795477719537449,0.04642291386229928,0.012199106700667508,589,0.11864891809116473,0.24119645742924045,0.028398407327837605,0.02066700403787869,0.03638325860846092,0.05050658596856494,0.03875581368426939,0.0028673913716468213,0.0025635766667464477,0.32101556741915505,0.0861002980604965,0.10382520714439339,606,0.16735711752593546,0.20491798351024226,0.17227371208473763,0.17249387732608762,0.22654835006323465,0.1898865125617788,0.19731434715480983,0.1877474386673681,0.17047527330852666,0.14259692533902762,0.18316115375417485,0.022160479939809095,631
840,0.028906488418579103,0.0006999153825729971,0.005201411247253418,0.00040020977131262765,"XGBRegressor(base_score=None, booster=None, callbacks=None,
             colsample_bylevel=None, colsample_bynode=None,
             colsample_bytree=None, device=None, early_stopping_rounds=None,
             enable_categorical=False, eval_metric=None, feature_types=None,
             gamma=None, grow_policy=None, importance_type=None,
             interaction_constraints=None, learning_rate=None, max_bin=None,
             max_cat_threshold=None, max_cat_to_onehot=None,
             max_delta_step=None, max_depth=None, max_leaves=None,
             min_child_weight=None, missing=nan, monotone_constraints=None,
             multi_strategy=None, n_estimators=None, n_jobs=None,
             num_parallel_tree=None, random_state=None, ...)",,,30,,,,,0.7,6,6,0,42,,,,,,"{'estimator': XGBRegressor(base_score=None, booster=None, callbacks=None,
             colsample_bylevel=None, colsample_bynode=None,
             colsample_bytree=None, device=None, early_stopping_rounds=None,
             enable_categorical=False, eval_metric=None, feature_types=None,
             gamma=None, grow_policy=None, importance_type=None,
             interaction_constraints=None, learning_rate=None, max_bin=None,
             max_cat_threshold=None, max_cat_to_onehot=None,
             max_delta_step=None, max_depth=None, max_leaves=None,
             min_child_weight=None, missing=nan, monotone_constraints=None,
             multi_strategy=None, n_estimators=None, n_jobs=None,
             num_parallel_tree=None, random_state=None, ...), 'estimator__eta': 0.7, 'estimator__gamma': 30, 'estimator__max_delta_step': 6, 'estimator__max_depth': 6, 'estimator__min_child_weight': 0, 'estimator__random_state': 42}",0.03599063436210516,0.05799454693120446,0.037869750305241666,0.04029670713212541,0.06181477486725849,0.06275382538843341,0.0585904735445141,0.04645832659715925,0.03450532229957629,0.02795477719537449,0.04642291386229928,0.012199106700667508,589,0.11864891809116473,0.24119645742924045,0.028398407327837605,0.02066700403787869,0.03638325860846092,0.05050658596856494,0.03875581368426939,0.0028673913716468213,0.0025635766667464477,0.32101556741915505,0.0861002980604965,0.10382520714439339,606,0.16735711752593546,0.20491798351024226,0.17227371208473763,0.17249387732608762,0.22654835006323465,0.1898865125617788,0.19731434715480983,0.1877474386673681,0.17047527330852666,0.14259692533902762,0.18316115375417485,0.022160479939809095,631
841,0.029106807708740235,0.0008307916702194222,0.00510101318359375,0.0002999943550166838,"XGBRegressor(base_score=None, booster=None, callbacks=None,
             colsample_bylevel=None, colsample_bynode=None,
             colsample_bytree=None, device=None, early_stopping_rounds=None,
             enable_categorical=False, eval_metric=None, feature_types=None,
             gamma=None, grow_policy=None, importance_type=None,
             interaction_constraints=None, learning_rate=None, max_bin=None,
             max_cat_threshold=None, max_cat_to_onehot=None,
             max_delta_step=None, max_depth=None, max_leaves=None,
             min_child_weight=None, missing=nan, monotone_constraints=None,
             multi_strategy=None, n_estimators=None, n_jobs=None,
             num_parallel_tree=None, random_state=None, ...)",,,30,,,,,0.7,6,6,1,42,,,,,,"{'estimator': XGBRegressor(base_score=None, booster=None, callbacks=None,
             colsample_bylevel=None, colsample_bynode=None,
             colsample_bytree=None, device=None, early_stopping_rounds=None,
             enable_categorical=False, eval_metric=None, feature_types=None,
             gamma=None, grow_policy=None, importance_type=None,
             interaction_constraints=None, learning_rate=None, max_bin=None,
             max_cat_threshold=None, max_cat_to_onehot=None,
             max_delta_step=None, max_depth=None, max_leaves=None,
             min_child_weight=None, missing=nan, monotone_constraints=None,
             multi_strategy=None, n_estimators=None, n_jobs=None,
             num_parallel_tree=None, random_state=None, ...), 'estimator__eta': 0.7, 'estimator__gamma': 30, 'estimator__max_delta_step': 6, 'estimator__max_depth': 6, 'estimator__min_child_weight': 1, 'estimator__random_state': 42}",0.03599063436210516,0.05799454693120446,0.037869750305241666,0.04029670713212541,0.06181477486725849,0.06275382538843341,0.0585904735445141,0.04645832659715925,0.03450532229957629,0.02795477719537449,0.04642291386229928,0.012199106700667508,589,0.11864891809116473,0.24119645742924045,0.028398407327837605,0.02066700403787869,0.03638325860846092,0.05050658596856494,0.03875581368426939,0.0028673913716468213,0.0025635766667464477,0.32101556741915505,0.0861002980604965,0.10382520714439339,606,0.16735711752593546,0.20491798351024226,0.17227371208473763,0.17249387732608762,0.22654835006323465,0.1898865125617788,0.19731434715480983,0.1877474386673681,0.17047527330852666,0.14259692533902762,0.18316115375417485,0.022160479939809095,631
842,0.029006648063659667,0.0007747868139848868,0.005301260948181152,0.00045844843245272096,"XGBRegressor(base_score=None, booster=None, callbacks=None,
             colsample_bylevel=None, colsample_bynode=None,
             colsample_bytree=None, device=None, early_stopping_rounds=None,
             enable_categorical=False, eval_metric=None, feature_types=None,
             gamma=None, grow_policy=None, importance_type=None,
             interaction_constraints=None, learning_rate=None, max_bin=None,
             max_cat_threshold=None, max_cat_to_onehot=None,
             max_delta_step=None, max_depth=None, max_leaves=None,
             min_child_weight=None, missing=nan, monotone_constraints=None,
             multi_strategy=None, n_estimators=None, n_jobs=None,
             num_parallel_tree=None, random_state=None, ...)",,,30,,,,,0.7,6,6,10,42,,,,,,"{'estimator': XGBRegressor(base_score=None, booster=None, callbacks=None,
             colsample_bylevel=None, colsample_bynode=None,
             colsample_bytree=None, device=None, early_stopping_rounds=None,
             enable_categorical=False, eval_metric=None, feature_types=None,
             gamma=None, grow_policy=None, importance_type=None,
             interaction_constraints=None, learning_rate=None, max_bin=None,
             max_cat_threshold=None, max_cat_to_onehot=None,
             max_delta_step=None, max_depth=None, max_leaves=None,
             min_child_weight=None, missing=nan, monotone_constraints=None,
             multi_strategy=None, n_estimators=None, n_jobs=None,
             num_parallel_tree=None, random_state=None, ...), 'estimator__eta': 0.7, 'estimator__gamma': 30, 'estimator__max_delta_step': 6, 'estimator__max_depth': 6, 'estimator__min_child_weight': 10, 'estimator__random_state': 42}",0.03599063436210516,0.05799454693120446,0.037869750305241666,0.04029670713212541,0.06181477486725849,0.06275382538843341,0.0585904735445141,0.04645832659715925,0.03450532229957629,0.02795477719537449,0.04642291386229928,0.012199106700667508,589,0.11864891809116473,0.24119645742924045,0.028398407327837605,0.02066700403787869,0.03638325860846092,0.05050658596856494,0.03875581368426939,0.0028673913716468213,0.0025635766667464477,0.32101556741915505,0.0861002980604965,0.10382520714439339,606,0.16735711752593546,0.20491798351024226,0.17227371208473763,0.17249387732608762,0.22654835006323465,0.1898865125617788,0.19731434715480983,0.1877474386673681,0.17047527330852666,0.14259692533902762,0.18316115375417485,0.022160479939809095,631
843,0.02920689582824707,0.0007485767831363504,0.005000901222229004,0.0006326359796349527,"XGBRegressor(base_score=None, booster=None, callbacks=None,
             colsample_bylevel=None, colsample_bynode=None,
             colsample_bytree=None, device=None, early_stopping_rounds=None,
             enable_categorical=False, eval_metric=None, feature_types=None,
             gamma=None, grow_policy=None, importance_type=None,
             interaction_constraints=None, learning_rate=None, max_bin=None,
             max_cat_threshold=None, max_cat_to_onehot=None,
             max_delta_step=None, max_depth=None, max_leaves=None,
             min_child_weight=None, missing=nan, monotone_constraints=None,
             multi_strategy=None, n_estimators=None, n_jobs=None,
             num_parallel_tree=None, random_state=None, ...)",,,30,,,,,0.7,6,9,0,42,,,,,,"{'estimator': XGBRegressor(base_score=None, booster=None, callbacks=None,
             colsample_bylevel=None, colsample_bynode=None,
             colsample_bytree=None, device=None, early_stopping_rounds=None,
             enable_categorical=False, eval_metric=None, feature_types=None,
             gamma=None, grow_policy=None, importance_type=None,
             interaction_constraints=None, learning_rate=None, max_bin=None,
             max_cat_threshold=None, max_cat_to_onehot=None,
             max_delta_step=None, max_depth=None, max_leaves=None,
             min_child_weight=None, missing=nan, monotone_constraints=None,
             multi_strategy=None, n_estimators=None, n_jobs=None,
             num_parallel_tree=None, random_state=None, ...), 'estimator__eta': 0.7, 'estimator__gamma': 30, 'estimator__max_delta_step': 6, 'estimator__max_depth': 9, 'estimator__min_child_weight': 0, 'estimator__random_state': 42}",0.03599063436210516,0.05799454693120446,0.037869750305241666,0.04029670713212541,0.06181477486725849,0.06275382538843341,0.0585904735445141,0.04645832659715925,0.03450532229957629,0.02795477719537449,0.04642291386229928,0.012199106700667508,589,0.11864891809116473,0.24119645742924045,0.028398407327837605,0.02066700403787869,0.03638325860846092,0.05050658596856494,0.03875581368426939,0.0028673913716468213,0.0025635766667464477,0.32101556741915505,0.0861002980604965,0.10382520714439339,606,0.16735711752593546,0.20491798351024226,0.17227371208473763,0.17249387732608762,0.22654835006323465,0.1898865125617788,0.19731434715480983,0.1877474386673681,0.17047527330852666,0.14259692533902762,0.18316115375417485,0.022160479939809095,631
844,0.029606890678405762,0.0011137634036291319,0.0052012443542480465,0.0006001712951709811,"XGBRegressor(base_score=None, booster=None, callbacks=None,
             colsample_bylevel=None, colsample_bynode=None,
             colsample_bytree=None, device=None, early_stopping_rounds=None,
             enable_categorical=False, eval_metric=None, feature_types=None,
             gamma=None, grow_policy=None, importance_type=None,
             interaction_constraints=None, learning_rate=None, max_bin=None,
             max_cat_threshold=None, max_cat_to_onehot=None,
             max_delta_step=None, max_depth=None, max_leaves=None,
             min_child_weight=None, missing=nan, monotone_constraints=None,
             multi_strategy=None, n_estimators=None, n_jobs=None,
             num_parallel_tree=None, random_state=None, ...)",,,30,,,,,0.7,6,9,1,42,,,,,,"{'estimator': XGBRegressor(base_score=None, booster=None, callbacks=None,
             colsample_bylevel=None, colsample_bynode=None,
             colsample_bytree=None, device=None, early_stopping_rounds=None,
             enable_categorical=False, eval_metric=None, feature_types=None,
             gamma=None, grow_policy=None, importance_type=None,
             interaction_constraints=None, learning_rate=None, max_bin=None,
             max_cat_threshold=None, max_cat_to_onehot=None,
             max_delta_step=None, max_depth=None, max_leaves=None,
             min_child_weight=None, missing=nan, monotone_constraints=None,
             multi_strategy=None, n_estimators=None, n_jobs=None,
             num_parallel_tree=None, random_state=None, ...), 'estimator__eta': 0.7, 'estimator__gamma': 30, 'estimator__max_delta_step': 6, 'estimator__max_depth': 9, 'estimator__min_child_weight': 1, 'estimator__random_state': 42}",0.03599063436210516,0.05799454693120446,0.037869750305241666,0.04029670713212541,0.06181477486725849,0.06275382538843341,0.0585904735445141,0.04645832659715925,0.03450532229957629,0.02795477719537449,0.04642291386229928,0.012199106700667508,589,0.11864891809116473,0.24119645742924045,0.028398407327837605,0.02066700403787869,0.03638325860846092,0.05050658596856494,0.03875581368426939,0.0028673913716468213,0.0025635766667464477,0.32101556741915505,0.0861002980604965,0.10382520714439339,606,0.16735711752593546,0.20491798351024226,0.17227371208473763,0.17249387732608762,0.22654835006323465,0.1898865125617788,0.19731434715480983,0.1877474386673681,0.17047527330852666,0.14259692533902762,0.18316115375417485,0.022160479939809095,631
845,0.028806686401367188,0.0007483920993203083,0.005101132392883301,0.0003001140314271157,"XGBRegressor(base_score=None, booster=None, callbacks=None,
             colsample_bylevel=None, colsample_bynode=None,
             colsample_bytree=None, device=None, early_stopping_rounds=None,
             enable_categorical=False, eval_metric=None, feature_types=None,
             gamma=None, grow_policy=None, importance_type=None,
             interaction_constraints=None, learning_rate=None, max_bin=None,
             max_cat_threshold=None, max_cat_to_onehot=None,
             max_delta_step=None, max_depth=None, max_leaves=None,
             min_child_weight=None, missing=nan, monotone_constraints=None,
             multi_strategy=None, n_estimators=None, n_jobs=None,
             num_parallel_tree=None, random_state=None, ...)",,,30,,,,,0.7,6,9,10,42,,,,,,"{'estimator': XGBRegressor(base_score=None, booster=None, callbacks=None,
             colsample_bylevel=None, colsample_bynode=None,
             colsample_bytree=None, device=None, early_stopping_rounds=None,
             enable_categorical=False, eval_metric=None, feature_types=None,
             gamma=None, grow_policy=None, importance_type=None,
             interaction_constraints=None, learning_rate=None, max_bin=None,
             max_cat_threshold=None, max_cat_to_onehot=None,
             max_delta_step=None, max_depth=None, max_leaves=None,
             min_child_weight=None, missing=nan, monotone_constraints=None,
             multi_strategy=None, n_estimators=None, n_jobs=None,
             num_parallel_tree=None, random_state=None, ...), 'estimator__eta': 0.7, 'estimator__gamma': 30, 'estimator__max_delta_step': 6, 'estimator__max_depth': 9, 'estimator__min_child_weight': 10, 'estimator__random_state': 42}",0.03599063436210516,0.05799454693120446,0.037869750305241666,0.04029670713212541,0.06181477486725849,0.06275382538843341,0.0585904735445141,0.04645832659715925,0.03450532229957629,0.02795477719537449,0.04642291386229928,0.012199106700667508,589,0.11864891809116473,0.24119645742924045,0.028398407327837605,0.02066700403787869,0.03638325860846092,0.05050658596856494,0.03875581368426939,0.0028673913716468213,0.0025635766667464477,0.32101556741915505,0.0861002980604965,0.10382520714439339,606,0.16735711752593546,0.20491798351024226,0.17227371208473763,0.17249387732608762,0.22654835006323465,0.1898865125617788,0.19731434715480983,0.1877474386673681,0.17047527330852666,0.14259692533902762,0.18316115375417485,0.022160479939809095,631
846,0.003900766372680664,0.00030016906683741335,0.0029007673263549806,0.00030014530074006434,DecisionTreeRegressor(),,,,,,,,,,3,,42,squared_error,1,5,best,,"{'estimator': DecisionTreeRegressor(), 'estimator__criterion': 'squared_error', 'estimator__max_depth': 3, 'estimator__min_samples_leaf': 1, 'estimator__min_samples_split': 5, 'estimator__random_state': 42, 'estimator__splitter': 'best'}",0.014072076812054992,0.02593036978407414,0.01777728735205063,0.008837268162672936,0.023047442462535428,0.0423831213503641,0.02718499417198629,0.013721183501187064,0.008230487550713445,0.011872017087869302,0.019305624823550832,0.010004795141168102,492,0.5626163922891099,0.4450394939027311,0.5172364789284682,0.7761626529458074,0.6135877939666299,0.29050145012085804,0.5180347754030441,0.7038092305027501,0.7608604561083689,0.4389824937565032,0.5626831217924271,0.14650571246750718,461,0.08291692155292671,0.11417960094485557,0.10070200126013278,0.06962429675101198,0.10647411337258472,0.15644893810517307,0.10323829295127848,0.09376124333005015,0.06493158480975358,0.08206700751236144,0.09743440005901285,0.024858473649758097,495
847,0.002400493621826172,0.0004897561373565036,0.002500581741333008,0.0004996781540751805,DecisionTreeRegressor(),,,,,,,,,,3,,42,squared_error,1,5,random,,"{'estimator': DecisionTreeRegressor(), 'estimator__criterion': 'squared_error', 'estimator__max_depth': 3, 'estimator__min_samples_leaf': 1, 'estimator__min_samples_split': 5, 'estimator__random_state': 42, 'estimator__splitter': 'random'}",0.022478100002116433,0.01196830777776604,0.0187912149433605,0.012764355993648753,0.012812980796513763,0.025936231593036718,0.037622748619216405,0.012085143104192416,0.009879739915172847,0.01354126616131947,0.017788008890634338,0.008244810152526094,411,0.30134317736316296,0.7438548622026881,0.48970206130901817,0.6766942532601111,0.785178239039221,0.5658243631357496,0.3329828811623925,0.7391254307468842,0.7129408819921518,0.36010137814194076,0.5707747528353321,0.17771229145089548,433,0.10611534476897681,0.08134948008628501,0.10192780169361919,0.09013749035302306,0.08688269482082675,0.12339184590543008,0.11405509259304472,0.08301924747784992,0.07363264524656206,0.09250511453809479,0.09530167574837126,0.014906464308120752,439
848,0.00310208797454834,0.0002954257004999485,0.002302384376525879,0.00045988101646455426,DecisionTreeRegressor(),,,,,,,,,,3,,42,squared_error,1,10,best,,"{'estimator': DecisionTreeRegressor(), 'estimator__criterion': 'squared_error', 'estimator__max_depth': 3, 'estimator__min_samples_leaf': 1, 'estimator__min_samples_split': 10, 'estimator__random_state': 42, 'estimator__splitter': 'best'}",0.014072076812054994,0.02593036978407414,0.01777728735205063,0.008837268162672936,0.023239746292627306,0.0423831213503641,0.02718499417198629,0.013721183501187064,0.008230487550713445,0.011872017087869302,0.01932485520656002,0.010012150980589206,494,0.5626163922891099,0.4450394939027311,0.5172364789284682,0.7761626529458074,0.6103636380831621,0.29050145012085804,0.5180347754030441,0.7038092305027501,0.7608604561083689,0.4389824937565032,0.5623607062040803,0.1463968388738605,463,0.08291692155292671,0.11417960094485557,0.10070200126013278,0.06962429675101198,0.10959861184794983,0.15644893810517307,0.10323829295127848,0.09376124333005015,0.06493158480975358,0.08206700751236144,0.09774684990654936,0.024989422771523686,502
849,0.001999163627624512,7.787533316038364e-06,0.0022023200988769533,0.0003973925917407349,DecisionTreeRegressor(),,,,,,,,,,3,,42,squared_error,1,10,random,,"{'estimator': DecisionTreeRegressor(), 'estimator__criterion': 'squared_error', 'estimator__max_depth': 3, 'estimator__min_samples_leaf': 1, 'estimator__min_samples_split': 10, 'estimator__random_state': 42, 'estimator__splitter': 'random'}",0.022478100002116433,0.01196830777776604,0.0187912149433605,0.012764355993648753,0.012812980796513763,0.025936231593036718,0.037622748619216405,0.012085143104192416,0.009879739915172847,0.01354126616131947,0.017788008890634338,0.008244810152526094,411,0.30134317736316296,0.7438548622026881,0.48970206130901817,0.6766942532601111,0.785178239039221,0.5658243631357496,0.3329828811623925,0.7391254307468842,0.7129408819921518,0.36010137814194076,0.5707747528353321,0.17771229145089548,433,0.10611534476897681,0.08134948008628501,0.10192780169361919,0.09013749035302306,0.08688269482082675,0.12339184590543008,0.11405509259304472,0.08301924747784992,0.07363264524656206,0.09250511453809479,0.09530167574837126,0.014906464308120752,439
850,0.002797985076904297,0.0004005125323534407,0.0022021055221557615,0.00039649609043938496,DecisionTreeRegressor(),,,,,,,,,,3,,42,squared_error,1,15,best,,"{'estimator': DecisionTreeRegressor(), 'estimator__criterion': 'squared_error', 'estimator__max_depth': 3, 'estimator__min_samples_leaf': 1, 'estimator__min_samples_split': 15, 'estimator__random_state': 42, 'estimator__splitter': 'best'}",0.014072076812054994,0.02593036978407414,0.01777728735205063,0.008837268162672936,0.023239746292627306,0.0423831213503641,0.02718499417198629,0.013721183501187064,0.010334935143615413,0.011872017087869302,0.01953529996585022,0.009796542612927513,506,0.5626163922891099,0.4450394939027311,0.5172364789284682,0.7761626529458074,0.6103636380831621,0.29050145012085804,0.5180347754030441,0.7038092305027501,0.6997150337491803,0.4389824937565032,0.5562461639681615,0.13907211389719504,482,0.08291692155292671,0.11417960094485557,0.10070200126013278,0.06962429675101198,0.10959861184794983,0.15644893810517307,0.10323829295127848,0.09376124333005015,0.07331707670511546,0.08206700751236144,0.09858539909608555,0.023995110027685358,508
851,0.0019999980926513673,6.648587537433703e-06,0.0016998052597045898,0.0004593725324803851,DecisionTreeRegressor(),,,,,,,,,,3,,42,squared_error,1,15,random,,"{'estimator': DecisionTreeRegressor(), 'estimator__criterion': 'squared_error', 'estimator__max_depth': 3, 'estimator__min_samples_leaf': 1, 'estimator__min_samples_split': 15, 'estimator__random_state': 42, 'estimator__splitter': 'random'}",0.022478100002116433,0.01196830777776604,0.0187912149433605,0.012764355993648753,0.012812980796513763,0.025936231593036718,0.037622748619216405,0.012085143104192416,0.009879739915172847,0.01354126616131947,0.017788008890634338,0.008244810152526094,411,0.30134317736316296,0.7438548622026881,0.48970206130901817,0.6766942532601111,0.785178239039221,0.5658243631357496,0.3329828811623925,0.7391254307468842,0.7129408819921518,0.36010137814194076,0.5707747528353321,0.17771229145089548,433,0.10611534476897681,0.08134948008628501,0.10192780169361919,0.09013749035302306,0.08688269482082675,0.12339184590543008,0.11405509259304472,0.08301924747784992,0.07363264524656206,0.09250511453809479,0.09530167574837126,0.014906464308120752,439
852,0.002895760536193848,0.0002985181903894255,0.0020037412643432615,4.599748790334245e-06,DecisionTreeRegressor(),,,,,,,,,,3,,42,squared_error,3,5,best,,"{'estimator': DecisionTreeRegressor(), 'estimator__criterion': 'squared_error', 'estimator__max_depth': 3, 'estimator__min_samples_leaf': 3, 'estimator__min_samples_split': 5, 'estimator__random_state': 42, 'estimator__splitter': 'best'}",0.01445975010307917,0.014959781291831918,0.020825059776412917,0.008901210562784069,0.023219078927294787,0.02782167552109132,0.02955501125199446,0.013721183501187064,0.010642496997322318,0.010271344584882595,0.017437659251788064,0.007062425754890807,380,0.5505668600909874,0.6798314923407511,0.4344705699417897,0.7745430690493259,0.6107101460414319,0.5342618049707957,0.47601652787140236,0.7038092305027501,0.6907787221442185,0.5146229926954502,0.5969611415648902,0.10616219479469303,371,0.08382318830955249,0.08690919892270824,0.10943983757445376,0.06591006430791435,0.10804131355858605,0.12467548405977699,0.11368528991729328,0.09376124333005015,0.07530712645635922,0.07275555985233409,0.09343083062890285,0.018720314369730616,346
853,0.0020986318588256834,0.0003008358233656338,0.001999497413635254,6.616920989216765e-06,DecisionTreeRegressor(),,,,,,,,,,3,,42,squared_error,3,5,random,,"{'estimator': DecisionTreeRegressor(), 'estimator__criterion': 'squared_error', 'estimator__max_depth': 3, 'estimator__min_samples_leaf': 3, 'estimator__min_samples_split': 5, 'estimator__random_state': 42, 'estimator__splitter': 'random'}",0.01965733114327388,0.01196830777776604,0.01828385040017698,0.012764355993648753,0.012812980796513763,0.037558857559489955,0.037622748619216405,0.012085143104192416,0.009879739915172847,0.01354126616131947,0.018617458147077055,0.009889989156562575,471,0.3890173761667237,0.7438548622026881,0.5034801528976582,0.6766942532601111,0.785178239039221,0.3712602063145015,0.3329828811623925,0.7391254307468842,0.7129408819921518,0.36010137814194076,0.5614635661924273,0.17695459961725069,465,0.09740314539717225,0.08134948008628501,0.09966928494882507,0.09013749035302306,0.08688269482082675,0.13425916827973366,0.11405509259304472,0.08301924747784992,0.07363264524656206,0.09250511453809479,0.09529133637414174,0.016772911135602107,433
854,0.0028992652893066405,0.0005394921805155243,0.001901698112487793,0.0002984287373657226,DecisionTreeRegressor(),,,,,,,,,,3,,42,squared_error,3,10,best,,"{'estimator': DecisionTreeRegressor(), 'estimator__criterion': 'squared_error', 'estimator__max_depth': 3, 'estimator__min_samples_leaf': 3, 'estimator__min_samples_split': 10, 'estimator__random_state': 42, 'estimator__splitter': 'best'}",0.014459750103079172,0.014959781291831918,0.020825059776412917,0.008901210562784069,0.02332831205522372,0.02782167552109132,0.02955501125199446,0.013721183501187064,0.010642496997322318,0.010271344584882595,0.017448582564580956,0.007071438037854212,383,0.5505668600909874,0.6798314923407511,0.4344705699417897,0.7745430690493259,0.6088787491737075,0.5342618049707957,0.47601652787140236,0.7038092305027501,0.6907787221442185,0.5146229926954502,0.5967780018781179,0.10613989583650275,375,0.08382318830955249,0.08690919892270824,0.10943983757445376,0.06591006430791435,0.10921989645057771,0.12467548405977699,0.11368528991729328,0.09376124333005015,0.07530712645635922,0.07275555985233409,0.093548688918102,0.018815395779347065,350
855,0.002000761032104492,6.870262097275514e-06,0.0019018173217773438,0.00030055210625090504,DecisionTreeRegressor(),,,,,,,,,,3,,42,squared_error,3,10,random,,"{'estimator': DecisionTreeRegressor(), 'estimator__criterion': 'squared_error', 'estimator__max_depth': 3, 'estimator__min_samples_leaf': 3, 'estimator__min_samples_split': 10, 'estimator__random_state': 42, 'estimator__splitter': 'random'}",0.01965733114327388,0.01196830777776604,0.01828385040017698,0.012764355993648753,0.012812980796513763,0.037558857559489955,0.037622748619216405,0.012085143104192416,0.009879739915172847,0.01354126616131947,0.018617458147077055,0.009889989156562575,471,0.3890173761667237,0.7438548622026881,0.5034801528976582,0.6766942532601111,0.785178239039221,0.3712602063145015,0.3329828811623925,0.7391254307468842,0.7129408819921518,0.36010137814194076,0.5614635661924273,0.17695459961725069,465,0.09740314539717225,0.08134948008628501,0.09966928494882507,0.09013749035302306,0.08688269482082675,0.13425916827973366,0.11405509259304472,0.08301924747784992,0.07363264524656206,0.09250511453809479,0.09529133637414174,0.016772911135602107,433
856,0.0029013633728027345,0.00029608907209709845,0.002001166343688965,6.266600028722849e-06,DecisionTreeRegressor(),,,,,,,,,,3,,42,squared_error,3,15,best,,"{'estimator': DecisionTreeRegressor(), 'estimator__criterion': 'squared_error', 'estimator__max_depth': 3, 'estimator__min_samples_leaf': 3, 'estimator__min_samples_split': 15, 'estimator__random_state': 42, 'estimator__splitter': 'best'}",0.014459750103079172,0.014959781291831918,0.020825059776412917,0.008901210562784069,0.02332831205522372,0.02782167552109132,0.02955501125199446,0.013721183501187064,0.010334935143615413,0.010271344584882595,0.017417826379210265,0.007101577843575976,377,0.5505668600909874,0.6798314923407511,0.4344705699417897,0.7745430690493259,0.6088787491737075,0.5342618049707957,0.47601652787140236,0.7038092305027501,0.6997150337491803,0.5146229926954502,0.5976716330386141,0.1069619961646214,365,0.08382318830955249,0.08690919892270824,0.10943983757445376,0.06591006430791435,0.10921989645057771,0.12467548405977699,0.11368528991729328,0.09376124333005015,0.07331707670511546,0.07275555985233409,0.09334968394297763,0.01901672602007105,339
857,0.0019872903823852537,4.135941175713523e-05,0.0019010543823242188,0.00029826482897671677,DecisionTreeRegressor(),,,,,,,,,,3,,42,squared_error,3,15,random,,"{'estimator': DecisionTreeRegressor(), 'estimator__criterion': 'squared_error', 'estimator__max_depth': 3, 'estimator__min_samples_leaf': 3, 'estimator__min_samples_split': 15, 'estimator__random_state': 42, 'estimator__splitter': 'random'}",0.01965733114327388,0.01196830777776604,0.01828385040017698,0.012764355993648753,0.012812980796513763,0.037558857559489955,0.037622748619216405,0.012085143104192416,0.009879739915172847,0.01354126616131947,0.018617458147077055,0.009889989156562575,471,0.3890173761667237,0.7438548622026881,0.5034801528976582,0.6766942532601111,0.785178239039221,0.3712602063145015,0.3329828811623925,0.7391254307468842,0.7129408819921518,0.36010137814194076,0.5614635661924273,0.17695459961725069,465,0.09740314539717225,0.08134948008628501,0.09966928494882507,0.09013749035302306,0.08688269482082675,0.13425916827973366,0.11405509259304472,0.08301924747784992,0.07363264524656206,0.09250511453809479,0.09529133637414174,0.016772911135602107,433
858,0.0030009269714355467,8.535118738204943e-06,0.0021008968353271483,0.0002947314389945123,DecisionTreeRegressor(),,,,,,,,,,3,,42,squared_error,5,5,best,,"{'estimator': DecisionTreeRegressor(), 'estimator__criterion': 'squared_error', 'estimator__max_depth': 3, 'estimator__min_samples_leaf': 5, 'estimator__min_samples_split': 5, 'estimator__random_state': 42, 'estimator__splitter': 'best'}",0.014459750103079172,0.01710635310657524,0.020825059776412917,0.00882258947148073,0.02332831205522372,0.02782167552109132,0.029034726049770077,0.013721183501187064,0.010763909397089839,0.0066649905844933235,0.017254854956640343,0.007387546982471301,360,0.5505668600909874,0.6338906673311621,0.4344705699417897,0.7765344464949235,0.6088787491737075,0.5342618049707957,0.4852407113587378,0.7038092305027501,0.6872510446252025,0.685042872733945,0.6099946957224003,0.1021514093749503,322,0.08382318830955249,0.09714030147446558,0.10943983757445376,0.0655225225445902,0.10921989645057771,0.12467548405977699,0.1152806158987531,0.09376124333005015,0.07798364402214016,0.06469521191159182,0.09415419455759519,0.019757006322386025,386
859,0.002001309394836426,0.0004487847657676177,0.001998162269592285,8.179147340835495e-06,DecisionTreeRegressor(),,,,,,,,,,3,,42,squared_error,5,5,random,,"{'estimator': DecisionTreeRegressor(), 'estimator__criterion': 'squared_error', 'estimator__max_depth': 3, 'estimator__min_samples_leaf': 5, 'estimator__min_samples_split': 5, 'estimator__random_state': 42, 'estimator__splitter': 'random'}",0.02225546325872542,0.012550040098024691,0.019486880399084028,0.012000389361287826,0.013822045356710026,0.028853276196261934,0.038636160579612125,0.01160252733659185,0.009794485674207813,0.012507956548428144,0.018150922480893388,0.008861772347727621,450,0.3082630985186491,0.7314046555318154,0.47081043300588554,0.6960446069076203,0.7682603157872441,0.5169926855721223,0.3150160087028544,0.7495433612092783,0.7154179722220542,0.40893088857063276,0.5680684026028155,0.17513006559217997,443,0.10611534476897681,0.07955861920253172,0.11001781623030563,0.08567033878368083,0.08951618190498505,0.12960187284671534,0.11715021605408055,0.08117363682145445,0.07581084592398986,0.08582015734760076,0.09604350298843209,0.01739347845831339,462
860,0.002898907661437988,0.00029964874324173976,0.0021034002304077147,0.00029960887699511713,DecisionTreeRegressor(),,,,,,,,,,3,,42,squared_error,5,10,best,,"{'estimator': DecisionTreeRegressor(), 'estimator__criterion': 'squared_error', 'estimator__max_depth': 3, 'estimator__min_samples_leaf': 5, 'estimator__min_samples_split': 10, 'estimator__random_state': 42, 'estimator__splitter': 'best'}",0.014459750103079172,0.01710635310657524,0.020825059776412917,0.00882258947148073,0.02332831205522372,0.02782167552109132,0.029034726049770077,0.013721183501187064,0.010763909397089839,0.0066649905844933235,0.017254854956640343,0.007387546982471301,360,0.5505668600909874,0.6338906673311621,0.4344705699417897,0.7765344464949235,0.6088787491737075,0.5342618049707957,0.4852407113587378,0.7038092305027501,0.6872510446252025,0.685042872733945,0.6099946957224003,0.1021514093749503,322,0.08382318830955249,0.09714030147446558,0.10943983757445376,0.0655225225445902,0.10921989645057771,0.12467548405977699,0.1152806158987531,0.09376124333005015,0.07798364402214016,0.06469521191159182,0.09415419455759519,0.019757006322386025,386
861,0.002000737190246582,8.531288410525529e-06,0.002012181282043457,2.944272532808882e-05,DecisionTreeRegressor(),,,,,,,,,,3,,42,squared_error,5,10,random,,"{'estimator': DecisionTreeRegressor(), 'estimator__criterion': 'squared_error', 'estimator__max_depth': 3, 'estimator__min_samples_leaf': 5, 'estimator__min_samples_split': 10, 'estimator__random_state': 42, 'estimator__splitter': 'random'}",0.02225546325872542,0.012550040098024691,0.019486880399084028,0.012000389361287826,0.013822045356710026,0.028853276196261934,0.038636160579612125,0.01160252733659185,0.009794485674207813,0.012507956548428144,0.018150922480893388,0.008861772347727621,450,0.3082630985186491,0.7314046555318154,0.47081043300588554,0.6960446069076203,0.7682603157872441,0.5169926855721223,0.3150160087028544,0.7495433612092783,0.7154179722220542,0.40893088857063276,0.5680684026028155,0.17513006559217997,443,0.10611534476897681,0.07955861920253172,0.11001781623030563,0.08567033878368083,0.08951618190498505,0.12960187284671534,0.11715021605408055,0.08117363682145445,0.07581084592398986,0.08582015734760076,0.09604350298843209,0.01739347845831339,462
862,0.002903437614440918,0.00029742880574241243,0.0018974065780639649,0.00030060725622630254,DecisionTreeRegressor(),,,,,,,,,,3,,42,squared_error,5,15,best,,"{'estimator': DecisionTreeRegressor(), 'estimator__criterion': 'squared_error', 'estimator__max_depth': 3, 'estimator__min_samples_leaf': 5, 'estimator__min_samples_split': 15, 'estimator__random_state': 42, 'estimator__splitter': 'best'}",0.014459750103079172,0.01710635310657524,0.020825059776412917,0.00882258947148073,0.02332831205522372,0.02782167552109132,0.029034726049770077,0.013721183501187064,0.010564834192955447,0.0066649905844933235,0.017234947436226902,0.007405258568409375,358,0.5505668600909874,0.6338906673311621,0.4344705699417897,0.7765344464949235,0.6088787491737075,0.5342618049707957,0.4852407113587378,0.7038092305027501,0.6930352406674777,0.685042872733945,0.6105731153266277,0.10260260588283575,320,0.08382318830955249,0.09714030147446558,0.10943983757445376,0.0655225225445902,0.10921989645057771,0.12467548405977699,0.1152806158987531,0.09376124333005015,0.07514835808622836,0.06469521191159182,0.09387066596400401,0.020005809703560633,374
863,0.0023025035858154296,0.0004575386860412685,0.0019985437393188477,0.00044135389298884315,DecisionTreeRegressor(),,,,,,,,,,3,,42,squared_error,5,15,random,,"{'estimator': DecisionTreeRegressor(), 'estimator__criterion': 'squared_error', 'estimator__max_depth': 3, 'estimator__min_samples_leaf': 5, 'estimator__min_samples_split': 15, 'estimator__random_state': 42, 'estimator__splitter': 'random'}",0.02225546325872542,0.012550040098024691,0.019486880399084028,0.012000389361287826,0.013822045356710026,0.028853276196261934,0.038636160579612125,0.01160252733659185,0.009794485674207813,0.012507956548428144,0.018150922480893388,0.008861772347727621,450,0.3082630985186491,0.7314046555318154,0.47081043300588554,0.6960446069076203,0.7682603157872441,0.5169926855721223,0.3150160087028544,0.7495433612092783,0.7154179722220542,0.40893088857063276,0.5680684026028155,0.17513006559217997,443,0.10611534476897681,0.07955861920253172,0.11001781623030563,0.08567033878368083,0.08951618190498505,0.12960187284671534,0.11715021605408055,0.08117363682145445,0.07581084592398986,0.08582015734760076,0.09604350298843209,0.01739347845831339,462
864,0.003102421760559082,0.00029730319303793916,0.0018982648849487304,0.00029726065253056586,DecisionTreeRegressor(),,,,,,,,,,4,,42,squared_error,1,5,best,,"{'estimator': DecisionTreeRegressor(), 'estimator__criterion': 'squared_error', 'estimator__max_depth': 4, 'estimator__min_samples_leaf': 1, 'estimator__min_samples_split': 5, 'estimator__random_state': 42, 'estimator__splitter': 'best'}",0.029460534564315043,0.023999148805699172,0.014223056622238094,0.012992893070179498,0.016681113318065,0.04598324759501241,0.031549177039416475,0.030174798329716975,0.00652511656267862,0.008872566239671757,0.022046165214699303,0.011724103583384986,540,0.08431747034006076,0.4863713908432399,0.6137558695331893,0.6709056846693974,0.7203253329819992,0.23023490370855904,0.4406617819576131,0.3486351424474433,0.8104105754338415,0.5807228924184238,0.49863410443337663,0.2158073013373941,531,0.10770746315552526,0.10427725583392562,0.09024915137622769,0.08228411072958497,0.08678287839186971,0.16434176111595467,0.10780474865814298,0.1217121166358151,0.05704488311132508,0.06992595485614261,0.09921303238645136,0.028419910982980606,519
865,0.002198934555053711,0.00039770327256028035,0.0020016908645629885,8.676634853066179e-06,DecisionTreeRegressor(),,,,,,,,,,4,,42,squared_error,1,5,random,,"{'estimator': DecisionTreeRegressor(), 'estimator__criterion': 'squared_error', 'estimator__max_depth': 4, 'estimator__min_samples_leaf': 1, 'estimator__min_samples_split': 5, 'estimator__random_state': 42, 'estimator__splitter': 'random'}",0.05104111176962079,0.011487139985601351,0.018646736026203422,0.018410312109762225,0.015890855973971465,0.027064603846209068,0.03130698494815876,0.02285138328830667,0.010556007679248419,0.015654176389209098,0.022290931201629127,0.011396233325093723,543,0.5864428474585186,0.7541527917610019,0.49362555927505114,0.5336889924315217,0.7335747459770263,0.5469352758801984,0.4449556274857801,0.5067212096059646,0.6932916979489019,0.26025485516327806,0.43807579080702047,0.36911458408880543,548,0.13326298413341975,0.07488925674710463,0.10909484833251254,0.10554904063419951,0.09966487682995868,0.11144172790778471,0.10604596346097879,0.10764417192108404,0.07854493147383534,0.10137606201640867,0.10275138634572867,0.015693974594762884,540
866,0.002999401092529297,7.356439933299508e-06,0.0023001909255981447,0.00046028826910989154,DecisionTreeRegressor(),,,,,,,,,,4,,42,squared_error,1,10,best,,"{'estimator': DecisionTreeRegressor(), 'estimator__criterion': 'squared_error', 'estimator__max_depth': 4, 'estimator__min_samples_leaf': 1, 'estimator__min_samples_split': 10, 'estimator__random_state': 42, 'estimator__splitter': 'best'}",0.029460534564315043,0.02489731133340883,0.016556276546898858,0.010951229247377247,0.019413599384889686,0.04177111676640274,0.031549177039416475,0.02669118465230079,0.006525116562678621,0.008872566239671757,0.021668811233736002,0.01066418607101388,535,0.08431747034006076,0.46714896034625997,0.5503944891404966,0.7226185675717027,0.674512615551268,0.3007464804774117,0.4406617819576131,0.4238337735025399,0.8104105754338415,0.5807228924184238,0.5055367606739617,0.20199333581981743,521,0.10770746315552526,0.11112306710017503,0.09504229395824848,0.07688645184658065,0.09116262138198823,0.15005833951428557,0.10780474865814298,0.11035846734283021,0.05704488311132511,0.06992595485614261,0.09771142909252442,0.024882334739267393,500
867,0.002003121376037598,7.682888426838675e-06,0.0019984006881713866,0.000445066562405155,DecisionTreeRegressor(),,,,,,,,,,4,,42,squared_error,1,10,random,,"{'estimator': DecisionTreeRegressor(), 'estimator__criterion': 'squared_error', 'estimator__max_depth': 4, 'estimator__min_samples_leaf': 1, 'estimator__min_samples_split': 10, 'estimator__random_state': 42, 'estimator__splitter': 'random'}",0.012176533625446483,0.013259263553099013,0.014430285979090119,0.021453449584504247,0.013962642589936444,0.03556314774048939,0.02731971714175896,0.00875690614245609,0.014303094885473296,0.011492813804349706,0.017271785504660374,0.007929820023615834,364,0.6215330347011516,0.7162258898280638,0.6081283082522082,0.4566099894490636,0.7659030699825731,0.4046686287583172,0.515646259666235,0.8109700399732375,0.5844188371496521,0.45690191544406844,0.5941005973204571,0.13125272682333222,389,0.0803937726344195,0.08605097116436294,0.09936036720461372,0.1186042772409076,0.09095931393340517,0.1320701662416337,0.0977217267299116,0.07611804242762356,0.08396344463889797,0.08967939081791074,0.09549214730336866,0.016648587132349516,453
868,0.003301835060119629,0.0004576021203686474,0.0020011425018310546,4.486072225620144e-06,DecisionTreeRegressor(),,,,,,,,,,4,,42,squared_error,1,15,best,,"{'estimator': DecisionTreeRegressor(), 'estimator__criterion': 'squared_error', 'estimator__max_depth': 4, 'estimator__min_samples_leaf': 1, 'estimator__min_samples_split': 15, 'estimator__random_state': 42, 'estimator__splitter': 'best'}",0.029460534564315043,0.02489731133340883,0.016731804378857115,0.010951229247377247,0.019413599384889686,0.04177111676640274,0.031364992286032824,0.02669118465230079,0.009676439482766848,0.0093420295714701,0.022030024166782118,0.010164966178852868,538,0.08431747034006076,0.46714896034625997,0.5456278207211752,0.7226185675717027,0.674512615551268,0.3007464804774117,0.4439272101372286,0.4238337735025399,0.7188478434423672,0.5585381915601858,0.49401189336502,0.18856740837498703,539,0.10770746315552526,0.11112306710017503,0.09672956612277148,0.07688645184658065,0.09116262138198823,0.15005833951428557,0.10593047945118238,0.11035846734283021,0.07060610923875243,0.0716645735904282,0.09922271387445195,0.02261707313217209,520
869,0.0023042917251586913,0.0004595033481539632,0.0021967172622680666,0.0006002022732433868,DecisionTreeRegressor(),,,,,,,,,,4,,42,squared_error,1,15,random,,"{'estimator': DecisionTreeRegressor(), 'estimator__criterion': 'squared_error', 'estimator__max_depth': 4, 'estimator__min_samples_leaf': 1, 'estimator__min_samples_split': 15, 'estimator__random_state': 42, 'estimator__splitter': 'random'}",0.012176533625446483,0.013259263553099013,0.014430285979090119,0.021453449584504247,0.014969419219351271,0.03556314774048939,0.02867714915589441,0.010855816177432132,0.009616704103498309,0.010397415603869973,0.017139918474267535,0.008273013400134168,347,0.6215330347011516,0.7162258898280638,0.6081283082522082,0.4566099894490636,0.7490235060575341,0.4046686287583172,0.4915802245062175,0.765662156851401,0.7205834746871084,0.5086654500000186,0.6042680663091085,0.12524386290008357,340,0.0803937726344195,0.08605097116436294,0.09936036720461372,0.1186042772409076,0.09335208527009665,0.1320701662416337,0.10231235936912224,0.08072328419265462,0.07244573349432118,0.08476924829837686,0.0950082265110509,0.017655515581091626,425
870,0.0034093141555786135,0.0004669777458043668,0.0023769140243530273,0.0004700811673762479,DecisionTreeRegressor(),,,,,,,,,,4,,42,squared_error,3,5,best,,"{'estimator': DecisionTreeRegressor(), 'estimator__criterion': 'squared_error', 'estimator__max_depth': 4, 'estimator__min_samples_leaf': 3, 'estimator__min_samples_split': 5, 'estimator__random_state': 42, 'estimator__splitter': 'best'}",0.007762572844205117,0.015298122073007897,0.021336478076073074,0.010033870764574529,0.016206126695832823,0.025341925749506503,0.03373500936604099,0.010558683479810515,0.010708742590426984,0.0068336885515378944,0.015781522019101633,0.008218360097703822,227,0.7587262945574269,0.6725903394872316,0.420582393742856,0.7458541518391957,0.7282889336648701,0.5757731144484173,0.40190896260558684,0.7720761780867942,0.6888539344785709,0.6770709744390548,0.6441725277350004,0.1281193203104992,201,0.05825247714089793,0.09461990047062419,0.11138537796337232,0.06699455355269031,0.08738360855244456,0.11694103521258072,0.11637747641719717,0.08472024743402776,0.0714773291759329,0.05575028085379553,0.08639022867735634,0.022040811425142387,120
871,0.002102971076965332,0.0003014962251344447,0.0019987344741821287,8.492555462567309e-06,DecisionTreeRegressor(),,,,,,,,,,4,,42,squared_error,3,5,random,,"{'estimator': DecisionTreeRegressor(), 'estimator__criterion': 'squared_error', 'estimator__max_depth': 4, 'estimator__min_samples_leaf': 3, 'estimator__min_samples_split': 5, 'estimator__random_state': 42, 'estimator__splitter': 'random'}",0.022297924985973733,0.01600620581929041,0.014219645911000963,0.014515147349165067,0.013667586084353828,0.029090937419682623,0.027875820328592992,0.015264042011975478,0.017618349996331335,0.01179808542319205,0.018235374532955845,0.0057769718309050085,459,0.30694331724531254,0.6574359657753095,0.6138484914801481,0.632348819235661,0.77084997180962,0.513014208102623,0.5057870558846965,0.6705044904636517,0.48809300101783426,0.4424761678173368,0.5601301488832193,0.1274611403580241,472,0.09878650144056982,0.08938960153151297,0.09886600720736494,0.0935923028347233,0.09201954461042086,0.10674210772910818,0.0924678909690883,0.07792336656652599,0.08762368518169632,0.09275814059155416,0.09301691486625649,0.007263846559621859,322
872,0.003095698356628418,0.00032165522356667435,0.001873350143432617,0.00030119552621822517,DecisionTreeRegressor(),,,,,,,,,,4,,42,squared_error,3,10,best,,"{'estimator': DecisionTreeRegressor(), 'estimator__criterion': 'squared_error', 'estimator__max_depth': 4, 'estimator__min_samples_leaf': 3, 'estimator__min_samples_split': 10, 'estimator__random_state': 42, 'estimator__splitter': 'best'}",0.007762572844205113,0.015298122073007894,0.019724981469512227,0.011365052673329032,0.019564552592135208,0.025341925749506503,0.03373500936604099,0.009856049961476968,0.010708742590426994,0.0068336885515378944,0.016019069787117885,0.008172988361659585,269,0.758726294557427,0.6725903394872317,0.46434451338302707,0.7121369191585456,0.6719817420318146,0.5757731144484173,0.40190896260558684,0.7872434967405947,0.6888539344785706,0.6770709744390548,0.6410630291330272,0.11767847133315164,210,0.05825247714089792,0.09461990047062417,0.10587863747227941,0.07606588038626438,0.09253319185711933,0.11694103521258072,0.11637747641719717,0.08140349784862146,0.07147732917593293,0.05575028085379553,0.0869299706835313,0.02097457711643657,121
873,0.0021983861923217775,0.00040103389920759095,0.0020000457763671873,0.00044739466871698564,DecisionTreeRegressor(),,,,,,,,,,4,,42,squared_error,3,10,random,,"{'estimator': DecisionTreeRegressor(), 'estimator__criterion': 'squared_error', 'estimator__max_depth': 4, 'estimator__min_samples_leaf': 3, 'estimator__min_samples_split': 10, 'estimator__random_state': 42, 'estimator__splitter': 'random'}",0.01394867859629674,0.013916417075825624,0.014219645911000963,0.01871837242984072,0.013869257116577847,0.028860289148362434,0.027309325334197918,0.00875690614245609,0.01431664978204134,0.011692755090845003,0.016560829662744466,0.006226070386439605,325,0.5664518145593462,0.7021615222701454,0.6138484914801481,0.5258861959666264,0.7674687659087316,0.5168752879103375,0.5158304969639678,0.8109700399732375,0.5840249951369151,0.44745360003864987,0.6050971210208106,0.11272145353066013,337,0.08049900268244031,0.08878177781157545,0.09886600720736494,0.11282347477140678,0.08866141924263614,0.1254713178637771,0.09741551584883314,0.07611804242762356,0.0846810335164933,0.09279747585703574,0.09461150672291863,0.014221224432591995,408
874,0.003100466728210449,0.0003002252490035269,0.002000570297241211,0.00044718264361451164,DecisionTreeRegressor(),,,,,,,,,,4,,42,squared_error,3,15,best,,"{'estimator': DecisionTreeRegressor(), 'estimator__criterion': 'squared_error', 'estimator__max_depth': 4, 'estimator__min_samples_leaf': 3, 'estimator__min_samples_split': 15, 'estimator__random_state': 42, 'estimator__splitter': 'best'}",0.007762572844205113,0.01580758369140727,0.019724981469512227,0.011365052673329032,0.019564552592135208,0.026574682990268786,0.03373500936604099,0.009856049961476968,0.009676439482766848,0.007646888875502709,0.016171381394664515,0.008303777790362704,289,0.758726294557427,0.6616868668434401,0.46434451338302707,0.7121369191585456,0.6719817420318146,0.5551366099436272,0.40190896260558684,0.7872434967405947,0.7188478434423672,0.6386428274400664,0.6370656076146497,0.11972893228393318,237,0.05825247714089792,0.09461990047062417,0.10587863747227941,0.07606588038626438,0.09253319185711933,0.1182249382778993,0.11637747641719717,0.08140349784862146,0.07060610923875243,0.05978193100966333,0.08737440401193189,0.020660571066712208,130
875,0.002300000190734863,0.0004568953331110963,0.0019039154052734376,0.00029912755826676566,DecisionTreeRegressor(),,,,,,,,,,4,,42,squared_error,3,15,random,,"{'estimator': DecisionTreeRegressor(), 'estimator__criterion': 'squared_error', 'estimator__max_depth': 4, 'estimator__min_samples_leaf': 3, 'estimator__min_samples_split': 15, 'estimator__random_state': 42, 'estimator__splitter': 'random'}",0.016551770931952828,0.013916417075825624,0.014219645911000963,0.01871837242984072,0.014768968588015047,0.02399279198803152,0.028678816048304624,0.010855816177432132,0.009630259000066355,0.00865393896326506,0.015998679711373486,0.006019620749940926,267,0.48554336499783757,0.7021615222701454,0.6138484914801481,0.5258861959666264,0.7523842507814366,0.5983577759094418,0.49155067201965885,0.765662156851401,0.7201896326743713,0.5910542226800538,0.6246638285631121,0.10004665345313973,293,0.08760143824238671,0.08878177781157545,0.09886600720736494,0.11282347477140678,0.09085168396924409,0.11118257098234847,0.10228162194267151,0.08072328419265462,0.07316332237191646,0.07884345900715664,0.09251186404987258,0.01279814100325819,292
876,0.0031045198440551756,0.000294614756598866,0.002197122573852539,0.0007446857681925243,DecisionTreeRegressor(),,,,,,,,,,4,,42,squared_error,5,5,best,,"{'estimator': DecisionTreeRegressor(), 'estimator__criterion': 'squared_error', 'estimator__max_depth': 4, 'estimator__min_samples_leaf': 5, 'estimator__min_samples_split': 5, 'estimator__random_state': 42, 'estimator__splitter': 'best'}",0.013043479239955622,0.01602311321605457,0.021113290513200662,0.013900763007515672,0.01960494252871934,0.025438796578291824,0.03462319282214189,0.01556153086271644,0.010952958551492755,0.005863800505938013,0.01761258678260268,0.007685095632828693,389,0.5945869196658565,0.6570741144965518,0.42664331921353704,0.6479104338177903,0.6713045664830573,0.5741514851214828,0.38616227764421585,0.6640827811693918,0.6817581587811442,0.722903470185191,0.6026577526578218,0.10627294515190422,348,0.07696937651499519,0.10366109699677498,0.11028236180277333,0.08483478143519671,0.09265791117981342,0.11694103521258072,0.12784007394021835,0.09590759028964217,0.07853207082865246,0.057318247472315835,0.09449445456729631,0.01997933988115154,404
877,0.002000713348388672,6.148426406747646e-06,0.002098226547241211,0.0002963599943317074,DecisionTreeRegressor(),,,,,,,,,,4,,42,squared_error,5,5,random,,"{'estimator': DecisionTreeRegressor(), 'estimator__criterion': 'squared_error', 'estimator__max_depth': 4, 'estimator__min_samples_leaf': 5, 'estimator__min_samples_split': 5, 'estimator__random_state': 42, 'estimator__splitter': 'random'}",0.01394867859629674,0.01840379114884861,0.01336113771515959,0.017235863123448967,0.011074466709720367,0.0267076112930106,0.02766607351267349,0.01450742157656836,0.006140665862384181,0.01057578243303336,0.015962149197114427,0.00649869403475837,257,0.5664518145593462,0.6061229617964687,0.6371623093470423,0.5634363691669282,0.8143260746218433,0.5529113741651301,0.5095056761868966,0.6868371915722106,0.8215809179622451,0.5002366452776896,0.6258571334655801,0.10960326172676631,279,0.08049900268244031,0.09886167394256692,0.0964235822354503,0.10748128212480874,0.08324031947877851,0.11406999116394295,0.0955467012881553,0.0956698840666101,0.05748597960020684,0.08568251303672868,0.09149609296196888,0.015023469503324281,253
878,0.0029880762100219726,3.8512601109802504e-05,0.0020021677017211916,0.0004445929662448431,DecisionTreeRegressor(),,,,,,,,,,4,,42,squared_error,5,10,best,,"{'estimator': DecisionTreeRegressor(), 'estimator__criterion': 'squared_error', 'estimator__max_depth': 4, 'estimator__min_samples_leaf': 5, 'estimator__min_samples_split': 10, 'estimator__random_state': 42, 'estimator__splitter': 'best'}",0.013043479239955622,0.01602311321605457,0.021113290513200662,0.013900763007515672,0.01960494252871934,0.025438796578291824,0.03462319282214189,0.01556153086271644,0.010952958551492755,0.005863800505938013,0.01761258678260268,0.007685095632828693,389,0.5945869196658565,0.6570741144965518,0.42664331921353704,0.6479104338177903,0.6713045664830573,0.5741514851214828,0.38616227764421585,0.6640827811693918,0.6817581587811442,0.722903470185191,0.6026577526578218,0.10627294515190422,348,0.07696937651499519,0.10366109699677498,0.11028236180277333,0.08483478143519671,0.09265791117981342,0.11694103521258072,0.12784007394021835,0.09590759028964217,0.07853207082865246,0.057318247472315835,0.09449445456729631,0.01997933988115154,404
879,0.002057814598083496,0.0001721684414142054,0.0018550395965576173,0.0003165272604548607,DecisionTreeRegressor(),,,,,,,,,,4,,42,squared_error,5,10,random,,"{'estimator': DecisionTreeRegressor(), 'estimator__criterion': 'squared_error', 'estimator__max_depth': 4, 'estimator__min_samples_leaf': 5, 'estimator__min_samples_split': 10, 'estimator__random_state': 42, 'estimator__splitter': 'random'}",0.01394867859629674,0.01840379114884861,0.01336113771515959,0.017235863123448967,0.011074466709720367,0.0267076112930106,0.02766607351267349,0.01450742157656836,0.006140665862384181,0.01057578243303336,0.015962149197114427,0.00649869403475837,257,0.5664518145593462,0.6061229617964687,0.6371623093470423,0.5634363691669282,0.8143260746218433,0.5529113741651301,0.5095056761868966,0.6868371915722106,0.8215809179622451,0.5002366452776896,0.6258571334655801,0.10960326172676631,279,0.08049900268244031,0.09886167394256692,0.0964235822354503,0.10748128212480874,0.08324031947877851,0.11406999116394295,0.0955467012881553,0.0956698840666101,0.05748597960020684,0.08568251303672868,0.09149609296196888,0.015023469503324281,253
880,0.0031994104385375975,0.0003973170911245071,0.0021006107330322266,0.0003001452846422253,DecisionTreeRegressor(),,,,,,,,,,4,,42,squared_error,5,15,best,,"{'estimator': DecisionTreeRegressor(), 'estimator__criterion': 'squared_error', 'estimator__max_depth': 4, 'estimator__min_samples_leaf': 5, 'estimator__min_samples_split': 15, 'estimator__random_state': 42, 'estimator__splitter': 'best'}",0.013043479239955622,0.016527822785915365,0.021113290513200662,0.013900763007515672,0.01960494252871934,0.026574682990268786,0.03403358679976218,0.01556153086271644,0.010753883347358346,0.006677000829902825,0.017779098290531526,0.007566917026999162,406,0.5945869196658565,0.646272344963203,0.42664331921353704,0.6479104338177903,0.6713045664830573,0.5551366099436272,0.3966154562324531,0.6640827811693918,0.6875423548234199,0.6844753231862026,0.597457010949854,0.10090708420422309,369,0.07696937651499519,0.10366109699677498,0.11028236180277333,0.08483478143519671,0.09265791117981342,0.1182249382778993,0.12425584454953735,0.09590759028964217,0.07569678489274054,0.06134989762818363,0.09438405835675567,0.019078158180791685,401
881,0.0021995067596435546,0.00039635884044379824,0.0021025896072387694,0.00029733717059149194,DecisionTreeRegressor(),,,,,,,,,,4,,42,squared_error,5,15,random,,"{'estimator': DecisionTreeRegressor(), 'estimator__criterion': 'squared_error', 'estimator__max_depth': 4, 'estimator__min_samples_leaf': 5, 'estimator__min_samples_split': 15, 'estimator__random_state': 42, 'estimator__splitter': 'random'}",0.01745469872631352,0.02277229267297433,0.01336113771515959,0.017235863123448967,0.020213479243713237,0.027724941974545347,0.028663045294902427,0.010855816177432132,0.0064923854533324886,0.009146052385234088,0.017391971276705612,0.007186859920424327,375,0.45747886382473424,0.5126285058013029,0.6371623093470423,0.5634363691669282,0.6611018719812558,0.5358811361765291,0.4918302731355342,0.765662156851401,0.8113615886650593,0.567799181625226,0.6004342256575013,0.11106845835741509,359,0.08985710499311846,0.11455915619337127,0.0964235822354503,0.10748128212480874,0.09942661372537606,0.11391728451147706,0.10164078285166392,0.08072328419265462,0.05984243615743375,0.07973673734386301,0.09436082643292173,0.01630073058842152,399
882,0.0036005496978759764,0.0006652636450634481,0.0022009849548339845,0.00039883190107720926,DecisionTreeRegressor(),,,,,,,,,,5,,42,squared_error,1,5,best,,"{'estimator': DecisionTreeRegressor(), 'estimator__criterion': 'squared_error', 'estimator__max_depth': 5, 'estimator__min_samples_leaf': 1, 'estimator__min_samples_split': 5, 'estimator__random_state': 42, 'estimator__splitter': 'best'}",0.02841316157570786,0.02383870046088478,0.014677898660529265,0.012676602578814804,0.015453163037169404,0.054025259882095465,0.030602342453227984,0.029152395488505834,0.009074943632463165,0.010196592575718401,0.022811106034511693,0.012955625607648047,546,0.11687156896347839,0.48980529847287013,0.6014040894450157,0.6789169414494707,0.7409130826948567,0.09561065060959162,0.4574482981180158,0.3707051252771536,0.7363245047468197,0.518155432503917,0.48061549922811897,0.21947764390698424,542,0.1118223913684614,0.10563350923521503,0.09444062221881794,0.08120221186693263,0.09557159495088192,0.1737111588459687,0.1169625964326063,0.11527465923442595,0.07033343268297526,0.07165908281700288,0.10366112596532881,0.028423641314843727,542
883,0.0021027565002441407,0.00029927156687134553,0.0018997669219970703,0.00030002597783374,DecisionTreeRegressor(),,,,,,,,,,5,,42,squared_error,1,5,random,,"{'estimator': DecisionTreeRegressor(), 'estimator__criterion': 'squared_error', 'estimator__max_depth': 5, 'estimator__min_samples_leaf': 1, 'estimator__min_samples_split': 5, 'estimator__random_state': 42, 'estimator__splitter': 'random'}",0.012401121704925099,0.008632355903109831,0.0110935405602921,0.01261346028469205,0.014692751006900366,0.03195936101282852,0.02843514080326844,0.008367167014854049,0.009473183184584264,0.007633901900811196,0.014530198337626591,0.008142891598947766,143,0.6145524627668748,0.8152507410926368,0.6987416248622038,0.6805162596259917,0.7536621107307531,0.4649964520965838,0.495870812515536,0.8193830993931956,0.7247535225580923,0.6392565327692581,0.6706983618411126,0.11432812407711673,119,0.07833511158991206,0.06597057761221822,0.09077367925767058,0.08165722497691684,0.092480426209964,0.1281181950416423,0.09202944223165697,0.07324981229651426,0.07897841472709072,0.06578933290536565,0.08473822168489516,0.017199676161490093,73
884,0.0038982391357421874,0.000540610626213567,0.002101588249206543,0.0005365064269452894,DecisionTreeRegressor(),,,,,,,,,,5,,42,squared_error,1,10,best,,"{'estimator': DecisionTreeRegressor(), 'estimator__criterion': 'squared_error', 'estimator__max_depth': 5, 'estimator__min_samples_leaf': 1, 'estimator__min_samples_split': 10, 'estimator__random_state': 42, 'estimator__splitter': 'best'}",0.02841316157570786,0.026643477585172173,0.016709582522399867,0.011660685818609086,0.023007544063322345,0.049813129053485776,0.030602342453227994,0.029068590730064566,0.00902437531106795,0.010196592575718401,0.023513948168877603,0.01175116120218434,550,0.11687156896347839,0.4297775956153286,0.546231281837351,0.7046488880472708,0.6142567284257217,0.1661222273784444,0.4574482981180157,0.37251416717853936,0.737793784086507,0.518155432503917,0.46638199721545737,0.19593446196554207,546,0.11182239136846141,0.12090493436761754,0.09571951003778761,0.07821187123140061,0.10720338416151078,0.15942773724429962,0.1169625964326063,0.11439197587701941,0.06867505789027212,0.07165908281700288,0.10449785414279784,0.025942988222110424,550
885,0.0020990371704101562,0.00030118436853201303,0.002101230621337891,0.00029760359403667284,DecisionTreeRegressor(),,,,,,,,,,5,,42,squared_error,1,10,random,,"{'estimator': DecisionTreeRegressor(), 'estimator__criterion': 'squared_error', 'estimator__max_depth': 5, 'estimator__min_samples_leaf': 1, 'estimator__min_samples_split': 10, 'estimator__random_state': 42, 'estimator__splitter': 'random'}",0.014075695414931132,0.016870121150202644,0.01127679801575161,0.024057633984323926,0.00851348941447373,0.042123636869773134,0.030029931839487378,0.006190505681871722,0.011786334558287925,0.016086913944609697,0.01810110608737129,0.01047314486768452,448,0.5625039200789325,0.6389464921094652,0.6937650492627755,0.39064913858819716,0.8572632850245268,0.2948452515406148,0.4675966177486105,0.8663693520801573,0.657544142670039,0.2398056473840191,0.5669288896487338,0.20626290873439784,454,0.08076814229543526,0.09336687004429295,0.08013658224298573,0.11835168848363961,0.07707621645994298,0.15569107865689474,0.10070364557605771,0.05676661495390431,0.08326284810534065,0.08974379883608848,0.09358674856545825,0.02572128178882547,352
886,0.003098273277282715,0.0002987030182164129,0.0021033287048339844,0.00029941842605989936,DecisionTreeRegressor(),,,,,,,,,,5,,42,squared_error,1,15,best,,"{'estimator': DecisionTreeRegressor(), 'estimator__criterion': 'squared_error', 'estimator__max_depth': 5, 'estimator__min_samples_leaf': 1, 'estimator__min_samples_split': 15, 'estimator__random_state': 42, 'estimator__splitter': 'best'}",0.028186517251453644,0.024463040679511466,0.016806228435976768,0.011058628380301805,0.023007544063322345,0.049813129053485776,0.029494333385628683,0.02715941055850094,0.010883893219520437,0.00894037032085457,0.022981309534855644,0.011545087082140262,548,0.12391605241346815,0.47644319964469417,0.5436067463493663,0.7198982770308664,0.6142567284257217,0.1661222273784444,0.47709229126152963,0.4137264681491809,0.6837648748942319,0.5775187800711479,0.47963456456186515,0.18983648026795982,544,0.10985179035176025,0.10977108747305808,0.09669195177515472,0.07317953997735535,0.10720338416151078,0.15942773724429962,0.11039405664307471,0.11272691408918441,0.07666506178783501,0.06935754067434378,0.10252690641775768,0.024891755120848996,538
887,0.002100706100463867,0.00029788059636393213,0.0022000551223754885,0.000745231860298118,DecisionTreeRegressor(),,,,,,,,,,5,,42,squared_error,1,15,random,,"{'estimator': DecisionTreeRegressor(), 'estimator__criterion': 'squared_error', 'estimator__max_depth': 5, 'estimator__min_samples_leaf': 1, 'estimator__min_samples_split': 15, 'estimator__random_state': 42, 'estimator__splitter': 'random'}",0.01667813459282886,0.014471146173214476,0.01617215827731916,0.024057633984323926,0.013205301057626235,0.035502345155384925,0.029912964041736052,0.01332714333046778,0.012277313052335126,0.01892279670642501,0.019452693637166153,0.007482039224465148,502,0.48161577174947157,0.6902892372546467,0.5608256806185827,0.39064913858819716,0.7786006182114661,0.4056864713472078,0.46967035043205996,0.7123151339015403,0.6432785997840809,0.10579473219942148,0.5238725734086674,0.18839953571204085,500,0.08832243498496298,0.09037353955036062,0.09898018547813925,0.11835168848363961,0.09518149460072907,0.1413128927813569,0.09627459685235323,0.07568104473496869,0.08604521343721579,0.09762416140789926,0.09881472523116255,0.017573997808189155,516
888,0.0037978410720825194,0.0003990144883652908,0.0019037485122680663,0.000300980136459016,DecisionTreeRegressor(),,,,,,,,,,5,,42,squared_error,3,5,best,,"{'estimator': DecisionTreeRegressor(), 'estimator__criterion': 'squared_error', 'estimator__max_depth': 5, 'estimator__min_samples_leaf': 3, 'estimator__min_samples_split': 5, 'estimator__random_state': 42, 'estimator__splitter': 'best'}",0.01171214527199734,0.017847948765638152,0.020403556839070663,0.010047635790786736,0.020333371760459053,0.0353587452061403,0.030681945262923352,0.013576896342733997,0.011006804718870906,0.008478763386308137,0.017944781334492864,0.008574799677284452,428,0.6359669989356634,0.6180190733006805,0.4459169868300146,0.7455055003223745,0.6590917603622356,0.40809035177190667,0.4560370126930252,0.7069238688637258,0.6801936405399367,0.5993322233442844,0.5955077416963848,0.1119109486697258,379,0.06329437919847765,0.09665957581655785,0.11106137658481784,0.06516864840543825,0.10405857490983113,0.13551262504680894,0.11378619713383481,0.0912677714856338,0.0769592895736372,0.06191132921815871,0.09196797673731961,0.02361028367939749,269
889,0.002018642425537109,5.1283697813548295e-05,0.001983785629272461,5.62741791990224e-05,DecisionTreeRegressor(),,,,,,,,,,5,,42,squared_error,3,5,random,,"{'estimator': DecisionTreeRegressor(), 'estimator__criterion': 'squared_error', 'estimator__max_depth': 5, 'estimator__min_samples_leaf': 3, 'estimator__min_samples_split': 5, 'estimator__random_state': 42, 'estimator__splitter': 'random'}",0.016288461454306652,0.012754376901007138,0.014023991507034409,0.01858914738718203,0.020064315390400603,0.02765745997574202,0.03538139419261515,0.008088641860231427,0.012471987018571147,0.008598086989081152,0.017391786267617174,0.008122395803475206,374,0.4937274625418969,0.7270314492666627,0.6191617210579528,0.5291593104845111,0.6636027452869455,0.5370107929542383,0.37272005685512966,0.8253954510146777,0.6376222831677922,0.5936935328363244,0.5999124805466132,0.12030950859933622,361,0.09019826622137644,0.08473117472518756,0.08797076445728345,0.09080203819611621,0.10944560750395486,0.12071660811830934,0.10708074624781413,0.06180291115293522,0.08025075015927205,0.07255033823820327,0.09055492050204525,0.016844849269649676,213
890,0.0038032293319702148,0.00040198204559659524,0.0017992019653320312,0.00040005292290130797,DecisionTreeRegressor(),,,,,,,,,,5,,42,squared_error,3,10,best,,"{'estimator': DecisionTreeRegressor(), 'estimator__criterion': 'squared_error', 'estimator__max_depth': 5, 'estimator__min_samples_leaf': 3, 'estimator__min_samples_split': 10, 'estimator__random_state': 42, 'estimator__splitter': 'best'}",0.011048413416258765,0.017594812033696366,0.018792060232509816,0.011378817699541237,0.023691797656761437,0.034442598028578714,0.030681945262923352,0.012874262824400455,0.011916196327180566,0.006680422090782259,0.017910132557263297,0.008648013674403992,425,0.6565968915586833,0.6234366932590546,0.48967910647018564,0.7117882676417244,0.6027845687291802,0.423426765732136,0.4560370126930252,0.7220911875175262,0.6537709659304358,0.6843136499648299,0.6023925109496782,0.10255736491555782,352,0.06196533891601897,0.09665957581655786,0.10555463609372494,0.07423997523901232,0.10920815821450591,0.13551262504680894,0.11378619713383481,0.08795102190022748,0.07753628172501545,0.057979376080620586,0.09203931861663273,0.02338809002000013,272
891,0.002002716064453125,2.136368832194478e-05,0.001993250846862793,0.0004447613704835466,DecisionTreeRegressor(),,,,,,,,,,5,,42,squared_error,3,10,random,,"{'estimator': DecisionTreeRegressor(), 'estimator__criterion': 'squared_error', 'estimator__max_depth': 5, 'estimator__min_samples_leaf': 3, 'estimator__min_samples_split': 10, 'estimator__random_state': 42, 'estimator__splitter': 'random'}",0.011469855137181923,0.01172347362818631,0.01134965601681809,0.007954822471793082,0.01684561088800557,0.041477690181696864,0.023197153748920507,0.008432519307979952,0.014014017655280197,0.009087071645748521,0.015555187068161103,0.009663380002093477,212,0.6434977802619521,0.7490947906993544,0.691786503017978,0.7985139382898754,0.7175673753912084,0.30565847680311453,0.5887355595562485,0.8179723795389136,0.5928180718914435,0.5705863429928086,0.6476231218442897,0.1408150741914965,178,0.07904183605378393,0.08430604080969428,0.07782664626278421,0.06307178361157242,0.10003825916500445,0.15757721655651363,0.1006234016344753,0.07367757984272189,0.08264591023377735,0.07452215674227981,0.08933308309126073,0.02522250047208405,176
892,0.003507399559020996,0.0005026840915933947,0.0019951820373535155,0.0006249238418406173,DecisionTreeRegressor(),,,,,,,,,,5,,42,squared_error,3,15,best,,"{'estimator': DecisionTreeRegressor(), 'estimator__criterion': 'squared_error', 'estimator__max_depth': 5, 'estimator__min_samples_leaf': 3, 'estimator__min_samples_split': 15, 'estimator__random_state': 42, 'estimator__splitter': 'best'}",0.010821769092004545,0.014502545188429748,0.018922733604036842,0.012403334266215801,0.023691797656761437,0.03475975776922072,0.030681945262923352,0.011703520679619788,0.010883893219520437,0.007515606243631302,0.017588690298236394,0.00876679219407852,386,0.6636413750086732,0.6896172370664534,0.4861305146237812,0.6858384983152563,0.6027845687291802,0.4181174735210842,0.4560370126930252,0.747363279878615,0.6837648748942319,0.6448466472459558,0.6078141481976256,0.10787188393287651,326,0.05999473789931781,0.09604470962032433,0.10703750941323162,0.07795437139894291,0.10920815821450591,0.13024634048346134,0.11378619713383481,0.08656681390793092,0.07666506178783501,0.06310323544136007,0.09206071353007447,0.021902763494538086,280
893,0.002099299430847168,0.000295633470767422,0.0019996166229248047,4.943952883083277e-06,DecisionTreeRegressor(),,,,,,,,,,5,,42,squared_error,3,15,random,,"{'estimator': DecisionTreeRegressor(), 'estimator__criterion': 'squared_error', 'estimator__max_depth': 5, 'estimator__min_samples_leaf': 3, 'estimator__min_samples_split': 15, 'estimator__random_state': 42, 'estimator__splitter': 'random'}",0.018181981866178233,0.01585101243486313,0.014464252181009616,0.0201350952120426,0.011084272767398227,0.027751488174684195,0.030316162810258212,0.003922604002450209,0.012881909823919653,0.011303713754601248,0.01658924930274053,0.00752079835927485,327,0.43487369134096654,0.6607574069997075,0.6072059153746363,0.49000231610217426,0.814161666775465,0.5354367495928318,0.46252200293569556,0.9153251541444508,0.6257118401839714,0.46583792333179297,0.6011834666781691,0.15169703917214933,355,0.09412402853024843,0.08839356939212853,0.09213084700566646,0.10360440544449934,0.08450063887151454,0.11696486612230476,0.1253280275066505,0.05003508100523026,0.08605868341305553,0.08132579011674992,0.09224659374080482,0.019626828327153446,289
894,0.003100728988647461,0.00029823835618972717,0.002401590347290039,0.0006608042387949199,DecisionTreeRegressor(),,,,,,,,,,5,,42,squared_error,5,5,best,,"{'estimator': DecisionTreeRegressor(), 'estimator__criterion': 'squared_error', 'estimator__max_depth': 5, 'estimator__min_samples_leaf': 5, 'estimator__min_samples_split': 5, 'estimator__random_state': 42, 'estimator__splitter': 'best'}",0.01133751392047112,0.015331337418503602,0.022181196966377117,0.0139530289630307,0.023914432589540634,0.03453946885736403,0.03248725282348245,0.017091340194863237,0.013831196321644472,0.005192751825299967,0.018985951988057734,0.008810760920725799,481,0.6476111659112,0.6718794662871967,0.3976430409764298,0.6465866001840943,0.5990518831761023,0.42180513640520145,0.4240305513935754,0.6310597257432011,0.5981300063388162,0.7546141773542547,0.5792411753770071,0.115687572987012,415,0.07937755777563793,0.09818693149518862,0.11171461242176217,0.08422061399989303,0.10976869683838868,0.13551262504680894,0.12916935593873483,0.09743986799234754,0.09317618590189816,0.056489824303979315,0.09950562717146391,0.02228458854871155,524
895,0.002196598052978516,0.00039554284373952836,0.0019041776657104492,0.0003018563208086801,DecisionTreeRegressor(),,,,,,,,,,5,,42,squared_error,5,5,random,,"{'estimator': DecisionTreeRegressor(), 'estimator__criterion': 'squared_error', 'estimator__max_depth': 5, 'estimator__min_samples_leaf': 5, 'estimator__min_samples_split': 5, 'estimator__random_state': 42, 'estimator__splitter': 'random'}",0.022616005982732643,0.011598356805491341,0.011383160715750571,0.012176746994607378,0.014053417889446246,0.039325034855738926,0.020912021750604613,0.010072052864602464,0.013603265828324542,0.005066335945623735,0.016080639963292245,0.0091182110671723,273,0.29705682957438784,0.7517725348203321,0.6908766428065312,0.6915776806982583,0.7643811360936419,0.34169418591314316,0.6292488717841003,0.782580774601149,0.6047526023728504,0.7605880165966195,0.6314529275261014,0.16592378421926307,259,0.09696502999370185,0.08509116242789845,0.07757337632216471,0.07789839497164547,0.08901458160079369,0.15673465516989832,0.08715965697670078,0.0797905633124699,0.08073788762281785,0.05869002108289542,0.08896553294809864,0.024486044658358123,168
896,0.0031976938247680665,0.0004039201617607082,0.002002525329589844,8.115902909667532e-06,DecisionTreeRegressor(),,,,,,,,,,5,,42,squared_error,5,10,best,,"{'estimator': DecisionTreeRegressor(), 'estimator__criterion': 'squared_error', 'estimator__max_depth': 5, 'estimator__min_samples_leaf': 5, 'estimator__min_samples_split': 10, 'estimator__random_state': 42, 'estimator__splitter': 'best'}",0.01133751392047112,0.015331337418503602,0.022181196966377117,0.0139530289630307,0.023914432589540634,0.03453946885736403,0.03248725282348245,0.017091340194863237,0.013831196321644472,0.005192751825299967,0.018985951988057734,0.008810760920725799,481,0.6476111659112,0.6718794662871967,0.3976430409764298,0.6465866001840943,0.5990518831761023,0.42180513640520145,0.4240305513935754,0.6310597257432011,0.5981300063388162,0.7546141773542547,0.5792411753770071,0.115687572987012,415,0.07937755777563793,0.09818693149518862,0.11171461242176217,0.08422061399989303,0.10976869683838868,0.13551262504680894,0.12916935593873483,0.09743986799234754,0.09317618590189816,0.056489824303979315,0.09950562717146391,0.02228458854871155,524
897,0.002199697494506836,0.0003972793443783328,0.002002406120300293,0.0004432857860080469,DecisionTreeRegressor(),,,,,,,,,,5,,42,squared_error,5,10,random,,"{'estimator': DecisionTreeRegressor(), 'estimator__criterion': 'squared_error', 'estimator__max_depth': 5, 'estimator__min_samples_leaf': 5, 'estimator__min_samples_split': 10, 'estimator__random_state': 42, 'estimator__splitter': 'random'}",0.022616005982732643,0.011598356805491341,0.011383160715750571,0.012176746994607378,0.014053417889446246,0.039325034855738926,0.020912021750604613,0.010072052864602464,0.013603265828324542,0.005066335945623735,0.016080639963292245,0.0091182110671723,273,0.29705682957438784,0.7517725348203321,0.6908766428065312,0.6915776806982583,0.7643811360936419,0.34169418591314316,0.6292488717841003,0.782580774601149,0.6047526023728504,0.7605880165966195,0.6314529275261014,0.16592378421926307,259,0.09696502999370185,0.08509116242789845,0.07757337632216471,0.07789839497164547,0.08901458160079369,0.15673465516989832,0.08715965697670078,0.0797905633124699,0.08073788762281785,0.05869002108289542,0.08896553294809864,0.024486044658358123,168
898,0.0034015655517578127,0.000488533280007526,0.002100086212158203,0.0003043517371686035,DecisionTreeRegressor(),,,,,,,,,,5,,42,squared_error,5,15,best,,"{'estimator': DecisionTreeRegressor(), 'estimator__criterion': 'squared_error', 'estimator__max_depth': 5, 'estimator__min_samples_leaf': 5, 'estimator__min_samples_split': 15, 'estimator__random_state': 42, 'estimator__splitter': 'best'}",0.0127311082203934,0.01544218526327408,0.02399744309699715,0.014104948313424608,0.023914432589540634,0.03475975776922072,0.03189764680110273,0.017400555365457527,0.010159274273975033,0.0067746580149512636,0.019118200970833714,0.008773823855383701,487,0.6042959317260672,0.6695071061339914,0.34832070288363126,0.6427386662148615,0.5990518831761023,0.4181174735210842,0.4344837299818126,0.6243848875770457,0.7048189185417364,0.6798604889910417,0.5725579788747374,0.11871193028412502,430,0.08100933656497569,0.0950724635125213,0.1199202606392965,0.08465824476371539,0.10976869683838868,0.13024634048346134,0.12558512654805384,0.10107090634895162,0.07414652621263332,0.06346948402798186,0.09849473859399796,0.021594788324286216,506
899,0.0020050287246704103,8.675979696245869e-06,0.0020954370498657226,0.0002997306635490704,DecisionTreeRegressor(),,,,,,,,,,5,,42,squared_error,5,15,random,,"{'estimator': DecisionTreeRegressor(), 'estimator__criterion': 'squared_error', 'estimator__max_depth': 5, 'estimator__min_samples_leaf': 5, 'estimator__min_samples_split': 15, 'estimator__random_state': 42, 'estimator__splitter': 'random'}",0.015965006903271475,0.01090018038262772,0.013964761240251138,0.020145253918418954,0.017519314804603184,0.02653214517389705,0.02711943095773913,0.016439186758245974,0.012925373682504253,0.011466120057361275,0.017297677387892018,0.005455029505621557,368,0.5037809692382984,0.7667148724809213,0.6207701898631217,0.4897450083184872,0.7062720910207634,0.5558486981067732,0.519197151568366,0.6451373618454537,0.6244489833661162,0.4581633404619827,0.5890078666270284,0.09537096618896398,398,0.08593012869011907,0.074117134269999,0.09138471429335657,0.1033920373574765,0.09951623857272024,0.12637684056608112,0.09869837717695204,0.0860580266574489,0.0855772197635611,0.08316070158093439,0.0934211418928649,0.013800081483082401,344
900,0.0030988216400146484,0.0007044486036216261,0.0019008636474609375,0.0002982632585904058,DecisionTreeRegressor(),,,,,,,,,,3,,42,friedman_mse,1,5,best,,"{'estimator': DecisionTreeRegressor(), 'estimator__criterion': 'friedman_mse', 'estimator__max_depth': 3, 'estimator__min_samples_leaf': 1, 'estimator__min_samples_split': 5, 'estimator__random_state': 42, 'estimator__splitter': 'best'}",0.014072076812054992,0.02593036978407414,0.01777728735205063,0.008837268162672936,0.023047442462535428,0.0423831213503641,0.02718499417198629,0.013721183501187064,0.008230487550713445,0.011872017087869302,0.019305624823550832,0.010004795141168102,492,0.5626163922891099,0.4450394939027311,0.5172364789284682,0.7761626529458074,0.6135877939666299,0.29050145012085804,0.5180347754030441,0.7038092305027501,0.7608604561083689,0.4389824937565032,0.5626831217924271,0.14650571246750718,461,0.08291692155292671,0.11417960094485557,0.10070200126013278,0.06962429675101198,0.10647411337258472,0.15644893810517307,0.10323829295127848,0.09376124333005015,0.06493158480975358,0.08206700751236144,0.09743440005901285,0.024858473649758097,495
901,0.0019969940185546875,0.00045323213860940133,0.0018038988113403321,0.0006034580949304635,DecisionTreeRegressor(),,,,,,,,,,3,,42,friedman_mse,1,5,random,,"{'estimator': DecisionTreeRegressor(), 'estimator__criterion': 'friedman_mse', 'estimator__max_depth': 3, 'estimator__min_samples_leaf': 1, 'estimator__min_samples_split': 5, 'estimator__random_state': 42, 'estimator__splitter': 'random'}",0.022478100002116433,0.01196830777776604,0.0187912149433605,0.012764355993648753,0.012812980796513763,0.025936231593036718,0.037622748619216405,0.012085143104192416,0.009879739915172847,0.01354126616131947,0.017788008890634338,0.008244810152526094,411,0.30134317736316296,0.7438548622026881,0.48970206130901817,0.6766942532601111,0.785178239039221,0.5658243631357496,0.3329828811623925,0.7391254307468842,0.7129408819921518,0.36010137814194076,0.5707747528353321,0.17771229145089548,433,0.10611534476897681,0.08134948008628501,0.10192780169361919,0.09013749035302306,0.08688269482082675,0.12339184590543008,0.11405509259304472,0.08301924747784992,0.07363264524656206,0.09250511453809479,0.09530167574837126,0.014906464308120752,439
902,0.00300137996673584,8.505931575096585e-06,0.0020008325576782227,0.00045027673074011414,DecisionTreeRegressor(),,,,,,,,,,3,,42,friedman_mse,1,10,best,,"{'estimator': DecisionTreeRegressor(), 'estimator__criterion': 'friedman_mse', 'estimator__max_depth': 3, 'estimator__min_samples_leaf': 1, 'estimator__min_samples_split': 10, 'estimator__random_state': 42, 'estimator__splitter': 'best'}",0.014072076812054994,0.02593036978407414,0.01777728735205063,0.008837268162672936,0.023239746292627306,0.0423831213503641,0.02718499417198629,0.013721183501187064,0.008230487550713445,0.011872017087869302,0.01932485520656002,0.010012150980589206,494,0.5626163922891099,0.4450394939027311,0.5172364789284682,0.7761626529458074,0.6103636380831621,0.29050145012085804,0.5180347754030441,0.7038092305027501,0.7608604561083689,0.4389824937565032,0.5623607062040803,0.1463968388738605,463,0.08291692155292671,0.11417960094485557,0.10070200126013278,0.06962429675101198,0.10959861184794983,0.15644893810517307,0.10323829295127848,0.09376124333005015,0.06493158480975358,0.08206700751236144,0.09774684990654936,0.024989422771523686,502
903,0.002003645896911621,6.490461407600865e-06,0.0019972562789916993,0.0004459355947378275,DecisionTreeRegressor(),,,,,,,,,,3,,42,friedman_mse,1,10,random,,"{'estimator': DecisionTreeRegressor(), 'estimator__criterion': 'friedman_mse', 'estimator__max_depth': 3, 'estimator__min_samples_leaf': 1, 'estimator__min_samples_split': 10, 'estimator__random_state': 42, 'estimator__splitter': 'random'}",0.022478100002116433,0.01196830777776604,0.0187912149433605,0.012764355993648753,0.012812980796513763,0.025936231593036718,0.037622748619216405,0.012085143104192416,0.009879739915172847,0.01354126616131947,0.017788008890634338,0.008244810152526094,411,0.30134317736316296,0.7438548622026881,0.48970206130901817,0.6766942532601111,0.785178239039221,0.5658243631357496,0.3329828811623925,0.7391254307468842,0.7129408819921518,0.36010137814194076,0.5707747528353321,0.17771229145089548,433,0.10611534476897681,0.08134948008628501,0.10192780169361919,0.09013749035302306,0.08688269482082675,0.12339184590543008,0.11405509259304472,0.08301924747784992,0.07363264524656206,0.09250511453809479,0.09530167574837126,0.014906464308120752,439
904,0.003000831604003906,0.0004411322993824053,0.002199554443359375,0.00039903296707611744,DecisionTreeRegressor(),,,,,,,,,,3,,42,friedman_mse,1,15,best,,"{'estimator': DecisionTreeRegressor(), 'estimator__criterion': 'friedman_mse', 'estimator__max_depth': 3, 'estimator__min_samples_leaf': 1, 'estimator__min_samples_split': 15, 'estimator__random_state': 42, 'estimator__splitter': 'best'}",0.014072076812054994,0.02593036978407414,0.01777728735205063,0.008837268162672936,0.023239746292627306,0.0423831213503641,0.02718499417198629,0.013721183501187064,0.010334935143615413,0.011872017087869302,0.01953529996585022,0.009796542612927513,506,0.5626163922891099,0.4450394939027311,0.5172364789284682,0.7761626529458074,0.6103636380831621,0.29050145012085804,0.5180347754030441,0.7038092305027501,0.6997150337491803,0.4389824937565032,0.5562461639681615,0.13907211389719504,482,0.08291692155292671,0.11417960094485557,0.10070200126013278,0.06962429675101198,0.10959861184794983,0.15644893810517307,0.10323829295127848,0.09376124333005015,0.07331707670511546,0.08206700751236144,0.09858539909608555,0.023995110027685358,508
905,0.002100086212158203,0.00029818532731255647,0.0020014047622680664,0.00044308641993402845,DecisionTreeRegressor(),,,,,,,,,,3,,42,friedman_mse,1,15,random,,"{'estimator': DecisionTreeRegressor(), 'estimator__criterion': 'friedman_mse', 'estimator__max_depth': 3, 'estimator__min_samples_leaf': 1, 'estimator__min_samples_split': 15, 'estimator__random_state': 42, 'estimator__splitter': 'random'}",0.022478100002116433,0.01196830777776604,0.0187912149433605,0.012764355993648753,0.012812980796513763,0.025936231593036718,0.037622748619216405,0.012085143104192416,0.009879739915172847,0.01354126616131947,0.017788008890634338,0.008244810152526094,411,0.30134317736316296,0.7438548622026881,0.48970206130901817,0.6766942532601111,0.785178239039221,0.5658243631357496,0.3329828811623925,0.7391254307468842,0.7129408819921518,0.36010137814194076,0.5707747528353321,0.17771229145089548,433,0.10611534476897681,0.08134948008628501,0.10192780169361919,0.09013749035302306,0.08688269482082675,0.12339184590543008,0.11405509259304472,0.08301924747784992,0.07363264524656206,0.09250511453809479,0.09530167574837126,0.014906464308120752,439
906,0.003100299835205078,0.0005296762357622608,0.0020019054412841798,1.3878828584880226e-05,DecisionTreeRegressor(),,,,,,,,,,3,,42,friedman_mse,3,5,best,,"{'estimator': DecisionTreeRegressor(), 'estimator__criterion': 'friedman_mse', 'estimator__max_depth': 3, 'estimator__min_samples_leaf': 3, 'estimator__min_samples_split': 5, 'estimator__random_state': 42, 'estimator__splitter': 'best'}",0.01445975010307917,0.014959781291831918,0.020825059776412917,0.008901210562784069,0.023219078927294787,0.02782167552109132,0.02955501125199446,0.013721183501187064,0.010642496997322318,0.010271344584882595,0.017437659251788064,0.007062425754890807,380,0.5505668600909874,0.6798314923407511,0.4344705699417897,0.7745430690493259,0.6107101460414319,0.5342618049707957,0.47601652787140236,0.7038092305027501,0.6907787221442185,0.5146229926954502,0.5969611415648902,0.10616219479469303,371,0.08382318830955249,0.08690919892270824,0.10943983757445376,0.06591006430791435,0.10804131355858605,0.12467548405977699,0.11368528991729328,0.09376124333005015,0.07530712645635922,0.07275555985233409,0.09343083062890285,0.018720314369730616,346
907,0.002012801170349121,7.272173526200407e-05,0.0020017385482788085,9.238967276923241e-05,DecisionTreeRegressor(),,,,,,,,,,3,,42,friedman_mse,3,5,random,,"{'estimator': DecisionTreeRegressor(), 'estimator__criterion': 'friedman_mse', 'estimator__max_depth': 3, 'estimator__min_samples_leaf': 3, 'estimator__min_samples_split': 5, 'estimator__random_state': 42, 'estimator__splitter': 'random'}",0.01965733114327388,0.01196830777776604,0.01828385040017698,0.012764355993648753,0.012812980796513763,0.037558857559489955,0.037622748619216405,0.012085143104192416,0.009879739915172847,0.01354126616131947,0.018617458147077055,0.009889989156562575,471,0.3890173761667237,0.7438548622026881,0.5034801528976582,0.6766942532601111,0.785178239039221,0.3712602063145015,0.3329828811623925,0.7391254307468842,0.7129408819921518,0.36010137814194076,0.5614635661924273,0.17695459961725069,465,0.09740314539717225,0.08134948008628501,0.09966928494882507,0.09013749035302306,0.08688269482082675,0.13425916827973366,0.11405509259304472,0.08301924747784992,0.07363264524656206,0.09250511453809479,0.09529133637414174,0.016772911135602107,433
908,0.0029220342636108398,0.0003110035699288122,0.0021054983139038087,0.0003133590894101646,DecisionTreeRegressor(),,,,,,,,,,3,,42,friedman_mse,3,10,best,,"{'estimator': DecisionTreeRegressor(), 'estimator__criterion': 'friedman_mse', 'estimator__max_depth': 3, 'estimator__min_samples_leaf': 3, 'estimator__min_samples_split': 10, 'estimator__random_state': 42, 'estimator__splitter': 'best'}",0.014459750103079172,0.014959781291831918,0.020825059776412917,0.008901210562784069,0.02332831205522372,0.02782167552109132,0.02955501125199446,0.013721183501187064,0.010642496997322318,0.010271344584882595,0.017448582564580956,0.007071438037854212,383,0.5505668600909874,0.6798314923407511,0.4344705699417897,0.7745430690493259,0.6088787491737075,0.5342618049707957,0.47601652787140236,0.7038092305027501,0.6907787221442185,0.5146229926954502,0.5967780018781179,0.10613989583650275,375,0.08382318830955249,0.08690919892270824,0.10943983757445376,0.06591006430791435,0.10921989645057771,0.12467548405977699,0.11368528991729328,0.09376124333005015,0.07530712645635922,0.07275555985233409,0.093548688918102,0.018815395779347065,350
909,0.0021305322647094727,0.0003040683002148987,0.0018961429595947266,0.00022539159857572314,DecisionTreeRegressor(),,,,,,,,,,3,,42,friedman_mse,3,10,random,,"{'estimator': DecisionTreeRegressor(), 'estimator__criterion': 'friedman_mse', 'estimator__max_depth': 3, 'estimator__min_samples_leaf': 3, 'estimator__min_samples_split': 10, 'estimator__random_state': 42, 'estimator__splitter': 'random'}",0.01965733114327388,0.01196830777776604,0.01828385040017698,0.012764355993648753,0.012812980796513763,0.037558857559489955,0.037622748619216405,0.012085143104192416,0.009879739915172847,0.01354126616131947,0.018617458147077055,0.009889989156562575,471,0.3890173761667237,0.7438548622026881,0.5034801528976582,0.6766942532601111,0.785178239039221,0.3712602063145015,0.3329828811623925,0.7391254307468842,0.7129408819921518,0.36010137814194076,0.5614635661924273,0.17695459961725069,465,0.09740314539717225,0.08134948008628501,0.09966928494882507,0.09013749035302306,0.08688269482082675,0.13425916827973366,0.11405509259304472,0.08301924747784992,0.07363264524656206,0.09250511453809479,0.09529133637414174,0.016772911135602107,433
910,0.002963614463806152,0.0001430888940760555,0.0022279024124145508,0.0004027019701060133,DecisionTreeRegressor(),,,,,,,,,,3,,42,friedman_mse,3,15,best,,"{'estimator': DecisionTreeRegressor(), 'estimator__criterion': 'friedman_mse', 'estimator__max_depth': 3, 'estimator__min_samples_leaf': 3, 'estimator__min_samples_split': 15, 'estimator__random_state': 42, 'estimator__splitter': 'best'}",0.014459750103079172,0.014959781291831918,0.020825059776412917,0.008901210562784069,0.02332831205522372,0.02782167552109132,0.02955501125199446,0.013721183501187064,0.010334935143615413,0.010271344584882595,0.017417826379210265,0.007101577843575976,377,0.5505668600909874,0.6798314923407511,0.4344705699417897,0.7745430690493259,0.6088787491737075,0.5342618049707957,0.47601652787140236,0.7038092305027501,0.6997150337491803,0.5146229926954502,0.5976716330386141,0.1069619961646214,365,0.08382318830955249,0.08690919892270824,0.10943983757445376,0.06591006430791435,0.10921989645057771,0.12467548405977699,0.11368528991729328,0.09376124333005015,0.07331707670511546,0.07275555985233409,0.09334968394297763,0.01901672602007105,339
911,0.002204275131225586,0.00036138815017270595,0.0018971920013427734,0.00031342269548931127,DecisionTreeRegressor(),,,,,,,,,,3,,42,friedman_mse,3,15,random,,"{'estimator': DecisionTreeRegressor(), 'estimator__criterion': 'friedman_mse', 'estimator__max_depth': 3, 'estimator__min_samples_leaf': 3, 'estimator__min_samples_split': 15, 'estimator__random_state': 42, 'estimator__splitter': 'random'}",0.01965733114327388,0.01196830777776604,0.01828385040017698,0.012764355993648753,0.012812980796513763,0.037558857559489955,0.037622748619216405,0.012085143104192416,0.009879739915172847,0.01354126616131947,0.018617458147077055,0.009889989156562575,471,0.3890173761667237,0.7438548622026881,0.5034801528976582,0.6766942532601111,0.785178239039221,0.3712602063145015,0.3329828811623925,0.7391254307468842,0.7129408819921518,0.36010137814194076,0.5614635661924273,0.17695459961725069,465,0.09740314539717225,0.08134948008628501,0.09966928494882507,0.09013749035302306,0.08688269482082675,0.13425916827973366,0.11405509259304472,0.08301924747784992,0.07363264524656206,0.09250511453809479,0.09529133637414174,0.016772911135602107,433
912,0.0031725883483886717,0.00044343118685683474,0.001870584487915039,0.0003051666317998725,DecisionTreeRegressor(),,,,,,,,,,3,,42,friedman_mse,5,5,best,,"{'estimator': DecisionTreeRegressor(), 'estimator__criterion': 'friedman_mse', 'estimator__max_depth': 3, 'estimator__min_samples_leaf': 5, 'estimator__min_samples_split': 5, 'estimator__random_state': 42, 'estimator__splitter': 'best'}",0.014459750103079172,0.01710635310657524,0.020825059776412917,0.00882258947148073,0.02332831205522372,0.02782167552109132,0.029034726049770077,0.013721183501187064,0.010763909397089839,0.0066649905844933235,0.017254854956640343,0.007387546982471301,360,0.5505668600909874,0.6338906673311621,0.4344705699417897,0.7765344464949235,0.6088787491737075,0.5342618049707957,0.4852407113587378,0.7038092305027501,0.6872510446252025,0.685042872733945,0.6099946957224003,0.1021514093749503,322,0.08382318830955249,0.09714030147446558,0.10943983757445376,0.0655225225445902,0.10921989645057771,0.12467548405977699,0.1152806158987531,0.09376124333005015,0.07798364402214016,0.06469521191159182,0.09415419455759519,0.019757006322386025,386
913,0.0021567583084106446,0.00043807295274433104,0.002141094207763672,0.0005414320075192094,DecisionTreeRegressor(),,,,,,,,,,3,,42,friedman_mse,5,5,random,,"{'estimator': DecisionTreeRegressor(), 'estimator__criterion': 'friedman_mse', 'estimator__max_depth': 3, 'estimator__min_samples_leaf': 5, 'estimator__min_samples_split': 5, 'estimator__random_state': 42, 'estimator__splitter': 'random'}",0.02225546325872542,0.012550040098024691,0.019486880399084028,0.012000389361287826,0.013822045356710026,0.028853276196261934,0.038636160579612125,0.01160252733659185,0.009794485674207813,0.012507956548428144,0.018150922480893388,0.008861772347727621,450,0.3082630985186491,0.7314046555318154,0.47081043300588554,0.6960446069076203,0.7682603157872441,0.5169926855721223,0.3150160087028544,0.7495433612092783,0.7154179722220542,0.40893088857063276,0.5680684026028155,0.17513006559217997,443,0.10611534476897681,0.07955861920253172,0.11001781623030563,0.08567033878368083,0.08951618190498505,0.12960187284671534,0.11715021605408055,0.08117363682145445,0.07581084592398986,0.08582015734760076,0.09604350298843209,0.01739347845831339,462
914,0.0032005548477172852,0.0006001317823950723,0.0022005081176757813,0.0004002337338717614,DecisionTreeRegressor(),,,,,,,,,,3,,42,friedman_mse,5,10,best,,"{'estimator': DecisionTreeRegressor(), 'estimator__criterion': 'friedman_mse', 'estimator__max_depth': 3, 'estimator__min_samples_leaf': 5, 'estimator__min_samples_split': 10, 'estimator__random_state': 42, 'estimator__splitter': 'best'}",0.014459750103079172,0.01710635310657524,0.020825059776412917,0.00882258947148073,0.02332831205522372,0.02782167552109132,0.029034726049770077,0.013721183501187064,0.010763909397089839,0.0066649905844933235,0.017254854956640343,0.007387546982471301,360,0.5505668600909874,0.6338906673311621,0.4344705699417897,0.7765344464949235,0.6088787491737075,0.5342618049707957,0.4852407113587378,0.7038092305027501,0.6872510446252025,0.685042872733945,0.6099946957224003,0.1021514093749503,322,0.08382318830955249,0.09714030147446558,0.10943983757445376,0.0655225225445902,0.10921989645057771,0.12467548405977699,0.1152806158987531,0.09376124333005015,0.07798364402214016,0.06469521191159182,0.09415419455759519,0.019757006322386025,386
915,0.0022009849548339845,0.0004004131287554261,0.00189971923828125,0.00030016999475555243,DecisionTreeRegressor(),,,,,,,,,,3,,42,friedman_mse,5,10,random,,"{'estimator': DecisionTreeRegressor(), 'estimator__criterion': 'friedman_mse', 'estimator__max_depth': 3, 'estimator__min_samples_leaf': 5, 'estimator__min_samples_split': 10, 'estimator__random_state': 42, 'estimator__splitter': 'random'}",0.02225546325872542,0.012550040098024691,0.019486880399084028,0.012000389361287826,0.013822045356710026,0.028853276196261934,0.038636160579612125,0.01160252733659185,0.009794485674207813,0.012507956548428144,0.018150922480893388,0.008861772347727621,450,0.3082630985186491,0.7314046555318154,0.47081043300588554,0.6960446069076203,0.7682603157872441,0.5169926855721223,0.3150160087028544,0.7495433612092783,0.7154179722220542,0.40893088857063276,0.5680684026028155,0.17513006559217997,443,0.10611534476897681,0.07955861920253172,0.11001781623030563,0.08567033878368083,0.08951618190498505,0.12960187284671534,0.11715021605408055,0.08117363682145445,0.07581084592398986,0.08582015734760076,0.09604350298843209,0.01739347845831339,462
916,0.0031006336212158203,0.00030040843146014143,0.0018005609512329102,0.00040031813431165076,DecisionTreeRegressor(),,,,,,,,,,3,,42,friedman_mse,5,15,best,,"{'estimator': DecisionTreeRegressor(), 'estimator__criterion': 'friedman_mse', 'estimator__max_depth': 3, 'estimator__min_samples_leaf': 5, 'estimator__min_samples_split': 15, 'estimator__random_state': 42, 'estimator__splitter': 'best'}",0.014459750103079172,0.01710635310657524,0.020825059776412917,0.00882258947148073,0.02332831205522372,0.02782167552109132,0.029034726049770077,0.013721183501187064,0.010564834192955447,0.0066649905844933235,0.017234947436226902,0.007405258568409375,358,0.5505668600909874,0.6338906673311621,0.4344705699417897,0.7765344464949235,0.6088787491737075,0.5342618049707957,0.4852407113587378,0.7038092305027501,0.6930352406674777,0.685042872733945,0.6105731153266277,0.10260260588283575,320,0.08382318830955249,0.09714030147446558,0.10943983757445376,0.0655225225445902,0.10921989645057771,0.12467548405977699,0.1152806158987531,0.09376124333005015,0.07514835808622836,0.06469521191159182,0.09387066596400401,0.020005809703560633,374
917,0.0020227432250976562,0.0004508832962248068,0.002105307579040527,0.00031829023271589646,DecisionTreeRegressor(),,,,,,,,,,3,,42,friedman_mse,5,15,random,,"{'estimator': DecisionTreeRegressor(), 'estimator__criterion': 'friedman_mse', 'estimator__max_depth': 3, 'estimator__min_samples_leaf': 5, 'estimator__min_samples_split': 15, 'estimator__random_state': 42, 'estimator__splitter': 'random'}",0.02225546325872542,0.012550040098024691,0.019486880399084028,0.012000389361287826,0.013822045356710026,0.028853276196261934,0.038636160579612125,0.01160252733659185,0.009794485674207813,0.012507956548428144,0.018150922480893388,0.008861772347727621,450,0.3082630985186491,0.7314046555318154,0.47081043300588554,0.6960446069076203,0.7682603157872441,0.5169926855721223,0.3150160087028544,0.7495433612092783,0.7154179722220542,0.40893088857063276,0.5680684026028155,0.17513006559217997,443,0.10611534476897681,0.07955861920253172,0.11001781623030563,0.08567033878368083,0.08951618190498505,0.12960187284671534,0.11715021605408055,0.08117363682145445,0.07581084592398986,0.08582015734760076,0.09604350298843209,0.01739347845831339,462
918,0.0034983158111572266,0.0005018391565041439,0.0021035432815551757,0.0003036302391007339,DecisionTreeRegressor(),,,,,,,,,,4,,42,friedman_mse,1,5,best,,"{'estimator': DecisionTreeRegressor(), 'estimator__criterion': 'friedman_mse', 'estimator__max_depth': 4, 'estimator__min_samples_leaf': 1, 'estimator__min_samples_split': 5, 'estimator__random_state': 42, 'estimator__splitter': 'best'}",0.029460534564315043,0.023999148805699172,0.014223056622238094,0.012992893070179498,0.01743412466804317,0.04598324759501241,0.031549177039416475,0.030174798329716975,0.00652511656267862,0.008872566239671757,0.02212146634969712,0.01169177694741269,541,0.08431747034006076,0.4863713908432399,0.6137558695331893,0.6709056846693974,0.7077003843619422,0.23023490370855904,0.4406617819576131,0.3486351424474433,0.8104105754338415,0.5807228924184238,0.49737160957137105,0.21453989903052859,538,0.10770746315552526,0.10427725583392562,0.09024915137622769,0.08228411072958497,0.09174797227728136,0.16434176111595467,0.10780474865814298,0.1217121166358151,0.05704488311132508,0.06992595485614261,0.09970954177499254,0.02824122267392265,529
919,0.002171921730041504,0.0004189538604007422,0.001914048194885254,0.0005440949495206073,DecisionTreeRegressor(),,,,,,,,,,4,,42,friedman_mse,1,5,random,,"{'estimator': DecisionTreeRegressor(), 'estimator__criterion': 'friedman_mse', 'estimator__max_depth': 4, 'estimator__min_samples_leaf': 1, 'estimator__min_samples_split': 5, 'estimator__random_state': 42, 'estimator__splitter': 'random'}",0.05104111176962079,0.011487139985601356,0.018646736026203422,0.018410312109762232,0.015890855973971465,0.027064603846209068,0.03130698494815876,0.022851383288306677,0.010556007679248419,0.015654176389209098,0.02229093120162913,0.011396233325093721,544,0.5864428474585186,0.7541527917610018,0.49362555927505114,0.5336889924315215,0.7335747459770263,0.5469352758801984,0.4449556274857801,0.5067212096059645,0.6932916979489019,0.26025485516327806,0.43807579080702047,0.36911458408880543,548,0.13326298413341975,0.07488925674710462,0.10909484833251254,0.10554904063419952,0.09966487682995868,0.11144172790778471,0.10604596346097879,0.10764417192108405,0.07854493147383534,0.10137606201640867,0.10275138634572867,0.015693974594762888,540
920,0.003500223159790039,0.0004998997004649178,0.0021013975143432616,0.0005393154892627861,DecisionTreeRegressor(),,,,,,,,,,4,,42,friedman_mse,1,10,best,,"{'estimator': DecisionTreeRegressor(), 'estimator__criterion': 'friedman_mse', 'estimator__max_depth': 4, 'estimator__min_samples_leaf': 1, 'estimator__min_samples_split': 10, 'estimator__random_state': 42, 'estimator__splitter': 'best'}",0.029460534564315043,0.02489731133340883,0.016556276546898858,0.010951229247377247,0.019413599384889686,0.04177111676640274,0.031549177039416475,0.02669118465230079,0.006525116562678621,0.008872566239671757,0.021668811233736002,0.01066418607101388,535,0.08431747034006076,0.46714896034625997,0.5503944891404966,0.7226185675717027,0.674512615551268,0.3007464804774117,0.4406617819576131,0.4238337735025399,0.8104105754338415,0.5807228924184238,0.5055367606739617,0.20199333581981743,521,0.10770746315552526,0.11112306710017503,0.09504229395824848,0.07688645184658065,0.09116262138198823,0.15005833951428557,0.10780474865814298,0.11035846734283021,0.05704488311132511,0.06992595485614261,0.09771142909252442,0.024882334739267393,500
921,0.0019974470138549804,7.192539681575122e-06,0.002001786231994629,6.574865140020432e-06,DecisionTreeRegressor(),,,,,,,,,,4,,42,friedman_mse,1,10,random,,"{'estimator': DecisionTreeRegressor(), 'estimator__criterion': 'friedman_mse', 'estimator__max_depth': 4, 'estimator__min_samples_leaf': 1, 'estimator__min_samples_split': 10, 'estimator__random_state': 42, 'estimator__splitter': 'random'}",0.012176533625446483,0.013259263553099013,0.014430285979090119,0.021453449584504247,0.013962642589936444,0.03556314774048939,0.02731971714175896,0.00875690614245609,0.014303094885473296,0.011492813804349706,0.017271785504660374,0.007929820023615834,364,0.6215330347011516,0.7162258898280638,0.6081283082522082,0.4566099894490636,0.7659030699825731,0.4046686287583172,0.515646259666235,0.8109700399732375,0.5844188371496521,0.45690191544406844,0.5941005973204571,0.13125272682333222,389,0.0803937726344195,0.08605097116436294,0.09936036720461372,0.1186042772409076,0.09095931393340517,0.1320701662416337,0.0977217267299116,0.07611804242762356,0.08396344463889797,0.08967939081791074,0.09549214730336866,0.016648587132349516,453
922,0.003049755096435547,0.0003473078262461984,0.002122974395751953,0.0005370610393000997,DecisionTreeRegressor(),,,,,,,,,,4,,42,friedman_mse,1,15,best,,"{'estimator': DecisionTreeRegressor(), 'estimator__criterion': 'friedman_mse', 'estimator__max_depth': 4, 'estimator__min_samples_leaf': 1, 'estimator__min_samples_split': 15, 'estimator__random_state': 42, 'estimator__splitter': 'best'}",0.029460534564315043,0.02489731133340883,0.016731804378857115,0.010951229247377247,0.019413599384889686,0.04177111676640274,0.031364992286032824,0.02669118465230079,0.009676439482766848,0.0093420295714701,0.022030024166782118,0.010164966178852868,538,0.08431747034006076,0.46714896034625997,0.5456278207211752,0.7226185675717027,0.674512615551268,0.3007464804774117,0.4439272101372286,0.4238337735025399,0.7188478434423672,0.5585381915601858,0.49401189336502,0.18856740837498703,539,0.10770746315552526,0.11112306710017503,0.09672956612277148,0.07688645184658065,0.09116262138198823,0.15005833951428557,0.10593047945118238,0.11035846734283021,0.07060610923875243,0.0716645735904282,0.09922271387445195,0.02261707313217209,520
923,0.0021273136138916016,0.0003041376060812507,0.001973676681518555,0.0004533970055579891,DecisionTreeRegressor(),,,,,,,,,,4,,42,friedman_mse,1,15,random,,"{'estimator': DecisionTreeRegressor(), 'estimator__criterion': 'friedman_mse', 'estimator__max_depth': 4, 'estimator__min_samples_leaf': 1, 'estimator__min_samples_split': 15, 'estimator__random_state': 42, 'estimator__splitter': 'random'}",0.012176533625446483,0.013259263553099013,0.014430285979090119,0.021453449584504247,0.014969419219351271,0.03556314774048939,0.02867714915589441,0.010855816177432132,0.009616704103498309,0.010397415603869973,0.017139918474267535,0.008273013400134168,347,0.6215330347011516,0.7162258898280638,0.6081283082522082,0.4566099894490636,0.7490235060575341,0.4046686287583172,0.4915802245062175,0.765662156851401,0.7205834746871084,0.5086654500000186,0.6042680663091085,0.12524386290008357,340,0.0803937726344195,0.08605097116436294,0.09936036720461372,0.1186042772409076,0.09335208527009665,0.1320701662416337,0.10231235936912224,0.08072328419265462,0.07244573349432118,0.08476924829837686,0.0950082265110509,0.017655515581091626,425
924,0.0032518863677978515,0.0003907371849777762,0.0018508434295654297,0.00030506648028562003,DecisionTreeRegressor(),,,,,,,,,,4,,42,friedman_mse,3,5,best,,"{'estimator': DecisionTreeRegressor(), 'estimator__criterion': 'friedman_mse', 'estimator__max_depth': 4, 'estimator__min_samples_leaf': 3, 'estimator__min_samples_split': 5, 'estimator__random_state': 42, 'estimator__splitter': 'best'}",0.007762572844205117,0.015298122073007897,0.021336478076073074,0.010033870764574529,0.01749833135814105,0.025341925749506503,0.03373500936604099,0.010558683479810515,0.010708742590426984,0.0068336885515378944,0.015910742485332453,0.008234164152125493,241,0.7587262945574269,0.6725903394872316,0.420582393742856,0.7458541518391957,0.7066238983785992,0.5757731144484173,0.40190896260558684,0.7720761780867942,0.6888539344785709,0.6770709744390548,0.6420060242063732,0.12685553552823498,208,0.05825247714089793,0.09461990047062419,0.11138537796337232,0.06699455355269031,0.09435480097741648,0.11694103521258072,0.11637747641719717,0.08472024743402776,0.0714773291759329,0.05575028085379553,0.08708734791985352,0.02217106569101027,123
925,0.0020951032638549805,0.0003033602670336709,0.0018949270248413085,0.0002983564697588128,DecisionTreeRegressor(),,,,,,,,,,4,,42,friedman_mse,3,5,random,,"{'estimator': DecisionTreeRegressor(), 'estimator__criterion': 'friedman_mse', 'estimator__max_depth': 4, 'estimator__min_samples_leaf': 3, 'estimator__min_samples_split': 5, 'estimator__random_state': 42, 'estimator__splitter': 'random'}",0.022297924985973733,0.01600620581929041,0.014219645911000963,0.014515147349165067,0.013667586084353828,0.029090937419682623,0.027875820328592992,0.015264042011975478,0.017618349996331335,0.01179808542319205,0.018235374532955845,0.0057769718309050085,459,0.30694331724531254,0.6574359657753095,0.6138484914801481,0.632348819235661,0.77084997180962,0.513014208102623,0.5057870558846965,0.6705044904636517,0.48809300101783426,0.4424761678173368,0.5601301488832193,0.1274611403580241,472,0.09878650144056982,0.08938960153151297,0.09886600720736494,0.0935923028347233,0.09201954461042086,0.10674210772910818,0.0924678909690883,0.07792336656652599,0.08762368518169632,0.09275814059155416,0.09301691486625649,0.007263846559621859,322
926,0.0030055999755859374,8.051491079646048e-06,0.0019980430603027343,8.672146037146944e-06,DecisionTreeRegressor(),,,,,,,,,,4,,42,friedman_mse,3,10,best,,"{'estimator': DecisionTreeRegressor(), 'estimator__criterion': 'friedman_mse', 'estimator__max_depth': 4, 'estimator__min_samples_leaf': 3, 'estimator__min_samples_split': 10, 'estimator__random_state': 42, 'estimator__splitter': 'best'}",0.007762572844205113,0.015298122073007894,0.019724981469512227,0.011365052673329032,0.019564552592135208,0.025341925749506503,0.03373500936604099,0.009856049961476968,0.010708742590426994,0.0068336885515378944,0.016019069787117885,0.008172988361659585,269,0.758726294557427,0.6725903394872317,0.46434451338302707,0.7121369191585456,0.6719817420318146,0.5757731144484173,0.40190896260558684,0.7872434967405947,0.6888539344785706,0.6770709744390548,0.6410630291330272,0.11767847133315164,210,0.05825247714089792,0.09461990047062417,0.10587863747227941,0.07606588038626438,0.09253319185711933,0.11694103521258072,0.11637747641719717,0.08140349784862146,0.07147732917593293,0.05575028085379553,0.0869299706835313,0.02097457711643657,121
927,0.0021982908248901365,0.00039811953688562916,0.0019027471542358398,0.0003011986562222301,DecisionTreeRegressor(),,,,,,,,,,4,,42,friedman_mse,3,10,random,,"{'estimator': DecisionTreeRegressor(), 'estimator__criterion': 'friedman_mse', 'estimator__max_depth': 4, 'estimator__min_samples_leaf': 3, 'estimator__min_samples_split': 10, 'estimator__random_state': 42, 'estimator__splitter': 'random'}",0.01394867859629674,0.013916417075825624,0.014219645911000963,0.01871837242984072,0.013869257116577847,0.028860289148362434,0.027309325334197918,0.00875690614245609,0.01431664978204134,0.011692755090845003,0.016560829662744466,0.006226070386439605,325,0.5664518145593462,0.7021615222701454,0.6138484914801481,0.5258861959666264,0.7674687659087316,0.5168752879103375,0.5158304969639678,0.8109700399732375,0.5840249951369151,0.44745360003864987,0.6050971210208106,0.11272145353066013,337,0.08049900268244031,0.08878177781157545,0.09886600720736494,0.11282347477140678,0.08866141924263614,0.1254713178637771,0.09741551584883314,0.07611804242762356,0.0846810335164933,0.09279747585703574,0.09461150672291863,0.014221224432591995,408
928,0.0031003236770629885,0.00030012670242562456,0.0019016027450561523,0.00029414921449416744,DecisionTreeRegressor(),,,,,,,,,,4,,42,friedman_mse,3,15,best,,"{'estimator': DecisionTreeRegressor(), 'estimator__criterion': 'friedman_mse', 'estimator__max_depth': 4, 'estimator__min_samples_leaf': 3, 'estimator__min_samples_split': 15, 'estimator__random_state': 42, 'estimator__splitter': 'best'}",0.007762572844205113,0.01580758369140727,0.019724981469512227,0.011365052673329032,0.019564552592135208,0.026574682990268786,0.03373500936604099,0.009856049961476968,0.009676439482766848,0.007646888875502709,0.016171381394664515,0.008303777790362704,289,0.758726294557427,0.6616868668434401,0.46434451338302707,0.7121369191585456,0.6719817420318146,0.5551366099436272,0.40190896260558684,0.7872434967405947,0.7188478434423672,0.6386428274400664,0.6370656076146497,0.11972893228393318,237,0.05825247714089792,0.09461990047062417,0.10587863747227941,0.07606588038626438,0.09253319185711933,0.1182249382778993,0.11637747641719717,0.08140349784862146,0.07060610923875243,0.05978193100966333,0.08737440401193189,0.020660571066712208,130
929,0.002102088928222656,0.00030180017482376816,0.0016974925994873047,0.0004566009203294939,DecisionTreeRegressor(),,,,,,,,,,4,,42,friedman_mse,3,15,random,,"{'estimator': DecisionTreeRegressor(), 'estimator__criterion': 'friedman_mse', 'estimator__max_depth': 4, 'estimator__min_samples_leaf': 3, 'estimator__min_samples_split': 15, 'estimator__random_state': 42, 'estimator__splitter': 'random'}",0.016551770931952828,0.013916417075825624,0.014219645911000963,0.01871837242984072,0.014768968588015047,0.02399279198803152,0.028678816048304624,0.010855816177432132,0.009630259000066355,0.00865393896326506,0.015998679711373486,0.006019620749940926,267,0.48554336499783757,0.7021615222701454,0.6138484914801481,0.5258861959666264,0.7523842507814366,0.5983577759094418,0.49155067201965885,0.765662156851401,0.7201896326743713,0.5910542226800538,0.6246638285631121,0.10004665345313973,293,0.08760143824238671,0.08878177781157545,0.09886600720736494,0.11282347477140678,0.09085168396924409,0.11118257098234847,0.10228162194267151,0.08072328419265462,0.07316332237191646,0.07884345900715664,0.09251186404987258,0.01279814100325819,292
930,0.0030996322631835936,0.0003019302574952619,0.001900649070739746,0.00030000363284114604,DecisionTreeRegressor(),,,,,,,,,,4,,42,friedman_mse,5,5,best,,"{'estimator': DecisionTreeRegressor(), 'estimator__criterion': 'friedman_mse', 'estimator__max_depth': 4, 'estimator__min_samples_leaf': 5, 'estimator__min_samples_split': 5, 'estimator__random_state': 42, 'estimator__splitter': 'best'}",0.013043479239955622,0.01602311321605457,0.021113290513200662,0.013900763007515672,0.01960494252871934,0.025438796578291824,0.03462319282214189,0.01556153086271644,0.010952958551492755,0.005863800505938013,0.01761258678260268,0.007685095632828693,389,0.5945869196658565,0.6570741144965518,0.42664331921353704,0.6479104338177903,0.6713045664830573,0.5741514851214828,0.38616227764421585,0.6640827811693918,0.6817581587811442,0.722903470185191,0.6026577526578218,0.10627294515190422,348,0.07696937651499519,0.10366109699677498,0.11028236180277333,0.08483478143519671,0.09265791117981342,0.11694103521258072,0.12784007394021835,0.09590759028964217,0.07853207082865246,0.057318247472315835,0.09449445456729631,0.01997933988115154,404
931,0.0020000457763671873,5.970755276574677e-06,0.001901865005493164,0.00030047429187961055,DecisionTreeRegressor(),,,,,,,,,,4,,42,friedman_mse,5,5,random,,"{'estimator': DecisionTreeRegressor(), 'estimator__criterion': 'friedman_mse', 'estimator__max_depth': 4, 'estimator__min_samples_leaf': 5, 'estimator__min_samples_split': 5, 'estimator__random_state': 42, 'estimator__splitter': 'random'}",0.01394867859629674,0.01840379114884861,0.01336113771515959,0.017235863123448967,0.011074466709720367,0.0267076112930106,0.02766607351267349,0.01450742157656836,0.006140665862384181,0.01057578243303336,0.015962149197114427,0.00649869403475837,257,0.5664518145593462,0.6061229617964687,0.6371623093470423,0.5634363691669282,0.8143260746218433,0.5529113741651301,0.5095056761868966,0.6868371915722106,0.8215809179622451,0.5002366452776896,0.6258571334655801,0.10960326172676631,279,0.08049900268244031,0.09886167394256692,0.0964235822354503,0.10748128212480874,0.08324031947877851,0.11406999116394295,0.0955467012881553,0.0956698840666101,0.05748597960020684,0.08568251303672868,0.09149609296196888,0.015023469503324281,253
932,0.0031431436538696287,0.00029044798818117696,0.0020559072494506837,0.0003210045020909237,DecisionTreeRegressor(),,,,,,,,,,4,,42,friedman_mse,5,10,best,,"{'estimator': DecisionTreeRegressor(), 'estimator__criterion': 'friedman_mse', 'estimator__max_depth': 4, 'estimator__min_samples_leaf': 5, 'estimator__min_samples_split': 10, 'estimator__random_state': 42, 'estimator__splitter': 'best'}",0.013043479239955622,0.01602311321605457,0.021113290513200662,0.013900763007515672,0.01960494252871934,0.025438796578291824,0.03462319282214189,0.01556153086271644,0.010952958551492755,0.005863800505938013,0.01761258678260268,0.007685095632828693,389,0.5945869196658565,0.6570741144965518,0.42664331921353704,0.6479104338177903,0.6713045664830573,0.5741514851214828,0.38616227764421585,0.6640827811693918,0.6817581587811442,0.722903470185191,0.6026577526578218,0.10627294515190422,348,0.07696937651499519,0.10366109699677498,0.11028236180277333,0.08483478143519671,0.09265791117981342,0.11694103521258072,0.12784007394021835,0.09590759028964217,0.07853207082865246,0.057318247472315835,0.09449445456729631,0.01997933988115154,404
933,0.001988339424133301,6.008886583307401e-05,0.0017938613891601562,0.00039571593604591275,DecisionTreeRegressor(),,,,,,,,,,4,,42,friedman_mse,5,10,random,,"{'estimator': DecisionTreeRegressor(), 'estimator__criterion': 'friedman_mse', 'estimator__max_depth': 4, 'estimator__min_samples_leaf': 5, 'estimator__min_samples_split': 10, 'estimator__random_state': 42, 'estimator__splitter': 'random'}",0.01394867859629674,0.01840379114884861,0.01336113771515959,0.017235863123448967,0.011074466709720367,0.0267076112930106,0.02766607351267349,0.01450742157656836,0.006140665862384181,0.01057578243303336,0.015962149197114427,0.00649869403475837,257,0.5664518145593462,0.6061229617964687,0.6371623093470423,0.5634363691669282,0.8143260746218433,0.5529113741651301,0.5095056761868966,0.6868371915722106,0.8215809179622451,0.5002366452776896,0.6258571334655801,0.10960326172676631,279,0.08049900268244031,0.09886167394256692,0.0964235822354503,0.10748128212480874,0.08324031947877851,0.11406999116394295,0.0955467012881553,0.0956698840666101,0.05748597960020684,0.08568251303672868,0.09149609296196888,0.015023469503324281,253
934,0.003298497200012207,0.0004560615072041442,0.0021672725677490236,0.0003386092779489828,DecisionTreeRegressor(),,,,,,,,,,4,,42,friedman_mse,5,15,best,,"{'estimator': DecisionTreeRegressor(), 'estimator__criterion': 'friedman_mse', 'estimator__max_depth': 4, 'estimator__min_samples_leaf': 5, 'estimator__min_samples_split': 15, 'estimator__random_state': 42, 'estimator__splitter': 'best'}",0.013043479239955622,0.016527822785915365,0.021113290513200662,0.013900763007515672,0.01960494252871934,0.026574682990268786,0.03403358679976218,0.01556153086271644,0.010753883347358346,0.006677000829902825,0.017779098290531526,0.007566917026999162,406,0.5945869196658565,0.646272344963203,0.42664331921353704,0.6479104338177903,0.6713045664830573,0.5551366099436272,0.3966154562324531,0.6640827811693918,0.6875423548234199,0.6844753231862026,0.597457010949854,0.10090708420422309,369,0.07696937651499519,0.10366109699677498,0.11028236180277333,0.08483478143519671,0.09265791117981342,0.1182249382778993,0.12425584454953735,0.09590759028964217,0.07569678489274054,0.06134989762818363,0.09438405835675567,0.019078158180791685,401
935,0.0020008087158203125,8.856857119086604e-07,0.0022001743316650392,0.00040016292218651917,DecisionTreeRegressor(),,,,,,,,,,4,,42,friedman_mse,5,15,random,,"{'estimator': DecisionTreeRegressor(), 'estimator__criterion': 'friedman_mse', 'estimator__max_depth': 4, 'estimator__min_samples_leaf': 5, 'estimator__min_samples_split': 15, 'estimator__random_state': 42, 'estimator__splitter': 'random'}",0.01745469872631352,0.02277229267297433,0.01336113771515959,0.017235863123448967,0.020213479243713237,0.027724941974545347,0.028663045294902427,0.010855816177432132,0.0064923854533324886,0.009146052385234088,0.017391971276705612,0.007186859920424327,375,0.45747886382473424,0.5126285058013029,0.6371623093470423,0.5634363691669282,0.6611018719812558,0.5358811361765291,0.4918302731355342,0.765662156851401,0.8113615886650593,0.567799181625226,0.6004342256575013,0.11106845835741509,359,0.08985710499311846,0.11455915619337127,0.0964235822354503,0.10748128212480874,0.09942661372537606,0.11391728451147706,0.10164078285166392,0.08072328419265462,0.05984243615743375,0.07973673734386301,0.09436082643292173,0.01630073058842152,399
936,0.0038041114807128907,0.00039835053252733994,0.0018984556198120117,0.00029922367650394595,DecisionTreeRegressor(),,,,,,,,,,5,,42,friedman_mse,1,5,best,,"{'estimator': DecisionTreeRegressor(), 'estimator__criterion': 'friedman_mse', 'estimator__max_depth': 5, 'estimator__min_samples_leaf': 1, 'estimator__min_samples_split': 5, 'estimator__random_state': 42, 'estimator__splitter': 'best'}",0.02841316157570786,0.02383870046088478,0.014677898660529265,0.012676602578814804,0.015453163037169404,0.054025259882095465,0.030602342453227984,0.029152395488505834,0.009074943632463165,0.010196592575718401,0.022811106034511693,0.012955625607648047,546,0.11687156896347839,0.48980529847287013,0.6014040894450157,0.6789169414494707,0.7409130826948567,0.09561065060959162,0.4574482981180158,0.3707051252771536,0.7363245047468197,0.518155432503917,0.48061549922811897,0.21947764390698424,542,0.1118223913684614,0.10563350923521503,0.09444062221881794,0.08120221186693263,0.09557159495088191,0.1737111588459687,0.1169625964326063,0.11527465923442595,0.07033343268297526,0.07165908281700288,0.10366112596532881,0.028423641314843727,542
937,0.0023030996322631835,0.0004557831140063957,0.002096891403198242,0.0002987659354962034,DecisionTreeRegressor(),,,,,,,,,,5,,42,friedman_mse,1,5,random,,"{'estimator': DecisionTreeRegressor(), 'estimator__criterion': 'friedman_mse', 'estimator__max_depth': 5, 'estimator__min_samples_leaf': 1, 'estimator__min_samples_split': 5, 'estimator__random_state': 42, 'estimator__splitter': 'random'}",0.012401121704925099,0.008632355903109831,0.0110935405602921,0.01261346028469205,0.014692751006900366,0.03195936101282852,0.02843514080326844,0.008367167014854049,0.009473183184584264,0.007633901900811196,0.014530198337626591,0.008142891598947766,143,0.6145524627668748,0.8152507410926368,0.6987416248622038,0.6805162596259917,0.7536621107307531,0.4649964520965838,0.495870812515536,0.8193830993931956,0.7247535225580923,0.6392565327692581,0.6706983618411126,0.11432812407711673,119,0.07833511158991206,0.06597057761221822,0.09077367925767058,0.08165722497691684,0.092480426209964,0.1281181950416423,0.09202944223165697,0.07324981229651426,0.07897841472709072,0.06578933290536565,0.08473822168489516,0.017199676161490093,73
938,0.003499937057495117,0.0004953646037845121,0.002101564407348633,0.0002999482013209625,DecisionTreeRegressor(),,,,,,,,,,5,,42,friedman_mse,1,10,best,,"{'estimator': DecisionTreeRegressor(), 'estimator__criterion': 'friedman_mse', 'estimator__max_depth': 5, 'estimator__min_samples_leaf': 1, 'estimator__min_samples_split': 10, 'estimator__random_state': 42, 'estimator__splitter': 'best'}",0.02841316157570786,0.026643477585172173,0.016709582522399867,0.011660685818609086,0.023007544063322345,0.049813129053485776,0.030602342453227994,0.029068590730064566,0.00902437531106795,0.010196592575718401,0.023513948168877603,0.01175116120218434,550,0.11687156896347839,0.4297775956153286,0.546231281837351,0.7046488880472708,0.6142567284257217,0.1661222273784444,0.4574482981180157,0.37251416717853936,0.737793784086507,0.518155432503917,0.46638199721545737,0.19593446196554207,546,0.11182239136846141,0.12090493436761754,0.09571951003778761,0.07821187123140061,0.10720338416151078,0.15942773724429962,0.1169625964326063,0.11439197587701941,0.06867505789027212,0.07165908281700288,0.10449785414279784,0.025942988222110424,550
939,0.002097320556640625,0.0002989837388650821,0.0020020008087158203,9.330059573413313e-06,DecisionTreeRegressor(),,,,,,,,,,5,,42,friedman_mse,1,10,random,,"{'estimator': DecisionTreeRegressor(), 'estimator__criterion': 'friedman_mse', 'estimator__max_depth': 5, 'estimator__min_samples_leaf': 1, 'estimator__min_samples_split': 10, 'estimator__random_state': 42, 'estimator__splitter': 'random'}",0.014075695414931132,0.016870121150202644,0.01127679801575161,0.024057633984323926,0.00851348941447373,0.042123636869773134,0.030029931839487378,0.006190505681871722,0.011786334558287925,0.016086913944609697,0.01810110608737129,0.01047314486768452,448,0.5625039200789325,0.6389464921094652,0.6937650492627755,0.39064913858819716,0.8572632850245268,0.2948452515406148,0.4675966177486105,0.8663693520801573,0.657544142670039,0.2398056473840191,0.5669288896487338,0.20626290873439784,454,0.08076814229543526,0.09336687004429295,0.08013658224298573,0.11835168848363961,0.07707621645994298,0.15569107865689474,0.10070364557605771,0.05676661495390431,0.08326284810534065,0.08974379883608848,0.09358674856545825,0.02572128178882547,352
940,0.003299903869628906,0.0004553410478916242,0.0020032405853271486,5.8960292772776965e-06,DecisionTreeRegressor(),,,,,,,,,,5,,42,friedman_mse,1,15,best,,"{'estimator': DecisionTreeRegressor(), 'estimator__criterion': 'friedman_mse', 'estimator__max_depth': 5, 'estimator__min_samples_leaf': 1, 'estimator__min_samples_split': 15, 'estimator__random_state': 42, 'estimator__splitter': 'best'}",0.028186517251453644,0.024463040679511466,0.016806228435976768,0.011058628380301805,0.023007544063322345,0.049813129053485776,0.029494333385628683,0.02715941055850094,0.010883893219520437,0.00894037032085457,0.022981309534855644,0.011545087082140262,548,0.12391605241346815,0.47644319964469417,0.5436067463493663,0.7198982770308664,0.6142567284257217,0.1661222273784444,0.47709229126152963,0.4137264681491809,0.6837648748942319,0.5775187800711479,0.47963456456186515,0.18983648026795982,544,0.10985179035176025,0.10977108747305808,0.09669195177515472,0.07317953997735535,0.10720338416151078,0.15942773724429962,0.11039405664307471,0.11272691408918441,0.07666506178783501,0.06935754067434378,0.10252690641775768,0.024891755120848996,538
941,0.0019980669021606445,6.799946990405461e-06,0.002205085754394531,0.0003981419776646853,DecisionTreeRegressor(),,,,,,,,,,5,,42,friedman_mse,1,15,random,,"{'estimator': DecisionTreeRegressor(), 'estimator__criterion': 'friedman_mse', 'estimator__max_depth': 5, 'estimator__min_samples_leaf': 1, 'estimator__min_samples_split': 15, 'estimator__random_state': 42, 'estimator__splitter': 'random'}",0.01667813459282886,0.014471146173214476,0.01617215827731916,0.024057633984323926,0.013205301057626235,0.035502345155384925,0.029912964041736052,0.01332714333046778,0.012277313052335126,0.01892279670642501,0.019452693637166153,0.007482039224465148,502,0.48161577174947157,0.6902892372546467,0.5608256806185827,0.39064913858819716,0.7786006182114661,0.4056864713472078,0.46967035043205996,0.7123151339015403,0.6432785997840809,0.10579473219942148,0.5238725734086674,0.18839953571204085,500,0.08832243498496298,0.09037353955036062,0.09898018547813925,0.11835168848363961,0.09518149460072907,0.1413128927813569,0.09627459685235323,0.07568104473496869,0.08604521343721579,0.09762416140789926,0.09881472523116255,0.017573997808189155,516
942,0.00390169620513916,0.0003002947726709784,0.0022010087966918947,0.00039892807730007747,DecisionTreeRegressor(),,,,,,,,,,5,,42,friedman_mse,3,5,best,,"{'estimator': DecisionTreeRegressor(), 'estimator__criterion': 'friedman_mse', 'estimator__max_depth': 5, 'estimator__min_samples_leaf': 3, 'estimator__min_samples_split': 5, 'estimator__random_state': 42, 'estimator__splitter': 'best'}",0.01171214527199734,0.017847948765638152,0.020403556839070663,0.010047635790786736,0.020333371760459053,0.0353587452061403,0.030681945262923352,0.013576896342733997,0.011006804718870906,0.008478763386308137,0.017944781334492864,0.008574799677284452,428,0.6359669989356634,0.6180190733006805,0.4459169868300146,0.7455055003223745,0.6590917603622356,0.40809035177190667,0.4560370126930252,0.7069238688637258,0.6801936405399367,0.5993322233442844,0.5955077416963848,0.1119109486697258,379,0.06329437919847765,0.09665957581655785,0.11106137658481784,0.06516864840543825,0.10405857490983113,0.13551262504680894,0.11378619713383481,0.0912677714856338,0.0769592895736372,0.06191132921815871,0.09196797673731961,0.02361028367939749,269
943,0.002098965644836426,0.00030063628095340747,0.0017999172210693359,0.00039825258754725877,DecisionTreeRegressor(),,,,,,,,,,5,,42,friedman_mse,3,5,random,,"{'estimator': DecisionTreeRegressor(), 'estimator__criterion': 'friedman_mse', 'estimator__max_depth': 5, 'estimator__min_samples_leaf': 3, 'estimator__min_samples_split': 5, 'estimator__random_state': 42, 'estimator__splitter': 'random'}",0.016288461454306652,0.012754376901007138,0.014023991507034409,0.01858914738718203,0.017729501298137558,0.02765745997574202,0.03538139419261515,0.008088641860231427,0.012471987018571147,0.008598086989081152,0.017158304858390868,0.008075640158701273,352,0.4937274625418969,0.7270314492666627,0.6191617210579528,0.5291593104845111,0.7027481153441971,0.5370107929542383,0.37272005685512966,0.8253954510146777,0.6376222831677922,0.5936935328363244,0.6038270175523384,0.1229265067249428,344,0.09019826622137644,0.08473117472518756,0.08797076445728345,0.09080203819611621,0.09961572466010957,0.12071660811830934,0.10708074624781413,0.06180291115293522,0.08025075015927205,0.07255033823820327,0.08957193221766072,0.015978319455081873,188
944,0.0034983158111572266,0.0004995540173245317,0.002102494239807129,0.00029992731745307545,DecisionTreeRegressor(),,,,,,,,,,5,,42,friedman_mse,3,10,best,,"{'estimator': DecisionTreeRegressor(), 'estimator__criterion': 'friedman_mse', 'estimator__max_depth': 5, 'estimator__min_samples_leaf': 3, 'estimator__min_samples_split': 10, 'estimator__random_state': 42, 'estimator__splitter': 'best'}",0.011048413416258765,0.017594812033696366,0.018792060232509816,0.011378817699541237,0.023691797656761437,0.034442598028578714,0.030681945262923352,0.012874262824400455,0.011916196327180566,0.006680422090782259,0.017910132557263297,0.008648013674403992,425,0.6565968915586833,0.6234366932590546,0.48967910647018564,0.7117882676417244,0.6027845687291802,0.423426765732136,0.4560370126930252,0.7220911875175262,0.6537709659304358,0.6843136499648299,0.6023925109496782,0.10255736491555782,352,0.06196533891601897,0.09665957581655786,0.10555463609372494,0.07423997523901232,0.10920815821450591,0.13551262504680894,0.11378619713383481,0.08795102190022748,0.07753628172501545,0.057979376080620586,0.09203931861663273,0.02338809002000013,272
945,0.0022003889083862306,0.0003980985391378277,0.0018000602722167969,0.0003976331738926444,DecisionTreeRegressor(),,,,,,,,,,5,,42,friedman_mse,3,10,random,,"{'estimator': DecisionTreeRegressor(), 'estimator__criterion': 'friedman_mse', 'estimator__max_depth': 5, 'estimator__min_samples_leaf': 3, 'estimator__min_samples_split': 10, 'estimator__random_state': 42, 'estimator__splitter': 'random'}",0.011469855137181923,0.01172347362818631,0.01134965601681809,0.007954822471793082,0.01684561088800557,0.041477690181696864,0.023197153748920507,0.008432519307979952,0.014014017655280197,0.009087071645748521,0.015555187068161103,0.009663380002093477,212,0.6434977802619521,0.7490947906993544,0.691786503017978,0.7985139382898754,0.7175673753912084,0.30565847680311453,0.5887355595562485,0.8179723795389136,0.5928180718914435,0.5705863429928086,0.6476231218442897,0.1408150741914965,178,0.07904183605378393,0.08430604080969428,0.07782664626278421,0.06307178361157242,0.10003825916500445,0.15757721655651363,0.1006234016344753,0.07367757984272189,0.08264591023377735,0.07452215674227981,0.08933308309126073,0.02522250047208405,176
946,0.0035002470016479493,0.0005003894064811058,0.0022028446197509765,0.00039760202576412406,DecisionTreeRegressor(),,,,,,,,,,5,,42,friedman_mse,3,15,best,,"{'estimator': DecisionTreeRegressor(), 'estimator__criterion': 'friedman_mse', 'estimator__max_depth': 5, 'estimator__min_samples_leaf': 3, 'estimator__min_samples_split': 15, 'estimator__random_state': 42, 'estimator__splitter': 'best'}",0.010821769092004545,0.014502545188429748,0.018922733604036842,0.012403334266215801,0.023691797656761437,0.03475975776922072,0.030681945262923352,0.011703520679619788,0.010883893219520437,0.007515606243631302,0.017588690298236394,0.00876679219407852,386,0.6636413750086732,0.6896172370664534,0.4861305146237812,0.6858384983152563,0.6027845687291802,0.4181174735210842,0.4560370126930252,0.747363279878615,0.6837648748942319,0.6448466472459558,0.6078141481976256,0.10787188393287651,326,0.05999473789931781,0.09604470962032433,0.10703750941323162,0.07795437139894291,0.10920815821450591,0.13024634048346134,0.11378619713383481,0.08656681390793092,0.07666506178783501,0.06310323544136007,0.09206071353007447,0.021902763494538086,280
947,0.0021984100341796873,0.0004026786583796674,0.00220029354095459,0.0003984943287215671,DecisionTreeRegressor(),,,,,,,,,,5,,42,friedman_mse,3,15,random,,"{'estimator': DecisionTreeRegressor(), 'estimator__criterion': 'friedman_mse', 'estimator__max_depth': 5, 'estimator__min_samples_leaf': 3, 'estimator__min_samples_split': 15, 'estimator__random_state': 42, 'estimator__splitter': 'random'}",0.018181981866178233,0.01585101243486313,0.014464252181009616,0.0201350952120426,0.011084272767398227,0.027751488174684195,0.030316162810258212,0.003922604002450209,0.012881909823919653,0.011303713754601248,0.01658924930274053,0.00752079835927485,327,0.43487369134096654,0.6607574069997075,0.6072059153746363,0.49000231610217426,0.814161666775465,0.5354367495928318,0.46252200293569556,0.9153251541444508,0.6257118401839714,0.46583792333179297,0.6011834666781691,0.15169703917214933,355,0.09412402853024843,0.08839356939212853,0.09213084700566646,0.10360440544449934,0.08450063887151454,0.11696486612230476,0.1253280275066505,0.05003508100523026,0.08605868341305553,0.08132579011674992,0.09224659374080482,0.019626828327153446,289
948,0.0034001350402832033,0.0004898160416692382,0.0021019220352172852,0.00029813044431269896,DecisionTreeRegressor(),,,,,,,,,,5,,42,friedman_mse,5,5,best,,"{'estimator': DecisionTreeRegressor(), 'estimator__criterion': 'friedman_mse', 'estimator__max_depth': 5, 'estimator__min_samples_leaf': 5, 'estimator__min_samples_split': 5, 'estimator__random_state': 42, 'estimator__splitter': 'best'}",0.01133751392047112,0.015331337418503602,0.022181196966377117,0.0139530289630307,0.023914432589540634,0.03453946885736403,0.03248725282348245,0.017091340194863237,0.013831196321644472,0.005192751825299967,0.018985951988057734,0.008810760920725799,481,0.6476111659112,0.6718794662871967,0.3976430409764298,0.6465866001840943,0.5990518831761023,0.42180513640520145,0.4240305513935754,0.6310597257432011,0.5981300063388162,0.7546141773542547,0.5792411753770071,0.115687572987012,415,0.07937755777563793,0.09818693149518862,0.11171461242176217,0.08422061399989303,0.10976869683838868,0.13551262504680894,0.12916935593873483,0.09743986799234754,0.09317618590189816,0.056489824303979315,0.09950562717146391,0.02228458854871155,524
949,0.002097153663635254,0.0002983172768453447,0.0020019054412841798,3.925154805613838e-06,DecisionTreeRegressor(),,,,,,,,,,5,,42,friedman_mse,5,5,random,,"{'estimator': DecisionTreeRegressor(), 'estimator__criterion': 'friedman_mse', 'estimator__max_depth': 5, 'estimator__min_samples_leaf': 5, 'estimator__min_samples_split': 5, 'estimator__random_state': 42, 'estimator__splitter': 'random'}",0.022616005982732643,0.011598356805491341,0.011383160715750571,0.012176746994607378,0.014053417889446246,0.039325034855738926,0.020912021750604613,0.010072052864602464,0.013603265828324542,0.005066335945623735,0.016080639963292245,0.0091182110671723,273,0.29705682957438784,0.7517725348203321,0.6908766428065312,0.6915776806982583,0.7643811360936419,0.34169418591314316,0.6292488717841003,0.782580774601149,0.6047526023728504,0.7605880165966195,0.6314529275261014,0.16592378421926307,259,0.09696502999370185,0.08509116242789845,0.07757337632216471,0.07789839497164547,0.08901458160079369,0.15673465516989832,0.08715965697670078,0.0797905633124699,0.08073788762281785,0.05869002108289542,0.08896553294809864,0.024486044658358123,168
950,0.0030010700225830077,3.533424474725316e-06,0.0021992921829223633,0.00039943694501970087,DecisionTreeRegressor(),,,,,,,,,,5,,42,friedman_mse,5,10,best,,"{'estimator': DecisionTreeRegressor(), 'estimator__criterion': 'friedman_mse', 'estimator__max_depth': 5, 'estimator__min_samples_leaf': 5, 'estimator__min_samples_split': 10, 'estimator__random_state': 42, 'estimator__splitter': 'best'}",0.01133751392047112,0.015331337418503602,0.022181196966377117,0.0139530289630307,0.023914432589540634,0.03453946885736403,0.03248725282348245,0.017091340194863237,0.013831196321644472,0.005192751825299967,0.018985951988057734,0.008810760920725799,481,0.6476111659112,0.6718794662871967,0.3976430409764298,0.6465866001840943,0.5990518831761023,0.42180513640520145,0.4240305513935754,0.6310597257432011,0.5981300063388162,0.7546141773542547,0.5792411753770071,0.115687572987012,415,0.07937755777563793,0.09818693149518862,0.11171461242176217,0.08422061399989303,0.10976869683838868,0.13551262504680894,0.12916935593873483,0.09743986799234754,0.09317618590189816,0.056489824303979315,0.09950562717146391,0.02228458854871155,524
951,0.0019019126892089843,0.00030020453020734384,0.002199530601501465,0.0003990035074331593,DecisionTreeRegressor(),,,,,,,,,,5,,42,friedman_mse,5,10,random,,"{'estimator': DecisionTreeRegressor(), 'estimator__criterion': 'friedman_mse', 'estimator__max_depth': 5, 'estimator__min_samples_leaf': 5, 'estimator__min_samples_split': 10, 'estimator__random_state': 42, 'estimator__splitter': 'random'}",0.022616005982732643,0.011598356805491341,0.011383160715750571,0.012176746994607378,0.014053417889446246,0.039325034855738926,0.020912021750604613,0.010072052864602464,0.013603265828324542,0.005066335945623735,0.016080639963292245,0.0091182110671723,273,0.29705682957438784,0.7517725348203321,0.6908766428065312,0.6915776806982583,0.7643811360936419,0.34169418591314316,0.6292488717841003,0.782580774601149,0.6047526023728504,0.7605880165966195,0.6314529275261014,0.16592378421926307,259,0.09696502999370185,0.08509116242789845,0.07757337632216471,0.07789839497164547,0.08901458160079369,0.15673465516989832,0.08715965697670078,0.0797905633124699,0.08073788762281785,0.05869002108289542,0.08896553294809864,0.024486044658358123,168
952,0.0033262014389038087,0.0004509323157337038,0.002272343635559082,0.0004222405077961788,DecisionTreeRegressor(),,,,,,,,,,5,,42,friedman_mse,5,15,best,,"{'estimator': DecisionTreeRegressor(), 'estimator__criterion': 'friedman_mse', 'estimator__max_depth': 5, 'estimator__min_samples_leaf': 5, 'estimator__min_samples_split': 15, 'estimator__random_state': 42, 'estimator__splitter': 'best'}",0.0127311082203934,0.01544218526327408,0.02399744309699715,0.014104948313424608,0.023914432589540634,0.03475975776922072,0.03189764680110273,0.017400555365457527,0.010159274273975033,0.0067746580149512636,0.019118200970833714,0.008773823855383701,487,0.6042959317260672,0.6695071061339914,0.34832070288363126,0.6427386662148615,0.5990518831761023,0.4181174735210842,0.4344837299818126,0.6243848875770457,0.7048189185417364,0.6798604889910417,0.5725579788747374,0.11871193028412502,430,0.08100933656497569,0.0950724635125213,0.1199202606392965,0.08465824476371539,0.10976869683838868,0.13024634048346134,0.12558512654805384,0.10107090634895162,0.07414652621263332,0.06346948402798186,0.09849473859399796,0.021594788324286216,506
953,0.0023946762084960938,0.0004879681670338219,0.0023061752319335936,0.00045489279968267623,DecisionTreeRegressor(),,,,,,,,,,5,,42,friedman_mse,5,15,random,,"{'estimator': DecisionTreeRegressor(), 'estimator__criterion': 'friedman_mse', 'estimator__max_depth': 5, 'estimator__min_samples_leaf': 5, 'estimator__min_samples_split': 15, 'estimator__random_state': 42, 'estimator__splitter': 'random'}",0.015965006903271475,0.01090018038262772,0.013964761240251138,0.020145253918418954,0.017519314804603184,0.02653214517389705,0.02711943095773913,0.016439186758245974,0.012925373682504253,0.011466120057361275,0.017297677387892018,0.005455029505621557,368,0.5037809692382984,0.7667148724809213,0.6207701898631217,0.4897450083184872,0.7062720910207634,0.5558486981067732,0.519197151568366,0.6451373618454537,0.6244489833661162,0.4581633404619827,0.5890078666270284,0.09537096618896398,398,0.08593012869011907,0.074117134269999,0.09138471429335657,0.1033920373574765,0.09951623857272024,0.12637684056608112,0.09869837717695204,0.0860580266574489,0.0855772197635611,0.08316070158093439,0.0934211418928649,0.013800081483082401,344
954,0.005499148368835449,0.0004979663255415673,0.002400827407836914,0.0004900185544273605,DecisionTreeRegressor(),,,,,,,,,,3,,42,absolute_error,1,5,best,,"{'estimator': DecisionTreeRegressor(), 'estimator__criterion': 'absolute_error', 'estimator__max_depth': 3, 'estimator__min_samples_leaf': 1, 'estimator__min_samples_split': 5, 'estimator__random_state': 42, 'estimator__splitter': 'best'}",0.014877588243802801,0.009233353458065724,0.017359555668394172,0.014393962267343761,0.012395823650551498,0.031093464913307573,0.03542207888292396,0.010930484329559743,0.0100804278419974,0.008745411278983347,0.016453215053493,0.008836352885101437,315,0.5375797540745996,0.8023882208108633,0.5285804829078982,0.6354182912396906,0.7921722737697944,0.4794916569654635,0.37199875429466966,0.7640503412646696,0.7071098277575554,0.5867316572663781,0.6205521260351583,0.1374724238292545,295,0.08448182474723158,0.07297183437650459,0.09967802118440058,0.07868921521425132,0.0755145642753972,0.13176055207831808,0.10608249077194672,0.07382442625581769,0.06668271545498317,0.07021344888460922,0.08598990932434601,0.019469126775135594,96
955,0.0030986785888671873,0.0003005456190220071,0.0022040843963623048,0.0003994402316294501,DecisionTreeRegressor(),,,,,,,,,,3,,42,absolute_error,1,5,random,,"{'estimator': DecisionTreeRegressor(), 'estimator__criterion': 'absolute_error', 'estimator__max_depth': 3, 'estimator__min_samples_leaf': 1, 'estimator__min_samples_split': 5, 'estimator__random_state': 42, 'estimator__splitter': 'random'}",0.03315821551536893,0.015063124590135818,0.02127564932686653,0.019593145251115635,0.01821998070088775,0.02843280066346325,0.04071897103545282,0.014606367729587882,0.010665934310308151,0.008668335369759984,0.021040252449294673,0.009678129808664502,531,0.030612618241484313,0.6776197441240437,0.42223427125193735,0.5037292551581147,0.6945247635194245,0.5240314965722415,0.2780896734315895,0.6847013016761889,0.690097743246803,0.5903739140171811,0.5034789544756041,0.2202543224229144,527,0.1150999037072701,0.08997351949927782,0.10644860375541648,0.1014082811747713,0.10545558497833413,0.12526079281014282,0.11611298346974802,0.09276199646926656,0.06684320333814796,0.06491734874017012,0.09842822179425452,0.019124470865191357,505
956,0.005601310729980468,0.0004915902747199362,0.0020993947982788086,0.0003026294133111123,DecisionTreeRegressor(),,,,,,,,,,3,,42,absolute_error,1,10,best,,"{'estimator': DecisionTreeRegressor(), 'estimator__criterion': 'absolute_error', 'estimator__max_depth': 3, 'estimator__min_samples_leaf': 1, 'estimator__min_samples_split': 10, 'estimator__random_state': 42, 'estimator__splitter': 'best'}",0.014877588243802801,0.009233353458065724,0.017359555668394172,0.014393962267343761,0.012395823650551498,0.031093464913307573,0.03542207888292396,0.010930484329559743,0.0100804278419974,0.008745411278983347,0.016453215053493,0.008836352885101437,315,0.5375797540745996,0.8023882208108633,0.5285804829078982,0.6354182912396906,0.7921722737697944,0.4794916569654635,0.37199875429466966,0.7640503412646696,0.7071098277575554,0.5867316572663781,0.6205521260351583,0.1374724238292545,295,0.08448182474723158,0.07297183437650459,0.09967802118440058,0.07868921521425132,0.0755145642753972,0.13176055207831808,0.10608249077194672,0.07382442625581769,0.06668271545498317,0.07021344888460922,0.08598990932434601,0.019469126775135594,96
957,0.0031040430068969725,0.0002963081994964065,0.0020995140075683594,0.0005385302474718243,DecisionTreeRegressor(),,,,,,,,,,3,,42,absolute_error,1,10,random,,"{'estimator': DecisionTreeRegressor(), 'estimator__criterion': 'absolute_error', 'estimator__max_depth': 3, 'estimator__min_samples_leaf': 1, 'estimator__min_samples_split': 10, 'estimator__random_state': 42, 'estimator__splitter': 'random'}",0.03200624216346629,0.015063124590135818,0.02160606520181487,0.01728276951822805,0.01790296618233633,0.030542826118216904,0.04079962063971535,0.014606367729587882,0.010665934310308151,0.010641015031386316,0.021111693148519597,0.00958178669777886,532,0.005192634058613477,0.6776197441240437,0.4132614325927483,0.5622482867444014,0.6998398122350115,0.4887094166343292,0.2766598292908795,0.6847013016761889,0.690097743246803,0.49715404950791486,0.4995484250110934,0.2116562245513143,528,0.1190117958594126,0.08997351949927782,0.10863023591718826,0.09125240731824748,0.10477852672123253,0.13184079601990048,0.1136254212806933,0.09276199646926656,0.06684320333814796,0.07583052479537795,0.0994548427218745,0.018889828436755456,522
958,0.005302214622497558,0.0004581584128723521,0.002296924591064453,0.0004584773034371001,DecisionTreeRegressor(),,,,,,,,,,3,,42,absolute_error,1,15,best,,"{'estimator': DecisionTreeRegressor(), 'estimator__criterion': 'absolute_error', 'estimator__max_depth': 3, 'estimator__min_samples_leaf': 1, 'estimator__min_samples_split': 15, 'estimator__random_state': 42, 'estimator__splitter': 'best'}",0.014877588243802801,0.009233353458065724,0.017359555668394172,0.014393962267343761,0.012395823650551498,0.031093464913307573,0.03542207888292396,0.010930484329559743,0.010587216433093821,0.008745411278983347,0.01650389391260264,0.00880104063508584,318,0.5375797540745996,0.8023882208108633,0.5285804829078982,0.6354182912396906,0.7921722737697944,0.4794916569654635,0.37199875429466966,0.7640503412646696,0.6923849172613631,0.5867316572663781,0.619079634985539,0.13661358095148296,297,0.08448182474723158,0.07297183437650459,0.09967802118440058,0.07868921521425132,0.0755145642753972,0.13176055207831808,0.10608249077194672,0.07382442625581769,0.06884930187770824,0.07021344888460922,0.08620656796661852,0.019264039692444765,104
959,0.0030030250549316407,0.00044447969980510575,0.0021061420440673826,0.00029892395849774893,DecisionTreeRegressor(),,,,,,,,,,3,,42,absolute_error,1,15,random,,"{'estimator': DecisionTreeRegressor(), 'estimator__criterion': 'absolute_error', 'estimator__max_depth': 3, 'estimator__min_samples_leaf': 1, 'estimator__min_samples_split': 15, 'estimator__random_state': 42, 'estimator__splitter': 'random'}",0.03200624216346629,0.015063124590135818,0.02160606520181487,0.01728276951822805,0.01790296618233633,0.030542826118216904,0.04079962063971535,0.014606367729587882,0.010665934310308151,0.010641015031386316,0.021111693148519597,0.00958178669777886,532,0.005192634058613477,0.6776197441240437,0.4132614325927483,0.5622482867444014,0.6998398122350115,0.4887094166343292,0.2766598292908795,0.6847013016761889,0.690097743246803,0.49715404950791486,0.4995484250110934,0.2116562245513143,528,0.1190117958594126,0.08997351949927782,0.10863023591718826,0.09125240731824748,0.10477852672123253,0.13184079601990048,0.1136254212806933,0.09276199646926656,0.06684320333814796,0.07583052479537795,0.0994548427218745,0.018889828436755456,522
960,0.005397939682006836,0.0004901444173079658,0.0022042512893676756,0.000396502484439479,DecisionTreeRegressor(),,,,,,,,,,3,,42,absolute_error,3,5,best,,"{'estimator': DecisionTreeRegressor(), 'estimator__criterion': 'absolute_error', 'estimator__max_depth': 3, 'estimator__min_samples_leaf': 3, 'estimator__min_samples_split': 5, 'estimator__random_state': 42, 'estimator__splitter': 'best'}",0.014449921985271423,0.009248022510338027,0.01897849385096509,0.014451914078789893,0.012395823650551498,0.030931199841258396,0.029471973229044792,0.021835566448435602,0.011939135607779669,0.009242637821191153,0.017294468902362553,0.007457444050502963,366,0.5508723343774893,0.8020742744714631,0.48461627836209453,0.6339504417309616,0.7921722737697944,0.48220799379123014,0.47748871650340374,0.528649024465641,0.6531044575290962,0.5632349934153353,0.5968370788416509,0.1151913190686455,373,0.08395522388059701,0.07297183437650459,0.10471834376504574,0.07868921521425133,0.0755145642753972,0.13176055207831808,0.10271224522548549,0.08674370085058579,0.07583052479537795,0.07165783983309261,0.08845540442946558,0.018194473259012165,152
961,0.002696394920349121,0.00045880097404630226,0.002204704284667969,0.00040164837335277296,DecisionTreeRegressor(),,,,,,,,,,3,,42,absolute_error,3,5,random,,"{'estimator': DecisionTreeRegressor(), 'estimator__criterion': 'absolute_error', 'estimator__max_depth': 3, 'estimator__min_samples_leaf': 3, 'estimator__min_samples_split': 5, 'estimator__random_state': 42, 'estimator__splitter': 'random'}",0.03315821551536893,0.023931924934323216,0.02127564932686653,0.019593145251115635,0.01821998070088775,0.02843280066346325,0.04113622407786497,0.014606367729587882,0.010665934310308151,0.008668335369759984,0.021968857787954627,0.009577425071504138,537,0.030612618241484313,0.4878101128511123,0.42223427125193735,0.5037292551581147,0.6945247635194245,0.5240314965722415,0.2706921564401322,0.6847013016761889,0.690097743246803,0.5903739140171811,0.48375823964916514,0.21319954569268085,541,0.1150999037072701,0.11494944631680311,0.10644860375541648,0.1014082811747713,0.10545558497833413,0.12526079281014282,0.11852030171722033,0.09276199646926656,0.06684320333814796,0.06491734874017012,0.10116654630075428,0.019684713349820915,532
962,0.005000662803649902,1.214580623350124e-05,0.0021243572235107424,0.00029968046607121464,DecisionTreeRegressor(),,,,,,,,,,3,,42,absolute_error,3,10,best,,"{'estimator': DecisionTreeRegressor(), 'estimator__criterion': 'absolute_error', 'estimator__max_depth': 3, 'estimator__min_samples_leaf': 3, 'estimator__min_samples_split': 10, 'estimator__random_state': 42, 'estimator__splitter': 'best'}",0.014449921985271423,0.009248022510338027,0.01897849385096509,0.014451914078789893,0.012395823650551498,0.030931199841258396,0.029471973229044792,0.021835566448435602,0.011939135607779669,0.009242637821191153,0.017294468902362553,0.007457444050502963,366,0.5508723343774893,0.8020742744714631,0.48461627836209453,0.6339504417309616,0.7921722737697944,0.48220799379123014,0.47748871650340374,0.528649024465641,0.6531044575290962,0.5632349934153353,0.5968370788416509,0.1151913190686455,373,0.08395522388059701,0.07297183437650459,0.10471834376504574,0.07868921521425133,0.0755145642753972,0.13176055207831808,0.10271224522548549,0.08674370085058579,0.07583052479537795,0.07165783983309261,0.08845540442946558,0.018194473259012165,152
963,0.0026982307434082033,0.0004553406484129895,0.00190279483795166,0.0003009606264821883,DecisionTreeRegressor(),,,,,,,,,,3,,42,absolute_error,3,10,random,,"{'estimator': DecisionTreeRegressor(), 'estimator__criterion': 'absolute_error', 'estimator__max_depth': 3, 'estimator__min_samples_leaf': 3, 'estimator__min_samples_split': 10, 'estimator__random_state': 42, 'estimator__splitter': 'random'}",0.03200624216346629,0.009472223580870246,0.02160606520181487,0.017237132466714225,0.017483539946994957,0.03026098714188388,0.04061997002423235,0.014606367729587882,0.010665934310308151,0.009490381815123365,0.020344884438099627,0.010136464249361475,520,0.005192634058613477,0.7972759341235931,0.4132614325927483,0.5634042182325255,0.706871890398564,0.4934274350019402,0.27984487132886793,0.6847013016761889,0.690097743246803,0.5515277395734697,0.5185605200233313,0.22483779585091396,506,0.1190117958594126,0.0755296100144439,0.10863023591718826,0.09125240731824748,0.10387578237843043,0.13184079601990048,0.1128229818648692,0.09276199646926656,0.06684320333814796,0.06981222917669715,0.0972381038356604,0.020715499570926634,493
964,0.005004978179931641,8.469868259842897e-06,0.0022971630096435547,0.00045955455410605096,DecisionTreeRegressor(),,,,,,,,,,3,,42,absolute_error,3,15,best,,"{'estimator': DecisionTreeRegressor(), 'estimator__criterion': 'absolute_error', 'estimator__max_depth': 3, 'estimator__min_samples_leaf': 3, 'estimator__min_samples_split': 15, 'estimator__random_state': 42, 'estimator__splitter': 'best'}",0.014449921985271423,0.009248022510338027,0.01897849385096509,0.014451914078789893,0.012395823650551498,0.030931199841258396,0.029471973229044792,0.021835566448435602,0.010587216433093821,0.009242637821191153,0.017159276984893966,0.007564784135114336,353,0.5508723343774893,0.8020742744714631,0.48461627836209453,0.6339504417309616,0.7921722737697944,0.48220799379123014,0.47748871650340374,0.528649024465641,0.6923849172613631,0.5632349934153353,0.6007651248148776,0.117685800315242,357,0.08395522388059701,0.07297183437650459,0.10471834376504574,0.07868921521425133,0.0755145642753972,0.13176055207831808,0.10271224522548549,0.08674370085058579,0.06884930187770824,0.07165783983309261,0.0877572821376986,0.01878969530322749,136
965,0.0027070045471191406,0.00045416977114796247,0.002093601226806641,0.0003025165908492764,DecisionTreeRegressor(),,,,,,,,,,3,,42,absolute_error,3,15,random,,"{'estimator': DecisionTreeRegressor(), 'estimator__criterion': 'absolute_error', 'estimator__max_depth': 3, 'estimator__min_samples_leaf': 3, 'estimator__min_samples_split': 15, 'estimator__random_state': 42, 'estimator__splitter': 'random'}",0.03200624216346629,0.009472223580870246,0.02160606520181487,0.017237132466714225,0.017483539946994957,0.03026098714188388,0.04061997002423235,0.014606367729587882,0.010665934310308151,0.009490381815123365,0.020344884438099627,0.010136464249361475,520,0.005192634058613477,0.7972759341235931,0.4132614325927483,0.5634042182325255,0.706871890398564,0.4934274350019402,0.27984487132886793,0.6847013016761889,0.690097743246803,0.5515277395734697,0.5185605200233313,0.22483779585091396,506,0.1190117958594126,0.0755296100144439,0.10863023591718826,0.09125240731824748,0.10387578237843043,0.13184079601990048,0.1128229818648692,0.09276199646926656,0.06684320333814796,0.06981222917669715,0.0972381038356604,0.020715499570926634,493
966,0.005206418037414551,0.0003989503906717273,0.0021973371505737303,0.00039701013430236046,DecisionTreeRegressor(),,,,,,,,,,3,,42,absolute_error,5,5,best,,"{'estimator': DecisionTreeRegressor(), 'estimator__criterion': 'absolute_error', 'estimator__max_depth': 3, 'estimator__min_samples_leaf': 5, 'estimator__min_samples_split': 5, 'estimator__random_state': 42, 'estimator__splitter': 'best'}",0.014449921985271423,0.010846949208018954,0.02151180295850951,0.014451914078789893,0.01820304790598083,0.03039978173029738,0.029471973229044792,0.01066458210137441,0.014292848429664311,0.012721388475950035,0.017701421010290153,0.006845556386809302,395,0.5508723343774893,0.7678541234768395,0.41582123666077153,0.6339504417309616,0.694808657866701,0.4911039968956148,0.47748871650340374,0.7697902095180484,0.5847165513195076,0.3988450668568633,0.5785251335206201,0.12900888597909405,420,0.08395522388059701,0.08124699085219067,0.11231644198363025,0.07868921521425133,0.08311266249398169,0.1317605520783181,0.10271224522548549,0.0785588188091799,0.08265125982988285,0.07944150216658641,0.09144449125341038,0.017226761637201805,250
967,0.0022010087966918947,0.00040003044154020295,0.0023021459579467773,0.00045100495684364676,DecisionTreeRegressor(),,,,,,,,,,3,,42,absolute_error,5,5,random,,"{'estimator': DecisionTreeRegressor(), 'estimator__criterion': 'absolute_error', 'estimator__max_depth': 3, 'estimator__min_samples_leaf': 5, 'estimator__min_samples_split': 5, 'estimator__random_state': 42, 'estimator__splitter': 'random'}",0.032178648802518535,0.00940268140713489,0.02160606520181487,0.01731319421923727,0.0174752637039228,0.03026098714188388,0.04056433628524406,0.01591057324618308,0.004734373236091739,0.009968774018611183,0.01994148972626423,0.010748623762748336,512,0.000166051712443549,0.7987642723251941,0.4132614325927483,0.5614776657523186,0.7070106494538639,0.4934274350019402,0.280831206927729,0.6565482173952688,0.8624412163537526,0.5289211008682995,0.530251714495867,0.2427378353446816,497,0.11961362542128068,0.07492778045257582,0.10863023591718826,0.09125240731824748,0.10455284063553201,0.13184079601990048,0.11314395763119883,0.09396565559300271,0.05015246348900657,0.07197881559942225,0.09600585780773552,0.023491456705544943,460
968,0.005152201652526856,0.0003219168312362414,0.002146792411804199,0.00031487114207205577,DecisionTreeRegressor(),,,,,,,,,,3,,42,absolute_error,5,10,best,,"{'estimator': DecisionTreeRegressor(), 'estimator__criterion': 'absolute_error', 'estimator__max_depth': 3, 'estimator__min_samples_leaf': 5, 'estimator__min_samples_split': 10, 'estimator__random_state': 42, 'estimator__splitter': 'best'}",0.014449921985271423,0.010846949208018954,0.02151180295850951,0.014451914078789893,0.01820304790598083,0.03039978173029738,0.029471973229044792,0.01066458210137441,0.014292848429664311,0.012721388475950035,0.017701421010290153,0.006845556386809302,395,0.5508723343774893,0.7678541234768395,0.41582123666077153,0.6339504417309616,0.694808657866701,0.4911039968956148,0.47748871650340374,0.7697902095180484,0.5847165513195076,0.3988450668568633,0.5785251335206201,0.12900888597909405,420,0.08395522388059701,0.08124699085219067,0.11231644198363025,0.07868921521425133,0.08311266249398169,0.1317605520783181,0.10271224522548549,0.0785588188091799,0.08265125982988285,0.07944150216658641,0.09144449125341038,0.017226761637201805,250
969,0.0027989625930786135,0.00039786039291649246,0.0020361423492431642,0.00010783431697575253,DecisionTreeRegressor(),,,,,,,,,,3,,42,absolute_error,5,10,random,,"{'estimator': DecisionTreeRegressor(), 'estimator__criterion': 'absolute_error', 'estimator__max_depth': 3, 'estimator__min_samples_leaf': 5, 'estimator__min_samples_split': 10, 'estimator__random_state': 42, 'estimator__splitter': 'random'}",0.032178648802518535,0.00940268140713489,0.02160606520181487,0.01731319421923727,0.0174752637039228,0.03026098714188388,0.04056433628524406,0.01591057324618308,0.004734373236091739,0.009968774018611183,0.01994148972626423,0.010748623762748336,512,0.000166051712443549,0.7987642723251941,0.4132614325927483,0.5614776657523186,0.7070106494538639,0.4934274350019402,0.280831206927729,0.6565482173952688,0.8624412163537526,0.5289211008682995,0.530251714495867,0.2427378353446816,497,0.11961362542128068,0.07492778045257582,0.10863023591718826,0.09125240731824748,0.10455284063553201,0.13184079601990048,0.11314395763119883,0.09396565559300271,0.05015246348900657,0.07197881559942225,0.09600585780773552,0.023491456705544943,460
970,0.005299425125122071,0.0004565918372617504,0.0024005413055419923,0.0004901548547485379,DecisionTreeRegressor(),,,,,,,,,,3,,42,absolute_error,5,15,best,,"{'estimator': DecisionTreeRegressor(), 'estimator__criterion': 'absolute_error', 'estimator__max_depth': 3, 'estimator__min_samples_leaf': 5, 'estimator__min_samples_split': 15, 'estimator__random_state': 42, 'estimator__splitter': 'best'}",0.014449921985271423,0.010846949208018954,0.02151180295850951,0.014451914078789893,0.01820304790598083,0.03039978173029738,0.029471973229044792,0.01066458210137441,0.01152294501524403,0.012721388475950035,0.017424430668848127,0.007031389510909643,379,0.5508723343774893,0.7678541234768395,0.41582123666077153,0.6339504417309616,0.694808657866701,0.4911039968956148,0.47748871650340374,0.7697902095180484,0.6651970131471814,0.3988450668568633,0.5865731797033874,0.13162784553646317,402,0.08395522388059701,0.08124699085219067,0.11231644198363025,0.07868921521425133,0.08311266249398169,0.1317605520783181,0.10271224522548549,0.0785588188091799,0.0755897929706307,0.07944150216658641,0.09073834456748517,0.01771066704672501,228
971,0.0025015830993652343,0.0005007278123419478,0.0020995140075683594,0.0003000135526809982,DecisionTreeRegressor(),,,,,,,,,,3,,42,absolute_error,5,15,random,,"{'estimator': DecisionTreeRegressor(), 'estimator__criterion': 'absolute_error', 'estimator__max_depth': 3, 'estimator__min_samples_leaf': 5, 'estimator__min_samples_split': 15, 'estimator__random_state': 42, 'estimator__splitter': 'random'}",0.032178648802518535,0.00940268140713489,0.02160606520181487,0.01731319421923727,0.0174752637039228,0.03026098714188388,0.04056433628524406,0.015771488898712365,0.007217318597501257,0.009968774018611183,0.02017587582765811,0.010423859734698459,517,0.000166051712443549,0.7987642723251941,0.4132614325927483,0.5614776657523186,0.7070106494538639,0.4934274350019402,0.280831206927729,0.6595505458677953,0.7902984158724077,0.5289211008682995,0.5233376672949852,0.23383334439147355,502,0.11961362542128068,0.07492778045257582,0.10863023591718826,0.09125240731824748,0.10455284063553201,0.13184079601990048,0.11314395763119883,0.09396565559300273,0.06002246830364307,0.07197881559942225,0.09699285828919917,0.0216818224133379,477
972,0.006303071975708008,0.00045300508789732064,0.002496504783630371,0.0004964096791996056,DecisionTreeRegressor(),,,,,,,,,,4,,42,absolute_error,1,5,best,,"{'estimator': DecisionTreeRegressor(), 'estimator__criterion': 'absolute_error', 'estimator__max_depth': 4, 'estimator__min_samples_leaf': 1, 'estimator__min_samples_split': 5, 'estimator__random_state': 42, 'estimator__splitter': 'best'}",0.02918489444309351,0.010838980833945114,0.019383794332266484,0.009787608204724744,0.02130073521724627,0.036213410868220906,0.03357612051565984,0.021655819246600174,0.01139419540748121,0.00910934865486505,0.020244490772410327,0.009574168399631253,519,0.09288482484358807,0.7680246622291061,0.4736098585652925,0.7520916855499389,0.6428729956129214,0.3937831457767429,0.404725917429098,0.532529117026316,0.668937875676517,0.5695336329092047,0.5298993715618725,0.19185720155898398,499,0.11058618199325948,0.0813974482426577,0.10562108810784784,0.06763059701492538,0.10018957631198844,0.1441983630235917,0.10784785748675975,0.10207029369282618,0.07486759749638904,0.07165783983309258,0.09660668432033381,0.022083190584621437,476
973,0.003202509880065918,0.00039913443551197153,0.0018988609313964843,0.0005360006552994118,DecisionTreeRegressor(),,,,,,,,,,4,,42,absolute_error,1,5,random,,"{'estimator': DecisionTreeRegressor(), 'estimator__criterion': 'absolute_error', 'estimator__max_depth': 4, 'estimator__min_samples_leaf': 1, 'estimator__min_samples_split': 5, 'estimator__random_state': 42, 'estimator__splitter': 'random'}",0.016920299047573566,0.017492301536487974,0.017668511263166372,0.016188838527476927,0.012799675336566728,0.024647484926154324,0.03221164511516068,0.012638710558286885,0.012602007744371004,0.010022862375960905,0.017319233643120536,0.006284099243984614,371,0.4740888967693092,0.6256306179074409,0.5201904238492099,0.589956239736521,0.7854013176796724,0.5873981373690337,0.4289168254240786,0.7271759097611259,0.6338444878825614,0.5263651312186134,0.5898967987597566,0.10416496375933514,397,0.08892031776600866,0.09275698122291767,0.08478273952816566,0.09192946557534906,0.08649795377948963,0.10303322099181512,0.10648371047985877,0.07719467180227892,0.0768736960359493,0.07887979457550955,0.08873525517573423,0.009682410091237754,161
974,0.0062012910842895504,0.00039857368021301964,0.0022017955780029297,0.0003962240915301086,DecisionTreeRegressor(),,,,,,,,,,4,,42,absolute_error,1,10,best,,"{'estimator': DecisionTreeRegressor(), 'estimator__criterion': 'absolute_error', 'estimator__max_depth': 4, 'estimator__min_samples_leaf': 1, 'estimator__min_samples_split': 10, 'estimator__random_state': 42, 'estimator__splitter': 'best'}",0.02918489444309351,0.010838980833945114,0.016213286947930762,0.009787608204724744,0.02130073521724627,0.03177256355710382,0.03357612051565984,0.021655819246600174,0.01139419540748121,0.00910934865486505,0.01948335530286505,0.008968018691049922,504,0.09288482484358807,0.7680246622291061,0.5597087823287455,0.7520916855499389,0.6428729956129214,0.46812346397619975,0.404725917429098,0.532529117026316,0.668937875676517,0.5695336329092047,0.5459432957581635,0.18668864732414875,487,0.11058618199325948,0.0813974482426577,0.09674410207029369,0.06763059701492538,0.10018957631198844,0.12863103835660408,0.10784785748675975,0.10207029369282618,0.07486759749638904,0.07165783983309258,0.09416225324987963,0.018698319199930823,390
975,0.003017687797546387,3.4251125446575526e-05,0.001993703842163086,5.6713641284676644e-05,DecisionTreeRegressor(),,,,,,,,,,4,,42,absolute_error,1,10,random,,"{'estimator': DecisionTreeRegressor(), 'estimator__criterion': 'absolute_error', 'estimator__max_depth': 4, 'estimator__min_samples_leaf': 1, 'estimator__min_samples_split': 10, 'estimator__random_state': 42, 'estimator__splitter': 'random'}",0.019044323486779677,0.0193913099578134,0.014363990314861463,0.016895126229476656,0.012799675336566728,0.02886318944980319,0.03705207016619883,0.017505117338123394,0.007667990517847339,0.01307479793941903,0.018665759073688972,0.008076644720129957,478,0.4080706761119134,0.5849881325376796,0.6099286463837236,0.5720668238488849,0.7854013176796724,0.5168267365153278,0.3431004911585973,0.6221277724279497,0.7772039938454908,0.382144543735075,0.5601859134244314,0.1444749592677208,471,0.09817344727973036,0.09681933076552719,0.0929074386133847,0.0974963890226288,0.08649795377948963,0.11306371368961642,0.12806933076552723,0.08570052961001444,0.06114588348579681,0.09252126464451933,0.0952395281656235,0.016596103244103287,432
976,0.0060002803802490234,6.094381829492796e-06,0.002202343940734863,0.00040088519826698266,DecisionTreeRegressor(),,,,,,,,,,4,,42,absolute_error,1,15,best,,"{'estimator': DecisionTreeRegressor(), 'estimator__criterion': 'absolute_error', 'estimator__max_depth': 4, 'estimator__min_samples_leaf': 1, 'estimator__min_samples_split': 15, 'estimator__random_state': 42, 'estimator__splitter': 'best'}",0.02918489444309351,0.010838980833945114,0.016161130317629245,0.009787608204724744,0.02130073521724627,0.031770631830055615,0.03357612051565984,0.021655819246600174,0.010993844976740847,0.008704555251913822,0.01939743208376092,0.009053595504276172,501,0.09288482484358807,0.7680246622291061,0.5611251580666717,0.7520916855499389,0.6428729956129214,0.4681558013193635,0.404725917429098,0.532529117026316,0.6805701901432061,0.5886623271981946,0.5491642679418405,0.18780944540064812,486,0.11058618199325948,0.0813974482426577,0.09644318728935965,0.06763059701492538,0.10018957631198844,0.12847055047343922,0.10784785748675975,0.10207029369282618,0.07254052319049911,0.07045418070935644,0.09376303964050714,0.01906047237830567,358
977,0.0032024145126342773,0.0003986346871356377,0.0020023345947265624,0.0004420321633065868,DecisionTreeRegressor(),,,,,,,,,,4,,42,absolute_error,1,15,random,,"{'estimator': DecisionTreeRegressor(), 'estimator__criterion': 'absolute_error', 'estimator__max_depth': 4, 'estimator__min_samples_leaf': 1, 'estimator__min_samples_split': 15, 'estimator__random_state': 42, 'estimator__splitter': 'random'}",0.019044323486779677,0.0193913099578134,0.014363990314861463,0.016895126229476656,0.012799675336566728,0.02886318944980319,0.03705207016619883,0.007393781863354727,0.007667990517847339,0.01307479793941903,0.017654625526212105,0.0087624675168337,393,0.4080706761119134,0.5849881325376796,0.6099286463837236,0.5720668238488849,0.7854013176796724,0.5168267365153278,0.3431004911585973,0.840394967430296,0.7772039938454908,0.382144543735075,0.5820126329246661,0.1669270504629871,410,0.09817344727973036,0.09681933076552719,0.0929074386133847,0.0974963890226288,0.08649795377948963,0.11306371368961642,0.12806933076552723,0.06604076392232389,0.06114588348579681,0.09252126464451933,0.09327355159685444,0.018647335279046568,326
978,0.005901956558227539,0.00030047115527581674,0.0021007537841796877,0.00030227259588607407,DecisionTreeRegressor(),,,,,,,,,,4,,42,absolute_error,3,5,best,,"{'estimator': DecisionTreeRegressor(), 'estimator__criterion': 'absolute_error', 'estimator__max_depth': 4, 'estimator__min_samples_leaf': 3, 'estimator__min_samples_split': 5, 'estimator__random_state': 42, 'estimator__splitter': 'best'}",0.01074716343268514,0.013419375788289513,0.020462331873102223,0.009189980149186507,0.022459590346758138,0.022380699821438872,0.025950821165577825,0.023266203500335775,0.012233337637221196,0.013070354967208164,0.017317985868180334,0.0058326373122466165,370,0.665960243279831,0.7127991756001681,0.44432088041522444,0.767228883608708,0.6234436915677686,0.6253443927046954,0.539915540447979,0.4977667402051812,0.6445563200464581,0.38235449838487046,0.5903690366260884,0.11530693716140113,396,0.0725204622051035,0.07831307173808376,0.10780272026961965,0.06371870486278286,0.10425192585459797,0.11627347135291284,0.09870004814636495,0.10134809821858451,0.07518857326271866,0.08883004333172846,0.09069471192424972,0.016623975545150948,227
979,0.0027001619338989256,0.0004610303220478048,0.002101492881774902,0.0003000075473849824,DecisionTreeRegressor(),,,,,,,,,,4,,42,absolute_error,3,5,random,,"{'estimator': DecisionTreeRegressor(), 'estimator__criterion': 'absolute_error', 'estimator__max_depth': 4, 'estimator__min_samples_leaf': 3, 'estimator__min_samples_split': 5, 'estimator__random_state': 42, 'estimator__splitter': 'random'}",0.0172859387579165,0.016160858668513096,0.01393632405633009,0.01732333578624034,0.011409556259502646,0.026857767014709787,0.028513836613135415,0.010431808992065776,0.010782803796724512,0.0139166445870265,0.01666188745321646,0.006011923004816657,337,0.4627242049922463,0.6541260930589273,0.6215424356375874,0.5612207920882912,0.8087079808849533,0.5503977493209158,0.49447560737267593,0.7748149398088741,0.6867020615810145,0.3423627018303179,0.5957074566575804,0.13607615960507205,377,0.09388541165142031,0.08703960038517096,0.09508907077515649,0.10148350987000482,0.07927599903707269,0.10961322420157277,0.09131760552078318,0.07197881559942226,0.07069491253410365,0.09749638902262879,0.08978745385973359,0.011984333329137042,189
980,0.005800557136535644,0.000399826834722,0.002201223373413086,0.00040463556965946167,DecisionTreeRegressor(),,,,,,,,,,4,,42,absolute_error,3,10,best,,"{'estimator': DecisionTreeRegressor(), 'estimator__criterion': 'absolute_error', 'estimator__max_depth': 4, 'estimator__min_samples_leaf': 3, 'estimator__min_samples_split': 10, 'estimator__random_state': 42, 'estimator__splitter': 'best'}",0.01074716343268514,0.013419375788289513,0.021009523742741246,0.009189980149186507,0.022459590346758138,0.022380699821438872,0.025950821165577825,0.023266203500335775,0.012233337637221196,0.013070354967208164,0.01737270505514424,0.0058643599680488915,373,0.665960243279831,0.7127991756001681,0.4294612300952797,0.767228883608708,0.6234436915677686,0.6253443927046954,0.539915540447979,0.4977667402051812,0.6445563200464581,0.38235449838487046,0.588883071594094,0.11725872032588161,400,0.0725204622051035,0.07831307173808376,0.10923206547905634,0.06371870486278286,0.10425192585459797,0.11627347135291284,0.09870004814636495,0.10134809821858451,0.07518857326271866,0.08883004333172846,0.09083764644519339,0.016775907885284925,230
981,0.0027029037475585936,0.00045716135314159917,0.0020980119705200197,0.0005369496490076757,DecisionTreeRegressor(),,,,,,,,,,4,,42,absolute_error,3,10,random,,"{'estimator': DecisionTreeRegressor(), 'estimator__criterion': 'absolute_error', 'estimator__max_depth': 4, 'estimator__min_samples_leaf': 3, 'estimator__min_samples_split': 10, 'estimator__random_state': 42, 'estimator__splitter': 'random'}",0.023501542184630294,0.018962466553112026,0.01393632405633009,0.015694799334898646,0.012900819357481313,0.029452366199505524,0.03318880924249487,0.013971988566957562,0.010782803796724512,0.0139166445870265,0.01863085638791613,0.007224166196194489,477,0.2695328880895892,0.5941662181142193,0.6215424356375874,0.6024696567984369,0.7837055423539623,0.5069638468503427,0.41159259408089044,0.6983952554314345,0.6867020615810145,0.3423627018303179,0.5517433200767796,0.1574491356289027,484,0.10088168030813671,0.09892573423206551,0.09508907077515649,0.09900096292729899,0.08506860857005297,0.11996469266570371,0.11025517573423205,0.07928101428342162,0.07069491253410365,0.09749638902262879,0.09566582410528005,0.013639034138127814,457
982,0.006000804901123047,0.0004475511849488705,0.002200412750244141,0.0004001520693667,DecisionTreeRegressor(),,,,,,,,,,4,,42,absolute_error,3,15,best,,"{'estimator': DecisionTreeRegressor(), 'estimator__criterion': 'absolute_error', 'estimator__max_depth': 4, 'estimator__min_samples_leaf': 3, 'estimator__min_samples_split': 15, 'estimator__random_state': 42, 'estimator__splitter': 'best'}",0.01074716343268514,0.010208302135941507,0.017755438980335558,0.009189980149186507,0.022459590346758138,0.02193562990953258,0.02777282611744421,0.023266203500335775,0.01018136058026608,0.011415444405011457,0.016493193955749698,0.006568039756463828,317,0.665960243279831,0.7815224168829489,0.5178297976193331,0.767228883608708,0.6234436915677686,0.6327949165696547,0.5076130495852823,0.4977667402051812,0.704177193591647,0.46055804120223076,0.6158894974112585,0.10972824189668044,300,0.0725204622051035,0.0762066682715455,0.10012939335580164,0.06371870486278286,0.10425192585459797,0.11113785909163856,0.1044776119402985,0.10134809821858451,0.06724442304606003,0.08562028566843205,0.08866554325148451,0.01672303446074353,160
983,0.003002309799194336,5.401325420313157e-06,0.0021009445190429688,0.0003020587447837269,DecisionTreeRegressor(),,,,,,,,,,4,,42,absolute_error,3,15,random,,"{'estimator': DecisionTreeRegressor(), 'estimator__criterion': 'absolute_error', 'estimator__max_depth': 4, 'estimator__min_samples_leaf': 3, 'estimator__min_samples_split': 15, 'estimator__random_state': 42, 'estimator__splitter': 'random'}",0.023501542184630294,0.018962466553112026,0.01393632405633009,0.015694799334898646,0.012502672302905308,0.02421613027629028,0.03357698979283154,0.010811779702447583,0.010782803796724512,0.0139166445870265,0.017790215258719676,0.006960720839958636,418,0.2695328880895892,0.5941662181142193,0.6215424356375874,0.6024696567984369,0.7903808548939324,0.5946190660975295,0.40471050593536584,0.7666127452179579,0.6867020615810145,0.3423627018303179,0.5673099134195951,0.16585902019743173,451,0.10088168030813671,0.09892573423206551,0.09508907077515649,0.09900096292729899,0.08168331728454502,0.10624297865511152,0.11097737120847376,0.08032418552399294,0.07069491253410365,0.09749638902262879,0.09413166024715133,0.011957611864084224,385
984,0.0057027339935302734,0.0004553613109856188,0.0021001815795898436,0.0002955017963384377,DecisionTreeRegressor(),,,,,,,,,,4,,42,absolute_error,5,5,best,,"{'estimator': DecisionTreeRegressor(), 'estimator__criterion': 'absolute_error', 'estimator__max_depth': 4, 'estimator__min_samples_leaf': 5, 'estimator__min_samples_split': 5, 'estimator__random_state': 42, 'estimator__splitter': 'best'}",0.011149113574887294,0.011516745378748701,0.02070699717705136,0.009189980149186507,0.022459590346758138,0.032314412994125144,0.027178530291064127,0.015533210367316353,0.012847820011255015,0.015602559368346891,0.017849895965873955,0.007218723721083614,419,0.6534669627453134,0.7535191785845962,0.437676701172383,0.767228883608708,0.6234436915677686,0.45905283921872986,0.5181493741335316,0.664694118327325,0.6267023309904688,0.2626940406959053,0.576662812104473,0.14868888698721558,423,0.07425072219547423,0.07725987000481464,0.11096232546942708,0.06371870486278286,0.10425192585459797,0.13360616273471354,0.10632322259669394,0.10094687851067245,0.07486759749638902,0.0884288236238164,0.09346162333493821,0.02035436717395178,348
985,0.002900576591491699,0.0005388451510583546,0.0025007247924804686,0.0005002503921866694,DecisionTreeRegressor(),,,,,,,,,,4,,42,absolute_error,5,5,random,,"{'estimator': DecisionTreeRegressor(), 'estimator__criterion': 'absolute_error', 'estimator__max_depth': 4, 'estimator__min_samples_leaf': 5, 'estimator__min_samples_split': 5, 'estimator__random_state': 42, 'estimator__splitter': 'random'}",0.02336245783715958,0.014269999720672272,0.014400029097604527,0.021155670967231963,0.014899595444199467,0.026089905513048538,0.034498520181177446,0.011768564109423221,0.009916520801957252,0.012003655291189696,0.0182364918963664,0.007432479051965038,461,0.2738558614847274,0.6945941637956887,0.6089499700925871,0.46415236277900596,0.7501941677929456,0.5632518432285604,0.38837261019103864,0.7459592272673695,0.711872201135112,0.43276187126189425,0.5633964279028929,0.1584100586484875,458,0.09907619162253248,0.08719005777563796,0.09185423688011556,0.10908160808858931,0.07852371208473759,0.1091317605520783,0.11218103033220993,0.08594126143476168,0.06820735034504893,0.08947199486438774,0.09306592039800995,0.013583886013729809,324
986,0.0061043500900268555,0.0005378841850521434,0.00209956169128418,0.0003001585716941913,DecisionTreeRegressor(),,,,,,,,,,4,,42,absolute_error,5,10,best,,"{'estimator': DecisionTreeRegressor(), 'estimator__criterion': 'absolute_error', 'estimator__max_depth': 4, 'estimator__min_samples_leaf': 5, 'estimator__min_samples_split': 10, 'estimator__random_state': 42, 'estimator__splitter': 'best'}",0.011149113574887294,0.011516745378748701,0.02070699717705136,0.009189980149186507,0.022459590346758138,0.032314412994125144,0.027178530291064127,0.015533210367316353,0.012847820011255015,0.015602559368346891,0.017849895965873955,0.007218723721083614,419,0.6534669627453134,0.7535191785845962,0.437676701172383,0.767228883608708,0.6234436915677686,0.45905283921872986,0.5181493741335316,0.664694118327325,0.6267023309904688,0.2626940406959053,0.576662812104473,0.14868888698721558,423,0.07425072219547423,0.07725987000481464,0.11096232546942708,0.06371870486278286,0.10425192585459797,0.13360616273471354,0.10632322259669394,0.10094687851067245,0.07486759749638902,0.0884288236238164,0.09346162333493821,0.02035436717395178,348
987,0.0028021812438964845,0.000399357935149841,0.0019974708557128906,8.1739681017847e-06,DecisionTreeRegressor(),,,,,,,,,,4,,42,absolute_error,5,10,random,,"{'estimator': DecisionTreeRegressor(), 'estimator__criterion': 'absolute_error', 'estimator__max_depth': 4, 'estimator__min_samples_leaf': 5, 'estimator__min_samples_split': 10, 'estimator__random_state': 42, 'estimator__splitter': 'random'}",0.02336245783715958,0.014269999720672272,0.014400029097604527,0.021155670967231963,0.014899595444199467,0.026089905513048538,0.034498520181177446,0.011768564109423221,0.009916520801957252,0.012003655291189696,0.0182364918963664,0.007432479051965038,461,0.2738558614847274,0.6945941637956887,0.6089499700925871,0.46415236277900596,0.7501941677929456,0.5632518432285604,0.38837261019103864,0.7459592272673695,0.711872201135112,0.43276187126189425,0.5633964279028929,0.1584100586484875,458,0.09907619162253248,0.08719005777563796,0.09185423688011556,0.10908160808858931,0.07852371208473759,0.1091317605520783,0.11218103033220993,0.08594126143476168,0.06820735034504893,0.08947199486438774,0.09306592039800995,0.013583886013729809,324
988,0.006202983856201172,0.0005996602731101494,0.002300596237182617,0.0004625884395314092,DecisionTreeRegressor(),,,,,,,,,,4,,42,absolute_error,5,15,best,,"{'estimator': DecisionTreeRegressor(), 'estimator__criterion': 'absolute_error', 'estimator__max_depth': 4, 'estimator__min_samples_leaf': 5, 'estimator__min_samples_split': 15, 'estimator__random_state': 42, 'estimator__splitter': 'best'}",0.011149113574887294,0.009957298352615449,0.02070699717705136,0.009189980149186507,0.022459590346758138,0.03186934308221885,0.02871734405766375,0.015278512156010603,0.010711233309588545,0.013555508215364694,0.017359492042134515,0.0077450350810405804,372,0.6534669627453134,0.7868943875793526,0.437676701172383,0.767228883608708,0.6234436915677686,0.4665033630836891,0.49086760545114794,0.6701921323426391,0.6887815658077494,0.3594283634734897,0.5944483656832241,0.13883768475694003,388,0.07425072219547423,0.07725987000481464,0.11096232546942708,0.06371870486278286,0.10425192585459797,0.12847055047343925,0.10937249237682554,0.10022468303643076,0.0731824747231584,0.08409565077836621,0.0925789399775317,0.019886165184130375,294
989,0.003098917007446289,0.0006970334956251994,0.0021024703979492187,0.0005359768038932238,DecisionTreeRegressor(),,,,,,,,,,4,,42,absolute_error,5,15,random,,"{'estimator': DecisionTreeRegressor(), 'estimator__criterion': 'absolute_error', 'estimator__max_depth': 4, 'estimator__min_samples_leaf': 5, 'estimator__min_samples_split': 15, 'estimator__random_state': 42, 'estimator__splitter': 'random'}",0.02336245783715958,0.013201784846250371,0.014400029097604527,0.021155670967231963,0.025438947303027006,0.02661765334261799,0.034133327182714404,0.012258546675200266,0.009916520801957252,0.01094275079631584,0.019142768885007922,0.0077436134063322976,490,0.2738558614847274,0.7174560463012711,0.6089499700925871,0.46415236277900596,0.5734919498114266,0.5544172810761867,0.3948471499467562,0.7353822742526981,0.711872201135112,0.4828953902478804,0.551732048712765,0.14311814883417542,485,0.09907619162253248,0.08214973519499279,0.09185423688011556,0.10908160808858931,0.10884087626384206,0.11009468785106721,0.11194029850746266,0.08698443267533303,0.06820735034504893,0.08337345530412453,0.09516028727331086,0.014189222469177438,431
990,0.007402801513671875,0.00048707175912281875,0.002401113510131836,0.0004885687810358307,DecisionTreeRegressor(),,,,,,,,,,5,,42,absolute_error,1,5,best,,"{'estimator': DecisionTreeRegressor(), 'estimator__criterion': 'absolute_error', 'estimator__max_depth': 5, 'estimator__min_samples_leaf': 1, 'estimator__min_samples_split': 5, 'estimator__random_state': 42, 'estimator__splitter': 'best'}",0.014641796810981357,0.008720298827356686,0.02054074791796527,0.00916743327254575,0.0218957735512105,0.046973323699424196,0.034210596264642575,0.04246554204608682,0.011121435548274746,0.012149887028738766,0.022188683496722667,0.013431025688471343,542,0.5449085449085449,0.8133685909284043,0.44219139883702285,0.7677999688081978,0.6328966142562785,0.21366091061958337,0.3934772393927827,0.0833223989271682,0.6768630037956799,0.4258516247447073,0.499434029521837,0.2228608344322389,530,0.087641429947039,0.07056451612903228,0.10735134809821857,0.06875902744342803,0.10372532498796339,0.16971593644679822,0.11402664098860535,0.14138982506820733,0.07069491253410366,0.08866955544856363,0.10225385170919594,0.031256432005237166,537
991,0.0036012887954711913,0.000493417205442823,0.0019995450973510744,0.00045031458379799833,DecisionTreeRegressor(),,,,,,,,,,5,,42,absolute_error,1,5,random,,"{'estimator': DecisionTreeRegressor(), 'estimator__criterion': 'absolute_error', 'estimator__max_depth': 5, 'estimator__min_samples_leaf': 1, 'estimator__min_samples_split': 5, 'estimator__random_state': 42, 'estimator__splitter': 'random'}",0.01903988655121584,0.01874424176313519,0.024234179850896934,0.01663814616559522,0.011849537277966324,0.040767843729772414,0.02634131978837234,0.00970180934054934,0.014867150881095477,0.010339569025514018,0.01925236843741131,0.008887114645588862,491,0.4082085834663154,0.5988366543978891,0.3418918329094661,0.5785758190141554,0.8013312823105356,0.31754139179924945,0.5329923549858351,0.7905729943889817,0.5680300032329134,0.5113990160733978,0.544937993257874,0.15605874942608103,488,0.08816803081367355,0.0844818247472316,0.10035507944150217,0.09253129513721714,0.08205946076071256,0.1478895843363826,0.08979297063071737,0.07711442786069651,0.08618199325950891,0.0808858931150698,0.09294605601027121,0.019335537548053863,321
992,0.007197690010070801,0.0005982463964362989,0.002004718780517578,8.893492381493487e-06,DecisionTreeRegressor(),,,,,,,,,,5,,42,absolute_error,1,10,best,,"{'estimator': DecisionTreeRegressor(), 'estimator__criterion': 'absolute_error', 'estimator__max_depth': 5, 'estimator__min_samples_leaf': 1, 'estimator__min_samples_split': 10, 'estimator__random_state': 42, 'estimator__splitter': 'best'}",0.014641796810981357,0.008720298827356686,0.01717610196528501,0.008680638056398241,0.02045060025327259,0.042486114939150214,0.034210596264642575,0.024578135925123788,0.010091825031581804,0.009572866560081696,0.019060897463387395,0.011040158705861537,485,0.5449085449085449,0.8133685909284043,0.5335623878472011,0.7801299046815224,0.6571263136281054,0.28877732505497333,0.3934772393927827,0.4694468598980097,0.706778678636429,0.5476298858576981,0.573520573083367,0.15886265124448962,426,0.087641429947039,0.07056451612903228,0.0998284785748676,0.06755536831969186,0.0960519980741454,0.152864708714492,0.11402664098860535,0.1120205424490451,0.07246027924891668,0.07783662333493822,0.09508505857807735,0.024962881937478656,430
993,0.003800821304321289,0.0003915386793863435,0.002104663848876953,0.0002963102166748573,DecisionTreeRegressor(),,,,,,,,,,5,,42,absolute_error,1,10,random,,"{'estimator': DecisionTreeRegressor(), 'estimator__criterion': 'absolute_error', 'estimator__max_depth': 5, 'estimator__min_samples_leaf': 1, 'estimator__min_samples_split': 10, 'estimator__random_state': 42, 'estimator__splitter': 'random'}",0.02121661091895577,0.008270900639533013,0.014443040207662204,0.010518978175116003,0.01736890401997807,0.03832797588153785,0.029849046348854283,0.013021578859240998,0.008651819103497837,0.00748737403884023,0.016915622819321626,0.009688003533546728,345,0.34055236117091814,0.8229865889681776,0.6077819519059291,0.733566966046806,0.7087938703111414,0.3583850730823953,0.47080355300001286,0.7189111666603655,0.7486185281862159,0.6461807727791666,0.6156580832111128,0.16054614007971255,301,0.10358991333654308,0.06522327876745307,0.08245064997592684,0.07191863264323543,0.09138781896966779,0.1519820253570855,0.09565077836623333,0.07735515968544376,0.07382442625581766,0.06965174129353233,0.08830344246509389,0.02421763557004805,149
994,0.006701111793518066,0.00045462122357709314,0.002198481559753418,0.00039912561127418883,DecisionTreeRegressor(),,,,,,,,,,5,,42,absolute_error,1,15,best,,"{'estimator': DecisionTreeRegressor(), 'estimator__criterion': 'absolute_error', 'estimator__max_depth': 5, 'estimator__min_samples_leaf': 1, 'estimator__min_samples_split': 15, 'estimator__random_state': 42, 'estimator__splitter': 'best'}",0.028237472875654646,0.00994118050505699,0.016918578603171263,0.00801998740591234,0.02046907239317105,0.0424737518860417,0.03453280833628307,0.021561550966647802,0.0114187283409934,0.00991806618359582,0.020349119749652804,0.011022916799388207,522,0.12233226666216368,0.7872393409646196,0.540555743053212,0.7968633890810344,0.6568166107038037,0.28898428405122234,0.3877647123827128,0.5345640285465839,0.66822506316155,0.5313173224148801,0.5314662761021782,0.20425515678706166,495,0.11321918632643235,0.07680849783341359,0.09847436206066443,0.06424530572941743,0.09650337024554645,0.15222275718183273,0.11418712887177018,0.10174931792649655,0.07229979136575189,0.08024394158241054,0.09699536591237362,0.024503920221262302,478
995,0.0034988880157470702,0.000506517083586019,0.0021958112716674804,0.0003993379028467469,DecisionTreeRegressor(),,,,,,,,,,5,,42,absolute_error,1,15,random,,"{'estimator': DecisionTreeRegressor(), 'estimator__criterion': 'absolute_error', 'estimator__max_depth': 5, 'estimator__min_samples_leaf': 1, 'estimator__min_samples_split': 15, 'estimator__random_state': 42, 'estimator__splitter': 'random'}",0.015391729470976456,0.016744270420305945,0.010553205963751373,0.023110729656190446,0.007780686266510175,0.03428187699272133,0.029849046348854283,0.013021578859240998,0.01360805119107585,0.007706045540696969,0.017204722071032384,0.008623240353230935,356,0.521599387578769,0.6416399432764854,0.7134150577216146,0.4146330834931149,0.86954942399431,0.42611725520631216,0.47080355300001286,0.7189111666603655,0.6046135620719384,0.6358473526240072,0.601712978562693,0.13787859624812712,354,0.08673868560423688,0.09238083774675013,0.07959195955705345,0.11803382282137698,0.06964672604718342,0.13456909003370246,0.09565077836623333,0.07735515968544376,0.08056491734874016,0.06660247151340074,0.09011344487241213,0.0203453836141983,202
996,0.006902003288269043,0.0007009095910610018,0.0023994922637939455,0.0006630021490996645,DecisionTreeRegressor(),,,,,,,,,,5,,42,absolute_error,3,5,best,,"{'estimator': DecisionTreeRegressor(), 'estimator__criterion': 'absolute_error', 'estimator__max_depth': 5, 'estimator__min_samples_leaf': 3, 'estimator__min_samples_split': 5, 'estimator__random_state': 42, 'estimator__splitter': 'best'}",0.010725340953687462,0.014702555663294408,0.020940524867238193,0.011348504026144152,0.023193242169725087,0.03476413265030556,0.02622290492031741,0.034134486218943334,0.012647886261765856,0.013611045368000571,0.0202290623099422,0.008665145489949,518,0.6666385223086253,0.6853366226641158,0.4313349771652446,0.712556076438263,0.6111433237575923,0.41804423748544794,0.5350917429097997,0.26315978948117535,0.6325114723526032,0.3568039303510441,0.5312620694913912,0.14720685030013456,496,0.07349843524313915,0.08907077515647568,0.11118801155512759,0.07635712566201254,0.10778767453057292,0.14845129192745948,0.10166907398491414,0.13168030813673565,0.07470710961322419,0.08899053121489328,0.10034003370245545,0.023833429827159254,530
997,0.003499007225036621,0.0004991270768613052,0.002103161811828613,0.0002999466065834738,DecisionTreeRegressor(),,,,,,,,,,5,,42,absolute_error,3,5,random,,"{'estimator': DecisionTreeRegressor(), 'estimator__criterion': 'absolute_error', 'estimator__max_depth': 5, 'estimator__min_samples_leaf': 3, 'estimator__min_samples_split': 5, 'estimator__random_state': 42, 'estimator__splitter': 'random'}",0.017502714752607187,0.015880245131526277,0.009566485824175594,0.015074986601541196,0.01868584082515034,0.04086307787324888,0.022767721335546623,0.0029534174839996987,0.012156068555293017,0.007087892885271563,0.016253845126836038,0.009896853468035205,300,0.4559864456771675,0.6601317702552315,0.7402106244163752,0.6181687659972661,0.6867141772206669,0.31594716078127005,0.5963490057189199,0.9362463888660316,0.6468013988337564,0.6650584343347055,0.6321614172101391,0.15546851382354426,255,0.09027443428021184,0.10020462205103516,0.0808708473760231,0.09200469427058257,0.10049049109292249,0.16265446958754612,0.07526881720430106,0.04220831327234794,0.07294174289841115,0.06612100786390626,0.08830394398972878,0.02985593678694648,150
998,0.006698083877563476,0.00045964815253045707,0.002103590965270996,0.0003017340132090015,DecisionTreeRegressor(),,,,,,,,,,5,,42,absolute_error,3,10,best,,"{'estimator': DecisionTreeRegressor(), 'estimator__criterion': 'absolute_error', 'estimator__max_depth': 5, 'estimator__min_samples_leaf': 3, 'estimator__min_samples_split': 10, 'estimator__random_state': 42, 'estimator__splitter': 'best'}",0.01064529501412749,0.013960319728256999,0.020982811579652788,0.01129019001587648,0.02211207868743319,0.03464368946885002,0.02699714112123773,0.03042904739507767,0.012336878207004949,0.014689431992660679,0.019808688321017797,0.008148607546012016,511,0.6691264835594732,0.7012219198496934,0.4301866308638358,0.7140331000064218,0.629270053738771,0.42006047083171627,0.5213652391589846,0.343146823870068,0.6415479144714786,0.3058442854604272,0.5375802921810872,0.14544691137207713,489,0.07154248916706787,0.08267633606162733,0.11005958112662494,0.07620666827154551,0.10056571978815598,0.14612421762156955,0.10263200128390304,0.12060664419836302,0.07262076713208152,0.09340394800192585,0.09764383726528646,0.022525978412200085,499
999,0.003000617027282715,4.79808134973004e-07,0.002300524711608887,0.00045855264733086636,DecisionTreeRegressor(),,,,,,,,,,5,,42,absolute_error,3,10,random,,"{'estimator': DecisionTreeRegressor(), 'estimator__criterion': 'absolute_error', 'estimator__max_depth': 5, 'estimator__min_samples_leaf': 3, 'estimator__min_samples_split': 10, 'estimator__random_state': 42, 'estimator__splitter': 'random'}",0.021839683441707083,0.01594987785496701,0.015596824553672534,0.00975292766756245,0.019688407163168418,0.04077740577866103,0.021597674262449223,0.011652757072883364,0.012036591237361576,0.01127645664389315,0.018016860567632582,0.008650969576860477,438,0.32118622840272315,0.658641494113264,0.5764495566756236,0.752970101740319,0.6699052028193594,0.3173813219505882,0.6170928762824646,0.7484590827108135,0.6502728519086164,0.46712597035562053,0.5779484686959393,0.15084525407129343,422,0.10441742898411169,0.09200469427058257,0.08846894559460762,0.06514805007221955,0.10590695714973519,0.14957470710961324,0.07414540202214731,0.06580003209757664,0.0871449205584978,0.07992296581608088,0.09125341036751725,0.023590286259348614,241
1000,0.00630195140838623,0.0004575545987125253,0.0020003557205200196,1.8512400501064455e-06,DecisionTreeRegressor(),,,,,,,,,,5,,42,absolute_error,3,15,best,,"{'estimator': DecisionTreeRegressor(), 'estimator__criterion': 'absolute_error', 'estimator__max_depth': 5, 'estimator__min_samples_leaf': 3, 'estimator__min_samples_split': 15, 'estimator__random_state': 42, 'estimator__splitter': 'best'}",0.010746710684158221,0.010749246075908993,0.017740679378357868,0.010704423971743626,0.022130550827331643,0.03419861955694373,0.028706719558898624,0.02741246243660168,0.010242596327694158,0.013034521430463969,0.018566653024810253,0.008501668461610186,464,0.6659743154588516,0.7699451611324741,0.5182306122812812,0.7288698476188729,0.6289603508144694,0.42751099469667553,0.49105596815231944,0.4082639925186422,0.7023979686527133,0.3840478282777876,0.5725257039604087,0.1361332476005735,432,0.07214431872893595,0.08056993259508907,0.10110736639383726,0.0731222917669716,0.10101709195955705,0.14098860536029528,0.1090515166104959,0.11033541967581445,0.06467661691542288,0.09019419033862942,0.09432073503450489,0.021836459985670357,397
1001,0.0030606269836425783,0.0003355421598170669,0.001900935173034668,0.00030004667864753226,DecisionTreeRegressor(),,,,,,,,,,5,,42,absolute_error,3,15,random,,"{'estimator': DecisionTreeRegressor(), 'estimator__criterion': 'absolute_error', 'estimator__max_depth': 5, 'estimator__min_samples_leaf': 3, 'estimator__min_samples_split': 15, 'estimator__random_state': 42, 'estimator__splitter': 'random'}",0.014657643009423653,0.00994896777972007,0.010553205963751373,0.02326412085711193,0.00872892278129751,0.03401153179232513,0.024862196387562232,0.011652757072883364,0.013991981941906475,0.007003862758674669,0.015867519034465642,0.008248393342648725,234,0.544416018642823,0.787072678093086,0.7134150577216146,0.4107478693246974,0.8536513405468307,0.4306428663820978,0.5592158677652741,0.7484590827108135,0.5934583268475502,0.6690293157547536,0.631010842378954,0.1409540749947319,269,0.08530934039480018,0.07680849783341359,0.07959195955705345,0.12149434280211843,0.07205404429465574,0.13432835820895522,0.094607607125662,0.06580003209757664,0.08176857647247632,0.06724442304606001,0.08790071818327716,0.021752404196457433,140
1002,0.006397128105163574,0.0004905398995326342,0.0020052433013916016,3.5189160780897317e-06,DecisionTreeRegressor(),,,,,,,,,,5,,42,absolute_error,5,5,best,,"{'estimator': DecisionTreeRegressor(), 'estimator__criterion': 'absolute_error', 'estimator__max_depth': 5, 'estimator__min_samples_leaf': 5, 'estimator__min_samples_split': 5, 'estimator__random_state': 42, 'estimator__splitter': 'best'}",0.012756280295758229,0.009956936153793908,0.021312050308431127,0.009657759927203255,0.02210963384538781,0.033313309050751645,0.02385866418602005,0.018535886891045263,0.01332109313806509,0.015616564389446372,0.018043817818590276,0.006973532096435417,442,0.6035135416578715,0.7869021393408193,0.4212457590181764,0.7553805858554351,0.6293110438316931,0.44233119906868446,0.5770075810850057,0.5998771825260034,0.6129512234182672,0.26203222712589724,0.5690552482927853,0.1490309992557048,440,0.07838830043331728,0.0701883726528647,0.10990912373615791,0.06492236398651903,0.10049049109292249,0.13472957791686727,0.10616273471352912,0.10881078478574867,0.07583052479537794,0.08770662814957471,0.09371389022628793,0.020848410295492448,356
1003,0.002900218963623047,0.00029836191387026806,0.0020002126693725586,5.336796325531625e-06,DecisionTreeRegressor(),,,,,,,,,,5,,42,absolute_error,5,5,random,,"{'estimator': DecisionTreeRegressor(), 'estimator__criterion': 'absolute_error', 'estimator__max_depth': 5, 'estimator__min_samples_leaf': 5, 'estimator__min_samples_split': 5, 'estimator__random_state': 42, 'estimator__splitter': 'random'}",0.021865671207152455,0.013999256101572374,0.015561510168572545,0.010028560970753114,0.018416038922986447,0.03954322536756323,0.022207037559805298,0.012896113187460123,0.014042593190569422,0.010212461385742173,0.017877246806217717,0.008274225369081546,423,0.320378485326939,0.7003886054920261,0.5774085610815112,0.7459886425144262,0.691237661697377,0.33804165049799495,0.6062894191761906,0.7216195171366238,0.59198780024187,0.5174055447501598,0.5810745887915119,0.1432378439704817,411,0.10313854116514204,0.08854417428984111,0.09027443428021185,0.06484713529128551,0.09627768415984593,0.14877226769378912,0.07438613384689455,0.07791686727652064,0.09043492216337663,0.08056491734874018,0.09151570775156476,0.02181078295857305,257
1004,0.006299710273742676,0.00045542999369449044,0.0020032167434692384,4.6469609844534265e-06,DecisionTreeRegressor(),,,,,,,,,,5,,42,absolute_error,5,10,best,,"{'estimator': DecisionTreeRegressor(), 'estimator__criterion': 'absolute_error', 'estimator__max_depth': 5, 'estimator__min_samples_leaf': 5, 'estimator__min_samples_split': 10, 'estimator__random_state': 42, 'estimator__splitter': 'best'}",0.012756280295758229,0.009956936153793908,0.021312050308431127,0.009657759927203255,0.02210963384538781,0.033313309050751645,0.02385866418602005,0.018535886891045263,0.01332109313806509,0.015616564389446372,0.018043817818590276,0.006973532096435417,442,0.6035135416578715,0.7869021393408193,0.4212457590181764,0.7553805858554351,0.6293110438316931,0.44233119906868446,0.5770075810850057,0.5998771825260034,0.6129512234182672,0.26203222712589724,0.5690552482927853,0.1490309992557048,440,0.07838830043331728,0.0701883726528647,0.10990912373615791,0.06492236398651903,0.10049049109292249,0.13472957791686727,0.10616273471352912,0.10881078478574867,0.07583052479537794,0.08770662814957471,0.09371389022628793,0.020848410295492448,356
1005,0.0028167724609375,0.0006055201306137926,0.001983904838562012,5.450370220688955e-05,DecisionTreeRegressor(),,,,,,,,,,5,,42,absolute_error,5,10,random,,"{'estimator': DecisionTreeRegressor(), 'estimator__criterion': 'absolute_error', 'estimator__max_depth': 5, 'estimator__min_samples_leaf': 5, 'estimator__min_samples_split': 10, 'estimator__random_state': 42, 'estimator__splitter': 'random'}",0.021865671207152455,0.013999256101572374,0.015561510168572545,0.010028560970753114,0.018416038922986447,0.03954322536756323,0.022207037559805298,0.012896113187460123,0.014042593190569422,0.010212461385742173,0.017877246806217717,0.008274225369081546,423,0.320378485326939,0.7003886054920261,0.5774085610815112,0.7459886425144262,0.691237661697377,0.33804165049799495,0.6062894191761906,0.7216195171366238,0.59198780024187,0.5174055447501598,0.5810745887915119,0.1432378439704817,411,0.10313854116514204,0.08854417428984111,0.09027443428021185,0.06484713529128551,0.09627768415984593,0.14877226769378912,0.07438613384689455,0.07791686727652064,0.09043492216337663,0.08056491734874018,0.09151570775156476,0.02181078295857305,257
1006,0.005899262428283691,0.00029948813038154447,0.0022017955780029297,0.00040163116633448444,DecisionTreeRegressor(),,,,,,,,,,5,,42,absolute_error,5,15,best,,"{'estimator': DecisionTreeRegressor(), 'estimator__criterion': 'absolute_error', 'estimator__max_depth': 5, 'estimator__min_samples_leaf': 5, 'estimator__min_samples_split': 15, 'estimator__random_state': 42, 'estimator__splitter': 'best'}",0.012703037068992094,0.008358552754345286,0.021945717146712427,0.009090013274441932,0.022130550827331643,0.03290532829817088,0.0287263265884379,0.01740891733112282,0.010669508005347328,0.013569996168226227,0.017750794746312852,0.008020882778098313,399,0.605168429910698,0.821110662693243,0.40403777739663516,0.7697609240112657,0.6289603508144694,0.449160845944897,0.49070835334924856,0.6242043829547804,0.6899939083528905,0.3587437287458952,0.5841849364174023,0.14698999963577572,404,0.07823784304285025,0.06943608570052962,0.11532558979297064,0.0625150457390467,0.10101709195955705,0.129593965655593,0.10961322420157277,0.10255175734232067,0.0709356443588509,0.08345369924570695,0.09226799470389986,0.021317083370013524,291
1007,0.0026991844177246095,0.0004587610227923102,0.002101230621337891,0.00029985179306207577,DecisionTreeRegressor(),,,,,,,,,,5,,42,absolute_error,5,15,random,,"{'estimator': DecisionTreeRegressor(), 'estimator__criterion': 'absolute_error', 'estimator__max_depth': 5, 'estimator__min_samples_leaf': 5, 'estimator__min_samples_split': 15, 'estimator__random_state': 42, 'estimator__splitter': 'random'}",0.023634559701840245,0.01819958528524693,0.011120318768575005,0.022182504626293113,0.017859610983398194,0.021406916216439042,0.024156053565091117,0.012896113187460123,0.011145871895434529,0.008441067682538743,0.017104260191231704,0.00550012418461127,346,0.26539848189332726,0.6104933657033973,0.698014430557323,0.43814390429621186,0.7005667032161662,0.6416456473936101,0.5717351378404,0.7216195171366238,0.6761529976291969,0.6011135507773798,0.5924883736443637,0.1343677847622907,393,0.09523952816562349,0.09283220991815119,0.08282679345209437,0.11374578719306694,0.09545016851227732,0.10455785588188093,0.09356443588509067,0.07791686727652064,0.07751564756860854,0.07302198683999357,0.09066712806933078,0.012209813930530635,220
1008,0.003103804588317871,0.00029883274853798,0.0021963119506835938,0.0003989078281887461,DecisionTreeRegressor(),,,,,,,,,,3,,42,poisson,1,5,best,,"{'estimator': DecisionTreeRegressor(), 'estimator__criterion': 'poisson', 'estimator__max_depth': 3, 'estimator__min_samples_leaf': 1, 'estimator__min_samples_split': 5, 'estimator__random_state': 42, 'estimator__splitter': 'best'}",0.009107983702727184,0.019098211296208503,0.021501490887838516,0.014955094653309303,0.01210382102994121,0.047409707191297036,0.02479309273200666,0.015688397066847656,0.011469078158577851,0.008305690301828239,0.018443256702058215,0.01089797754165715,463,0.71690868206048,0.5912610157605247,0.4161012732854872,0.6212054844866672,0.7970679743222944,0.20635579847091623,0.5604410127353118,0.6613441982605947,0.6667621325225104,0.6075108697810382,0.5844958441685825,0.15787393676733566,403,0.062179420124084235,0.10594675817069543,0.11042737731656906,0.0863662603279487,0.08109852925937208,0.17063874177499597,0.08615332901990147,0.10064806535677985,0.07413448531888589,0.07583367723594009,0.09534266439051726,0.02887169068058164,446
1009,0.0020012855529785156,0.00045242040946558604,0.0018343210220336914,0.0003434915268502946,DecisionTreeRegressor(),,,,,,,,,,3,,42,poisson,1,5,random,,"{'estimator': DecisionTreeRegressor(), 'estimator__criterion': 'poisson', 'estimator__max_depth': 3, 'estimator__min_samples_leaf': 1, 'estimator__min_samples_split': 5, 'estimator__random_state': 42, 'estimator__splitter': 'random'}",0.022478100002116433,0.01196830777776604,0.0199394151414239,0.012764355993648753,0.018768832458416235,0.0428630836509744,0.037622748619216405,0.019088301056413307,0.009879739915172847,0.01354126616131947,0.02089141507764678,0.01046338761715609,528,0.30134317736316296,0.7438548622026881,0.45852131030157184,0.6766942532601111,0.6853227438698855,0.28246682347161667,0.3329828811623925,0.5879525568763729,0.7129408819921518,0.36010137814194076,0.5142180868641895,0.17665235465365442,509,0.10611534476897681,0.08134948008628501,0.10138980253982803,0.09013749035302306,0.11279372626116728,0.1667356382450268,0.11405509259304472,0.10283461491935247,0.07363264524656206,0.09250511453809479,0.10415489495513611,0.024261336895124243,544
1010,0.0030690908432006838,0.00032279572429367974,0.0021045923233032225,0.00029954345252839165,DecisionTreeRegressor(),,,,,,,,,,3,,42,poisson,1,10,best,,"{'estimator': DecisionTreeRegressor(), 'estimator__criterion': 'poisson', 'estimator__max_depth': 3, 'estimator__min_samples_leaf': 1, 'estimator__min_samples_split': 10, 'estimator__random_state': 42, 'estimator__splitter': 'best'}",0.008873600820878383,0.019098211296208503,0.018370488841066745,0.014955094653309303,0.0121038210299412,0.04508176146187206,0.02479309273200666,0.015688397066847656,0.011469078158577851,0.008305690301828239,0.017873923636253657,0.010247223604558611,421,0.7241936927819168,0.5912610157605247,0.5011273823114717,0.6212054844866672,0.7970679743222946,0.24532589002152771,0.5604410127353118,0.6613441982605947,0.6667621325225104,0.6075108697810382,0.5976239652983858,0.14147105191316994,367,0.06057454129243602,0.10594675817069543,0.10401144430879686,0.0863662603279487,0.08109852925937205,0.1615444283956561,0.08615332901990147,0.10064806535677985,0.07413448531888589,0.07583367723594009,0.09363115186864124,0.02641258707326406,354
1011,0.0021036624908447265,0.0002971912826525792,0.0021018743515014648,0.00029989199189338713,DecisionTreeRegressor(),,,,,,,,,,3,,42,poisson,1,10,random,,"{'estimator': DecisionTreeRegressor(), 'estimator__criterion': 'poisson', 'estimator__max_depth': 3, 'estimator__min_samples_leaf': 1, 'estimator__min_samples_split': 10, 'estimator__random_state': 42, 'estimator__splitter': 'random'}",0.022478100002116433,0.01196830777776604,0.0199394151414239,0.012764355993648753,0.018768832458416235,0.0428630836509744,0.037622748619216405,0.019088301056413307,0.009879739915172847,0.01354126616131947,0.02089141507764678,0.01046338761715609,528,0.30134317736316296,0.7438548622026881,0.45852131030157184,0.6766942532601111,0.6853227438698855,0.28246682347161667,0.3329828811623925,0.5879525568763729,0.7129408819921518,0.36010137814194076,0.5142180868641895,0.17665235465365442,509,0.10611534476897681,0.08134948008628501,0.10138980253982803,0.09013749035302306,0.11279372626116728,0.1667356382450268,0.11405509259304472,0.10283461491935247,0.07363264524656206,0.09250511453809479,0.10415489495513611,0.024261336895124243,544
1012,0.003198528289794922,0.00039788122536494247,0.002004408836364746,3.1763404121102655e-06,DecisionTreeRegressor(),,,,,,,,,,3,,42,poisson,1,15,best,,"{'estimator': DecisionTreeRegressor(), 'estimator__criterion': 'poisson', 'estimator__max_depth': 3, 'estimator__min_samples_leaf': 1, 'estimator__min_samples_split': 15, 'estimator__random_state': 42, 'estimator__splitter': 'best'}",0.008873600820878383,0.019098211296208503,0.018370488841066745,0.014955094653309303,0.0121038210299412,0.04508176146187206,0.02479309273200666,0.015688397066847656,0.011469078158577851,0.008305690301828239,0.017873923636253657,0.010247223604558611,421,0.7241936927819168,0.5912610157605247,0.5011273823114717,0.6212054844866672,0.7970679743222946,0.24532589002152771,0.5604410127353118,0.6613441982605947,0.6667621325225104,0.6075108697810382,0.5976239652983858,0.14147105191316994,367,0.06057454129243602,0.10594675817069543,0.10401144430879686,0.0863662603279487,0.08109852925937205,0.1615444283956561,0.08615332901990147,0.10064806535677985,0.07413448531888589,0.07583367723594009,0.09363115186864124,0.02641258707326406,354
1013,0.002081441879272461,0.00031589540072257774,0.0018982648849487304,0.00029942359837207405,DecisionTreeRegressor(),,,,,,,,,,3,,42,poisson,1,15,random,,"{'estimator': DecisionTreeRegressor(), 'estimator__criterion': 'poisson', 'estimator__max_depth': 3, 'estimator__min_samples_leaf': 1, 'estimator__min_samples_split': 15, 'estimator__random_state': 42, 'estimator__splitter': 'random'}",0.022478100002116433,0.01196830777776604,0.0199394151414239,0.012764355993648753,0.018768832458416235,0.0428630836509744,0.037622748619216405,0.019088301056413307,0.009879739915172847,0.01354126616131947,0.02089141507764678,0.01046338761715609,528,0.30134317736316296,0.7438548622026881,0.45852131030157184,0.6766942532601111,0.6853227438698855,0.28246682347161667,0.3329828811623925,0.5879525568763729,0.7129408819921518,0.36010137814194076,0.5142180868641895,0.17665235465365442,509,0.10611534476897681,0.08134948008628501,0.10138980253982803,0.09013749035302306,0.11279372626116728,0.1667356382450268,0.11405509259304472,0.10283461491935247,0.07363264524656206,0.09250511453809479,0.10415489495513611,0.024261336895124243,544
1014,0.0030010461807250975,7.305146819928753e-06,0.002000904083251953,3.570233640162446e-06,DecisionTreeRegressor(),,,,,,,,,,3,,42,poisson,3,5,best,,"{'estimator': DecisionTreeRegressor(), 'estimator__criterion': 'poisson', 'estimator__max_depth': 3, 'estimator__min_samples_leaf': 3, 'estimator__min_samples_split': 5, 'estimator__random_state': 42, 'estimator__splitter': 'best'}",0.008891685985093508,0.01909408266425255,0.019981985447627592,0.014955094653309303,0.01210382102994121,0.04508176146187206,0.024915438073259674,0.014648631947347758,0.011469078158577851,0.008305690301828239,0.017944726972310972,0.01030146507733893,427,0.723631575727263,0.5913493765397516,0.4573652626713006,0.6212054844866672,0.7970679743222944,0.24532589002152771,0.5582719410959232,0.6837889699389583,0.6667621325225104,0.6075108697810382,0.5952279477107234,0.14622966337831428,381,0.060897717295873566,0.10586705061909685,0.10951818479988977,0.0863662603279487,0.08109852925937208,0.1615444283956561,0.08750601260657638,0.10064806535677986,0.07413448531888589,0.07583367723594009,0.09434144112160192,0.026597425791274998,398
1015,0.002000164985656738,0.0004473570495319179,0.0021208524703979492,0.0003016983641052371,DecisionTreeRegressor(),,,,,,,,,,3,,42,poisson,3,5,random,,"{'estimator': DecisionTreeRegressor(), 'estimator__criterion': 'poisson', 'estimator__max_depth': 3, 'estimator__min_samples_leaf': 3, 'estimator__min_samples_split': 5, 'estimator__random_state': 42, 'estimator__splitter': 'random'}",0.01965733114327388,0.01196830777776604,0.014734516310682844,0.012764355993648753,0.018841821155160095,0.0428630836509744,0.037622748619216405,0.019088301056413307,0.009879739915172847,0.01354126616131947,0.020096147178362805,0.01060284049148852,514,0.3890173761667237,0.7438548622026881,0.5998665693722591,0.6766942532601111,0.6840990192258108,0.28246682347161667,0.3329828811623925,0.5879525568763729,0.7129408819921518,0.36010137814194076,0.5369976601872068,0.16764462546427905,490,0.09740314539717225,0.08134948008628501,0.08388601828026102,0.09013749035302306,0.11458918445407372,0.1667356382450268,0.11405509259304472,0.10283461491935247,0.07363264524656206,0.09250511453809479,0.1017128424112896,0.025111068970373702,533
1016,0.0032008886337280273,0.000402045317804059,0.0021008968353271483,0.0005361699771948098,DecisionTreeRegressor(),,,,,,,,,,3,,42,poisson,3,10,best,,"{'estimator': DecisionTreeRegressor(), 'estimator__criterion': 'poisson', 'estimator__max_depth': 3, 'estimator__min_samples_leaf': 3, 'estimator__min_samples_split': 10, 'estimator__random_state': 42, 'estimator__splitter': 'best'}",0.008891685985093508,0.01909408266425255,0.018370488841066745,0.014955094653309303,0.0121038210299412,0.04508176146187206,0.024915438073259674,0.014648631947347758,0.011469078158577851,0.008305690301828239,0.017783577311654884,0.010280919153162702,409,0.723631575727263,0.5913493765397516,0.5011273823114717,0.6212054844866672,0.7970679743222946,0.24532589002152771,0.5582719410959232,0.6837889699389583,0.6667621325225104,0.6075108697810382,0.5996041596747406,0.14264937037645517,363,0.060897717295873566,0.10586705061909685,0.10401144430879686,0.0863662603279487,0.08109852925937205,0.1615444283956561,0.08750601260657638,0.10064806535677986,0.07413448531888589,0.07583367723594009,0.09379076707249263,0.026333198782343345,359
1017,0.002103376388549805,0.0003032535085964649,0.0021001577377319338,0.00029404081393824896,DecisionTreeRegressor(),,,,,,,,,,3,,42,poisson,3,10,random,,"{'estimator': DecisionTreeRegressor(), 'estimator__criterion': 'poisson', 'estimator__max_depth': 3, 'estimator__min_samples_leaf': 3, 'estimator__min_samples_split': 10, 'estimator__random_state': 42, 'estimator__splitter': 'random'}",0.01965733114327388,0.01196830777776604,0.014734516310682844,0.012764355993648753,0.018841821155160095,0.0428630836509744,0.037622748619216405,0.019088301056413307,0.009879739915172847,0.01354126616131947,0.020096147178362805,0.01060284049148852,514,0.3890173761667237,0.7438548622026881,0.5998665693722591,0.6766942532601111,0.6840990192258108,0.28246682347161667,0.3329828811623925,0.5879525568763729,0.7129408819921518,0.36010137814194076,0.5369976601872068,0.16764462546427905,490,0.09740314539717225,0.08134948008628501,0.08388601828026102,0.09013749035302306,0.11458918445407372,0.1667356382450268,0.11405509259304472,0.10283461491935247,0.07363264524656206,0.09250511453809479,0.1017128424112896,0.025111068970373702,533
1018,0.003300595283508301,0.00045951791556664295,0.0022997140884399416,0.0004510325153040254,DecisionTreeRegressor(),,,,,,,,,,3,,42,poisson,3,15,best,,"{'estimator': DecisionTreeRegressor(), 'estimator__criterion': 'poisson', 'estimator__max_depth': 3, 'estimator__min_samples_leaf': 3, 'estimator__min_samples_split': 15, 'estimator__random_state': 42, 'estimator__splitter': 'best'}",0.008891685985093508,0.01909408266425255,0.018370488841066745,0.014955094653309303,0.0121038210299412,0.04508176146187206,0.024915438073259674,0.014648631947347758,0.011469078158577851,0.008305690301828239,0.017783577311654884,0.010280919153162702,409,0.723631575727263,0.5913493765397516,0.5011273823114717,0.6212054844866672,0.7970679743222946,0.24532589002152771,0.5582719410959232,0.6837889699389583,0.6667621325225104,0.6075108697810382,0.5996041596747406,0.14264937037645517,363,0.060897717295873566,0.10586705061909685,0.10401144430879686,0.0863662603279487,0.08109852925937205,0.1615444283956561,0.08750601260657638,0.10064806535677986,0.07413448531888589,0.07583367723594009,0.09379076707249263,0.026333198782343345,359
1019,0.002197575569152832,0.0003984857841650977,0.002102208137512207,0.00030113031150340574,DecisionTreeRegressor(),,,,,,,,,,3,,42,poisson,3,15,random,,"{'estimator': DecisionTreeRegressor(), 'estimator__criterion': 'poisson', 'estimator__max_depth': 3, 'estimator__min_samples_leaf': 3, 'estimator__min_samples_split': 15, 'estimator__random_state': 42, 'estimator__splitter': 'random'}",0.01965733114327388,0.01196830777776604,0.014734516310682844,0.012764355993648753,0.018841821155160095,0.0428630836509744,0.037622748619216405,0.019088301056413307,0.009879739915172847,0.01354126616131947,0.020096147178362805,0.01060284049148852,514,0.3890173761667237,0.7438548622026881,0.5998665693722591,0.6766942532601111,0.6840990192258108,0.28246682347161667,0.3329828811623925,0.5879525568763729,0.7129408819921518,0.36010137814194076,0.5369976601872068,0.16764462546427905,490,0.09740314539717225,0.08134948008628501,0.08388601828026102,0.09013749035302306,0.11458918445407372,0.1667356382450268,0.11405509259304472,0.10283461491935247,0.07363264524656206,0.09250511453809479,0.1017128424112896,0.025111068970373702,533
1020,0.003100275993347168,0.0003002282821493838,0.0021007537841796877,0.0002993808873369058,DecisionTreeRegressor(),,,,,,,,,,3,,42,poisson,5,5,best,,"{'estimator': DecisionTreeRegressor(), 'estimator__criterion': 'poisson', 'estimator__max_depth': 3, 'estimator__min_samples_leaf': 5, 'estimator__min_samples_split': 5, 'estimator__random_state': 42, 'estimator__splitter': 'best'}",0.008902625451953843,0.019092503019880275,0.01837135092565412,0.014955094653309303,0.0121038210299412,0.027877350067336003,0.026642824609790446,0.014136429074340878,0.008829848980290746,0.008099309296261605,0.01590111571087584,0.006733349081052339,238,0.7232915588594111,0.5913831840113608,0.501103971372411,0.6212054844866672,0.7970679743222946,0.5333298063692946,0.5276469486910056,0.6948455790923513,0.7434458111056039,0.6172634970070656,0.6350583815317465,0.09570806239817266,242,0.06111036374106696,0.10583295870989817,0.10401144430879686,0.0863662603279487,0.08109852925937205,0.12036073534512659,0.09819565196737608,0.0957640925382861,0.06691108381377835,0.0748042319327447,0.08944553519443946,0.017768391350685187,181
1021,0.0021973371505737303,0.0003980492973169939,0.002202272415161133,0.00039915169533368867,DecisionTreeRegressor(),,,,,,,,,,3,,42,poisson,5,5,random,,"{'estimator': DecisionTreeRegressor(), 'estimator__criterion': 'poisson', 'estimator__max_depth': 3, 'estimator__min_samples_leaf': 5, 'estimator__min_samples_split': 5, 'estimator__random_state': 42, 'estimator__splitter': 'random'}",0.02225546325872542,0.012550040098024691,0.020635080597147422,0.012000389361287826,0.018881152325190942,0.0428630836509744,0.038636160579612125,0.018228273410203163,0.009794485674207813,0.012507956548428144,0.020835208550380197,0.01073644042364712,525,0.3082630985186491,0.7314046555318154,0.4396296819984393,0.6960446069076203,0.6834395949013029,0.28246682347161667,0.3150160087028544,0.6065174459982081,0.7154179722220542,0.40893088857063276,0.5187130776823193,0.1761027317903609,503,0.10611534476897681,0.07955861920253172,0.10947981707651447,0.08567033878368083,0.11502551088642807,0.1667356382450268,0.11715021605408055,0.1005662587992872,0.07581084592398986,0.08582015734760076,0.10419327470881172,0.025168756716914,547
1022,0.0031943559646606446,0.00039933383178298204,0.002002453804016113,8.27861955197167e-06,DecisionTreeRegressor(),,,,,,,,,,3,,42,poisson,5,10,best,,"{'estimator': DecisionTreeRegressor(), 'estimator__criterion': 'poisson', 'estimator__max_depth': 3, 'estimator__min_samples_leaf': 5, 'estimator__min_samples_split': 10, 'estimator__random_state': 42, 'estimator__splitter': 'best'}",0.008902625451953843,0.019092503019880275,0.01837135092565412,0.014955094653309303,0.0121038210299412,0.027877350067336003,0.026642824609790446,0.014136429074340878,0.008829848980290746,0.008099309296261605,0.01590111571087584,0.006733349081052339,238,0.7232915588594111,0.5913831840113608,0.501103971372411,0.6212054844866672,0.7970679743222946,0.5333298063692946,0.5276469486910056,0.6948455790923513,0.7434458111056039,0.6172634970070656,0.6350583815317465,0.09570806239817266,242,0.06111036374106696,0.10583295870989817,0.10401144430879686,0.0863662603279487,0.08109852925937205,0.12036073534512659,0.09819565196737608,0.0957640925382861,0.06691108381377835,0.0748042319327447,0.08944553519443946,0.017768391350685187,181
1023,0.002198600769042969,0.00039753338204601764,0.002002906799316406,0.0006302851594520187,DecisionTreeRegressor(),,,,,,,,,,3,,42,poisson,5,10,random,,"{'estimator': DecisionTreeRegressor(), 'estimator__criterion': 'poisson', 'estimator__max_depth': 3, 'estimator__min_samples_leaf': 5, 'estimator__min_samples_split': 10, 'estimator__random_state': 42, 'estimator__splitter': 'random'}",0.02225546325872542,0.012550040098024691,0.020635080597147422,0.012000389361287826,0.018881152325190942,0.0428630836509744,0.038636160579612125,0.018228273410203163,0.009794485674207813,0.012507956548428144,0.020835208550380197,0.01073644042364712,525,0.3082630985186491,0.7314046555318154,0.4396296819984393,0.6960446069076203,0.6834395949013029,0.28246682347161667,0.3150160087028544,0.6065174459982081,0.7154179722220542,0.40893088857063276,0.5187130776823193,0.1761027317903609,503,0.10611534476897681,0.07955861920253172,0.10947981707651447,0.08567033878368083,0.11502551088642807,0.1667356382450268,0.11715021605408055,0.1005662587992872,0.07581084592398986,0.08582015734760076,0.10419327470881172,0.025168756716914,547
1024,0.003300762176513672,0.00045562836202361093,0.0020018100738525392,8.147359744659443e-06,DecisionTreeRegressor(),,,,,,,,,,3,,42,poisson,5,15,best,,"{'estimator': DecisionTreeRegressor(), 'estimator__criterion': 'poisson', 'estimator__max_depth': 3, 'estimator__min_samples_leaf': 5, 'estimator__min_samples_split': 15, 'estimator__random_state': 42, 'estimator__splitter': 'best'}",0.008902625451953843,0.019092503019880275,0.01837135092565412,0.014955094653309303,0.0121038210299412,0.027877350067336003,0.026642824609790446,0.014136429074340878,0.008829848980290746,0.008099309296261605,0.01590111571087584,0.006733349081052339,238,0.7232915588594111,0.5913831840113608,0.501103971372411,0.6212054844866672,0.7970679743222946,0.5333298063692946,0.5276469486910056,0.6948455790923513,0.7434458111056039,0.6172634970070656,0.6350583815317465,0.09570806239817266,242,0.06111036374106696,0.10583295870989817,0.10401144430879686,0.0863662603279487,0.08109852925937205,0.12036073534512659,0.09819565196737608,0.0957640925382861,0.06691108381377835,0.0748042319327447,0.08944553519443946,0.017768391350685187,181
1025,0.0020064115524291992,1.756102953059981e-05,0.0020978450775146484,0.000297255308723356,DecisionTreeRegressor(),,,,,,,,,,3,,42,poisson,5,15,random,,"{'estimator': DecisionTreeRegressor(), 'estimator__criterion': 'poisson', 'estimator__max_depth': 3, 'estimator__min_samples_leaf': 5, 'estimator__min_samples_split': 15, 'estimator__random_state': 42, 'estimator__splitter': 'random'}",0.02225546325872542,0.012550040098024691,0.020635080597147422,0.012000389361287826,0.018881152325190942,0.0428630836509744,0.038636160579612125,0.018228273410203163,0.009794485674207813,0.012507956548428144,0.020835208550380197,0.01073644042364712,525,0.3082630985186491,0.7314046555318154,0.4396296819984393,0.6960446069076203,0.6834395949013029,0.28246682347161667,0.3150160087028544,0.6065174459982081,0.7154179722220542,0.40893088857063276,0.5187130776823193,0.1761027317903609,503,0.10611534476897681,0.07955861920253172,0.10947981707651447,0.08567033878368083,0.11502551088642807,0.1667356382450268,0.11715021605408055,0.1005662587992872,0.07581084592398986,0.08582015734760076,0.10419327470881172,0.025168756716914,547
1026,0.00369877815246582,0.0004557554056476617,0.002200484275817871,0.0003968467365755635,DecisionTreeRegressor(),,,,,,,,,,4,,42,poisson,1,5,best,,"{'estimator': DecisionTreeRegressor(), 'estimator__criterion': 'poisson', 'estimator__max_depth': 4, 'estimator__min_samples_leaf': 1, 'estimator__min_samples_split': 5, 'estimator__random_state': 42, 'estimator__splitter': 'best'}",0.0159009947040652,0.01973163954370983,0.017244905141386623,0.014707747869409829,0.022983452080308123,0.04261076068555073,0.027678842633230432,0.018622917898147018,0.009713198806142782,0.008108755457590829,0.019730321481954142,0.009380690363606309,510,0.5057705751081558,0.5777044153827875,0.5316939552287743,0.6274704802852896,0.6146606533436112,0.28669074026597896,0.5092792912916785,0.5979984975742747,0.7177797891173079,0.6168171144055861,0.5585865512003444,0.10881758005347181,474,0.08768728742881199,0.107276800043561,0.09203880437555811,0.08307758791855445,0.10302634287754936,0.1516836824973561,0.08901406090570625,0.10419768862588721,0.06973830419412357,0.07510618878317186,0.09628467476502799,0.02184127346418534,472
1027,0.0023024320602416993,0.00064357838298315,0.0021014690399169924,0.0002976721183129507,DecisionTreeRegressor(),,,,,,,,,,4,,42,poisson,1,5,random,,"{'estimator': DecisionTreeRegressor(), 'estimator__criterion': 'poisson', 'estimator__max_depth': 4, 'estimator__min_samples_leaf': 1, 'estimator__min_samples_split': 5, 'estimator__random_state': 42, 'estimator__splitter': 'random'}",0.061202650588641924,0.011489263348107424,0.012027410903378456,0.01934353492525064,0.012990530620244752,0.03278433429839485,0.03130698494815876,0.01902841697453263,0.011314209137628034,0.015637411437823785,0.02271247471821613,0.014820080548754458,545,0.902280414856552,0.7541073476604815,0.6733812576630629,0.5100515837454658,0.7822014480490602,0.45118630005611093,0.4449556274857801,0.5892452378095694,0.6712619032596245,0.2610470904800628,0.4235157381352666,0.46712618640111747,550,0.14997549693926682,0.07400514046216985,0.08696141019831508,0.10821621396718221,0.07980790293659716,0.12269300889543633,0.10604596346097879,0.10587646260177712,0.08255634309638483,0.10159199116830316,0.10177299337264112,0.02163320245172642,536
1028,0.0034810543060302735,0.00048130761742959654,0.002199530601501465,0.00039205416960661757,DecisionTreeRegressor(),,,,,,,,,,4,,42,poisson,1,10,best,,"{'estimator': DecisionTreeRegressor(), 'estimator__criterion': 'poisson', 'estimator__max_depth': 4, 'estimator__min_samples_leaf': 1, 'estimator__min_samples_split': 10, 'estimator__random_state': 42, 'estimator__splitter': 'best'}",0.01290472507504617,0.01973163954370983,0.014172758481243525,0.014707747869409829,0.023339750683043583,0.04285067045312079,0.027678842633230432,0.018622917898147018,0.009448189508929727,0.007563918681831985,0.01910211608277129,0.009820807206708528,486,0.5988996304365239,0.5777044153827875,0.6151217757689957,0.6274704802852896,0.6086869697423432,0.2826746218969307,0.5092792912916785,0.5979984975742747,0.7254797220887245,0.6425636212530447,0.5785879025720593,0.11111199515586617,419,0.07745618487705466,0.107276800043561,0.08711884770728656,0.08307758791855446,0.10752501885251323,0.153957260842191,0.08901406090570625,0.10419768862588721,0.06833976692654439,0.07510618878317186,0.09530694054824707,0.023498116973723504,445
1029,0.0020991086959838865,0.0003027173583945861,0.0021001577377319338,0.00030004907705703923,DecisionTreeRegressor(),,,,,,,,,,4,,42,poisson,1,10,random,,"{'estimator': DecisionTreeRegressor(), 'estimator__criterion': 'poisson', 'estimator__max_depth': 4, 'estimator__min_samples_leaf': 1, 'estimator__min_samples_split': 10, 'estimator__random_state': 42, 'estimator__splitter': 'random'}",0.007683634693377988,0.01647088610722925,0.01366946590108425,0.020048844409410807,0.012990530620244752,0.03278433429839485,0.027614908585100642,0.01902841697453263,0.01431664978204134,0.011476048852964391,0.01760837202243809,0.00723524420312324,388,0.761179823887598,0.6474909009761816,0.628789288326745,0.49218694493622284,0.7822014480490602,0.45118630005611093,0.5104127838233052,0.5892452378095694,0.5840249951369151,0.4576941507608532,0.5904411873762563,0.11124911908102049,395,0.06218237990017293,0.09751430061673202,0.09861524488991989,0.11518861351112425,0.07980790293659716,0.12269300889543633,0.09866236404512763,0.10587646260177712,0.0846810335164933,0.08989531996980521,0.09551166308831857,0.016623181849621655,455
1030,0.003403973579406738,0.0004942012063865141,0.0023078203201293947,0.00044830192346888563,DecisionTreeRegressor(),,,,,,,,,,4,,42,poisson,1,15,best,,"{'estimator': DecisionTreeRegressor(), 'estimator__criterion': 'poisson', 'estimator__max_depth': 4, 'estimator__min_samples_leaf': 1, 'estimator__min_samples_split': 15, 'estimator__random_state': 42, 'estimator__splitter': 'best'}",0.01290472507504617,0.020138090897393685,0.014172758481243525,0.014726483886241391,0.023339750683043583,0.04285067045312079,0.027549326721174487,0.01823599446846572,0.011741865054279802,0.008247840237011087,0.01939075059570202,0.009529627689616836,500,0.5988996304365239,0.5690055633871307,0.6151217757689957,0.6269959195698354,0.6086869697423432,0.2826746218969307,0.5115754906304757,0.6063507762508119,0.6588362188490096,0.610244600608709,0.5688391567140766,0.10217928845168436,442,0.07745618487705466,0.10797105343100168,0.08711884770728656,0.08312648657045625,0.10752501885251323,0.153957260842191,0.08759718216576541,0.10227871208004499,0.077376469270902,0.07753070216098323,0.09619379179581991,0.022408160204112175,471
1031,0.0019772529602050783,6.127717419453892e-05,0.0021010875701904298,0.00029805425863799797,DecisionTreeRegressor(),,,,,,,,,,4,,42,poisson,1,15,random,,"{'estimator': DecisionTreeRegressor(), 'estimator__criterion': 'poisson', 'estimator__max_depth': 4, 'estimator__min_samples_leaf': 1, 'estimator__min_samples_split': 15, 'estimator__random_state': 42, 'estimator__splitter': 'random'}",0.013035309308538877,0.01647088610722925,0.01366946590108425,0.020048844409410807,0.010392912156393276,0.0326334383000519,0.02867714915589441,0.02500299136486219,0.009630259000066355,0.01038065065248466,0.0179941906356016,0.007830025845732714,433,0.5948408547548651,0.6474909009761816,0.628789288326745,0.49218694493622284,0.8257529823540705,0.4537123172203934,0.4915802245062175,0.4602757661938607,0.7201896326743713,0.5094576853168034,0.5824276597259731,0.11744457073397806,409,0.07508508644284935,0.09751430061673202,0.09861524488991989,0.11518861351112425,0.07530673150684301,0.14243110337477213,0.10231235936912224,0.11095260025259397,0.07316332237191646,0.08498517745027133,0.09755545397861447,0.020690335319943697,498
1032,0.0034948348999023437,0.0004939831956065975,0.002106475830078125,0.0005372872133538783,DecisionTreeRegressor(),,,,,,,,,,4,,42,poisson,3,5,best,,"{'estimator': DecisionTreeRegressor(), 'estimator__criterion': 'poisson', 'estimator__max_depth': 4, 'estimator__min_samples_leaf': 3, 'estimator__min_samples_split': 5, 'estimator__random_state': 42, 'estimator__splitter': 'best'}",0.014885146786008024,0.01785095148979362,0.015557362247605667,0.015192876218379812,0.023339750683043586,0.042169065846843996,0.027578949164113686,0.019658447667926727,0.010934606996265877,0.008025522598270479,0.019519267969825147,0.009257767399505151,505,0.5373448219815681,0.6179548091451414,0.5775212028412713,0.6151827641477523,0.6086869697423432,0.2940847649995735,0.5110503116558555,0.5756451517916876,0.6822913693011307,0.620750320601956,0.5640512486208279,0.10071145778837388,457,0.08141249778257315,0.10613937552425384,0.09130217399355578,0.08353188565032571,0.10752501885251325,0.15395726084219102,0.08798693845345142,0.11307035040658944,0.07212120401576345,0.07505101760821754,0.09720977231294346,0.023097668787646266,492
1033,0.002102208137512207,0.00030248216997464305,0.0018973827362060546,0.0005386701691924094,DecisionTreeRegressor(),,,,,,,,,,4,,42,poisson,3,5,random,,"{'estimator': DecisionTreeRegressor(), 'estimator__criterion': 'poisson', 'estimator__max_depth': 4, 'estimator__min_samples_leaf': 3, 'estimator__min_samples_split': 5, 'estimator__random_state': 42, 'estimator__splitter': 'random'}",0.022297924985973733,0.01600620581929041,0.014219645911000963,0.013565683549114674,0.013056188815283813,0.024620490577766444,0.02776737616105085,0.019139668723275976,0.017618349996331335,0.01179808542319205,0.018008961996228024,0.00509885142169439,434,0.30694331724531254,0.6574359657753095,0.6138484914801481,0.6563975924781595,0.7811006262103484,0.5878500260083297,0.5077096723559386,0.5868437145688552,0.48809300101783426,0.4424761678173368,0.5628698574957572,0.12559446207256014,460,0.09878650144056982,0.08938960153151297,0.09886600720736494,0.08869559867225121,0.08135259881205856,0.10071040357004427,0.09398036768618706,0.10587646260177712,0.08762368518169632,0.09275814059155416,0.09380393672950163,0.006955812600261713,361
1034,0.003602766990661621,0.0004904024265644678,0.0020985841751098634,0.00029862759249239785,DecisionTreeRegressor(),,,,,,,,,,4,,42,poisson,3,10,best,,"{'estimator': DecisionTreeRegressor(), 'estimator__criterion': 'poisson', 'estimator__max_depth': 4, 'estimator__min_samples_leaf': 3, 'estimator__min_samples_split': 10, 'estimator__random_state': 42, 'estimator__splitter': 'best'}",0.012891604472261089,0.01785095148979362,0.013945865641044818,0.015192876218379812,0.023339750683043583,0.04216906584684401,0.027578949164113686,0.019658447667926727,0.011220888944809767,0.007480685822511642,0.019132908595072877,0.009494075864924918,489,0.5993074406452177,0.6179548091451414,0.6212833224814425,0.6151827641477523,0.6086869697423432,0.29408476499957326,0.5110503116558555,0.5756451517916876,0.6739733523941907,0.6464968274494144,0.5763665714452618,0.10257669007339407,425,0.0764975563606505,0.10613937552425384,0.08579543350246287,0.08353188565032571,0.10752501885251323,0.153957260842191,0.08798693845345142,0.11307035040658944,0.07420754649690614,0.07505101760821759,0.09637623836975617,0.0234575591203072,473
1035,0.002301454544067383,0.000461174789948664,0.0021990537643432617,0.0005970729500289828,DecisionTreeRegressor(),,,,,,,,,,4,,42,poisson,3,10,random,,"{'estimator': DecisionTreeRegressor(), 'estimator__criterion': 'poisson', 'estimator__max_depth': 4, 'estimator__min_samples_leaf': 3, 'estimator__min_samples_split': 10, 'estimator__random_state': 42, 'estimator__splitter': 'random'}",0.01394867859629674,0.013916417075825624,0.014219645911000963,0.0175011690376788,0.013056188815283813,0.03278433429839485,0.027309325334197918,0.019139668723275976,0.01431664978204134,0.011692755090845003,0.0177884832664841,0.006568941851790834,417,0.5664518145593462,0.7021615222701454,0.6138484914801481,0.5567164902511987,0.7811006262103484,0.45118630005611093,0.5158304969639678,0.5868437145688552,0.5840249951369151,0.44745360003864987,0.5805618051535686,0.09776268113982872,414,0.08049900268244031,0.08878177781157545,0.09886600720736494,0.10802221226672588,0.08135259881205856,0.12269300889543633,0.09741551584883314,0.10587646260177712,0.0846810335164933,0.09279747585703574,0.09609850954997408,0.012688658874841528,468
1036,0.00359954833984375,0.0004892336253284661,0.0024010181427001954,0.0006655070793272351,DecisionTreeRegressor(),,,,,,,,,,4,,42,poisson,3,15,best,,"{'estimator': DecisionTreeRegressor(), 'estimator__criterion': 'poisson', 'estimator__max_depth': 4, 'estimator__min_samples_leaf': 3, 'estimator__min_samples_split': 15, 'estimator__random_state': 42, 'estimator__splitter': 'best'}",0.012891604472261089,0.022391570375751027,0.013945865641044818,0.015194368175692197,0.023339750683043583,0.04216906584684401,0.027671672062427495,0.019271524238245425,0.011168626273432165,0.008164607377690753,0.019620865514643256,0.009458511675026773,508,0.5993074406452177,0.520776705788768,0.6212833224814425,0.615144974667952,0.6086869697423432,0.29408476499957326,0.5094064189910872,0.5839974304682249,0.6754918616342314,0.6141778068050783,0.5642357696223919,0.10108969447563264,456,0.0764975563606505,0.11716503639042988,0.08579543350246287,0.08337390539033536,0.10752501885251323,0.153957260842191,0.08894986575244032,0.11115137386074722,0.07312459620837085,0.07747553098602901,0.09750155781461703,0.02388909264630966,497
1037,0.002156639099121094,0.00032338694249623557,0.002046656608581543,0.00035327717588920076,DecisionTreeRegressor(),,,,,,,,,,4,,42,poisson,3,15,random,,"{'estimator': DecisionTreeRegressor(), 'estimator__criterion': 'poisson', 'estimator__max_depth': 4, 'estimator__min_samples_leaf': 3, 'estimator__min_samples_split': 15, 'estimator__random_state': 42, 'estimator__splitter': 'random'}",0.018888751817676117,0.013916417075825624,0.014219645911000963,0.0175011690376788,0.010458570351432338,0.0326334383000519,0.028678816048304624,0.025114243113605536,0.009630259000066355,0.00865393896326506,0.01796952496189073,0.007906059812490759,432,0.4129061029503903,0.7021615222701454,0.6138484914801481,0.5567164902511987,0.8246521605153586,0.4537123172203934,0.49155067201965885,0.4578742429531464,0.7201896326743713,0.5910542226800538,0.5824665855014863,0.12758815826144654,408,0.08979820799753395,0.08878177781157545,0.09886600720736494,0.10802221226672588,0.07685142738230441,0.14243110337477213,0.10228162194267151,0.11095260025259397,0.07316332237191646,0.07884345900715664,0.09699917396146154,0.01958250244737929,479
1038,0.0030984401702880858,0.0002988084899810966,0.002203059196472168,0.0004022031692889973,DecisionTreeRegressor(),,,,,,,,,,4,,42,poisson,5,5,best,,"{'estimator': DecisionTreeRegressor(), 'estimator__criterion': 'poisson', 'estimator__max_depth': 4, 'estimator__min_samples_leaf': 5, 'estimator__min_samples_split': 5, 'estimator__random_state': 42, 'estimator__splitter': 'best'}",0.012490058570799233,0.017974718842001997,0.017042769748690713,0.009924172845007864,0.02146221469694614,0.027517353798239563,0.03076290842945746,0.017816831117575555,0.007684284336071276,0.008931404960266395,0.01716067173450562,0.007372898957055155,354,0.6117881567035932,0.6153059463255273,0.5371831838145854,0.7486326678739224,0.6401656391640931,0.5393561872196903,0.45460160937839433,0.615398998325421,0.7767305715561894,0.5779424422173969,0.6117105402578813,0.09133919748703109,318,0.07423548736320597,0.10664224186582155,0.09653880764557221,0.06671955363352211,0.10520339548039637,0.12725180274530298,0.10812593242369234,0.10159133992902335,0.06096868226821547,0.07895985039684494,0.09262370937515972,0.020218386915335215,297
1039,0.0021048545837402343,0.0002990274713565512,0.0019981861114501953,8.565168788865682e-06,DecisionTreeRegressor(),,,,,,,,,,4,,42,poisson,5,5,random,,"{'estimator': DecisionTreeRegressor(), 'estimator__criterion': 'poisson', 'estimator__max_depth': 4, 'estimator__min_samples_leaf': 5, 'estimator__min_samples_split': 5, 'estimator__random_state': 42, 'estimator__splitter': 'random'}",0.01394867859629674,0.01840379114884861,0.01336113771515959,0.017235863123448967,0.013127459884727313,0.028341580307194258,0.02766607351267349,0.015159440683097497,0.006140665862384181,0.01057578243303336,0.016396047326686404,0.006640083256775697,311,0.5664518145593462,0.6061229617964687,0.6371623093470423,0.5634363691669282,0.7799056992150954,0.5255585363095295,0.5095056761868966,0.6727624551711511,0.8215809179622451,0.5002366452776896,0.6182723384992392,0.10534901233648727,298,0.08049900268244031,0.09886167394256692,0.0964235822354503,0.10748128212480874,0.08221522118406947,0.11610056476450313,0.0955467012881553,0.09298511185848693,0.05748597960020684,0.08568251303672868,0.09132816327174167,0.01534710701811332,242
1040,0.0033006668090820312,0.00045530796737678887,0.0021003007888793944,0.0002983573575891923,DecisionTreeRegressor(),,,,,,,,,,4,,42,poisson,5,10,best,,"{'estimator': DecisionTreeRegressor(), 'estimator__criterion': 'poisson', 'estimator__max_depth': 4, 'estimator__min_samples_leaf': 5, 'estimator__min_samples_split': 10, 'estimator__random_state': 42, 'estimator__splitter': 'best'}",0.012490058570799233,0.017974718842001997,0.017042769748690713,0.009924172845007864,0.02146221469694614,0.027517353798239563,0.03076290842945746,0.017816831117575555,0.007684284336071276,0.008931404960266395,0.01716067173450562,0.007372898957055155,354,0.6117881567035932,0.6153059463255273,0.5371831838145854,0.7486326678739224,0.6401656391640931,0.5393561872196903,0.45460160937839433,0.615398998325421,0.7767305715561894,0.5779424422173969,0.6117105402578813,0.09133919748703109,318,0.07423548736320597,0.10664224186582155,0.09653880764557221,0.06671955363352211,0.10520339548039637,0.12725180274530298,0.10812593242369234,0.10159133992902335,0.06096868226821547,0.07895985039684494,0.09262370937515972,0.020218386915335215,297
1041,0.002188873291015625,0.00040649160663660486,0.0020129203796386717,3.672587286472944e-05,DecisionTreeRegressor(),,,,,,,,,,4,,42,poisson,5,10,random,,"{'estimator': DecisionTreeRegressor(), 'estimator__criterion': 'poisson', 'estimator__max_depth': 4, 'estimator__min_samples_leaf': 5, 'estimator__min_samples_split': 10, 'estimator__random_state': 42, 'estimator__splitter': 'random'}",0.01394867859629674,0.01840379114884861,0.01336113771515959,0.017235863123448967,0.013127459884727313,0.028341580307194258,0.02766607351267349,0.015159440683097497,0.006140665862384181,0.01057578243303336,0.016396047326686404,0.006640083256775697,311,0.5664518145593462,0.6061229617964687,0.6371623093470423,0.5634363691669282,0.7799056992150954,0.5255585363095295,0.5095056761868966,0.6727624551711511,0.8215809179622451,0.5002366452776896,0.6182723384992392,0.10534901233648727,298,0.08049900268244031,0.09886167394256692,0.0964235822354503,0.10748128212480874,0.08221522118406947,0.11610056476450313,0.0955467012881553,0.09298511185848693,0.05748597960020684,0.08568251303672868,0.09132816327174167,0.01534710701811332,242
1042,0.00339815616607666,0.0004916615825079443,0.0020458221435546873,0.0001344431268930668,DecisionTreeRegressor(),,,,,,,,,,4,,42,poisson,5,15,best,,"{'estimator': DecisionTreeRegressor(), 'estimator__criterion': 'poisson', 'estimator__max_depth': 4, 'estimator__min_samples_leaf': 5, 'estimator__min_samples_split': 15, 'estimator__random_state': 42, 'estimator__splitter': 'best'}",0.012490058570799233,0.022410818679291233,0.017042769748690713,0.010042959268687222,0.02146221469694614,0.027517353798239563,0.03017330240707774,0.01813115015249709,0.008244768161254547,0.00913986196256824,0.017665525744605174,0.0073305311724913775,394,0.6117881567035932,0.5203647545376622,0.5371831838145854,0.7456239509884544,0.6401656391640931,0.5393561872196903,0.46505478796663147,0.6086139861715505,0.7604455282355971,0.5680917128320869,0.5996687887633945,0.0905362863021895,362,0.07423548736320597,0.11699729264877315,0.09653880764557221,0.0692096234457513,0.10520339548039637,0.12725180274530298,0.10454170303301132,0.10385421908164733,0.06706692789462669,0.07895985039684494,0.09438591097351322,0.019824375238270985,403
1043,0.002001166343688965,4.210299297169143e-06,0.0020003557205200196,3.311272725714579e-06,DecisionTreeRegressor(),,,,,,,,,,4,,42,poisson,5,15,random,,"{'estimator': DecisionTreeRegressor(), 'estimator__criterion': 'poisson', 'estimator__max_depth': 4, 'estimator__min_samples_leaf': 5, 'estimator__min_samples_split': 15, 'estimator__random_state': 42, 'estimator__splitter': 'random'}",0.018888751817676117,0.02277229267297433,0.01336113771515959,0.017235863123448967,0.01052984142087584,0.032644809304996344,0.028663045294902427,0.014722260820436572,0.0064923854533324886,0.009146052385234088,0.017445644000903676,0.00805065151812867,382,0.4129061029503903,0.5126285058013029,0.6371623093470423,0.5634363691669282,0.8234572335201058,0.4535219652297493,0.4918302731355342,0.6821995886311794,0.8113615886650593,0.567799181625226,0.5956303118072518,0.1344328549236056,378,0.08979820799753395,0.11455915619337127,0.0964235822354503,0.10748128212480874,0.07771404975431533,0.14247545638975587,0.10164078285166392,0.09580585077156725,0.05984243615743375,0.07973673734386301,0.09654775418197634,0.02147083300836452,474
1044,0.0037007808685302736,0.0004558071130862089,0.0021010875701904298,0.0002978366305820316,DecisionTreeRegressor(),,,,,,,,,,5,,42,poisson,1,5,best,,"{'estimator': DecisionTreeRegressor(), 'estimator__criterion': 'poisson', 'estimator__max_depth': 5, 'estimator__min_samples_leaf': 1, 'estimator__min_samples_split': 5, 'estimator__random_state': 42, 'estimator__splitter': 'best'}",0.01862254212355253,0.02094185530722776,0.022467915605089404,0.015155979057149882,0.025725899573528707,0.04258738565578281,0.02408352758141079,0.019053417360228753,0.008023971652002306,0.008950522656376799,0.020561301657234972,0.009247985563873639,523,0.4211803440576902,0.55180343679276,0.38985685308170503,0.6161173247530785,0.568680923162761,0.2870820410761913,0.5730209575758195,0.5887055698227357,0.7668608439978897,0.5770390268906165,0.5340347321211247,0.12780017087894294,494,0.09645051726479265,0.11467598136697199,0.10181544552783117,0.08481979196691053,0.11243739792498607,0.15590986342069638,0.06962830161585959,0.10862851640415434,0.06389449901727225,0.07537898620554602,0.0983639300715021,0.02573372328574718,504
1045,0.0021007299423217774,0.00029788117742910966,0.0018988370895385743,0.0002995154795878648,DecisionTreeRegressor(),,,,,,,,,,5,,42,poisson,1,5,random,,"{'estimator': DecisionTreeRegressor(), 'estimator__criterion': 'poisson', 'estimator__max_depth': 5, 'estimator__min_samples_leaf': 1, 'estimator__min_samples_split': 5, 'estimator__random_state': 42, 'estimator__splitter': 'random'}",0.018664015176274525,0.026145744309297357,0.023993980986705993,0.013057203854392919,0.018034872263819796,0.023038930111439884,0.02843514080326844,0.007237410564983932,0.0102300586670372,0.008991113505654843,0.017782847024287486,0.007199521553710229,408,0.4198912924369095,0.44043005884593744,0.34841472063343737,0.6692767700477829,0.6976282818225548,0.6143255384683206,0.495870812515536,0.8437704587053542,0.7027622545388772,0.5751208880545848,0.5807491076069294,0.14610703117906312,413,0.0981786568771693,0.11134083650333051,0.11701594826293912,0.08884963052657038,0.09996178869593522,0.10297488981889558,0.09202944223165697,0.06339129778054699,0.069496603006473,0.07508288444735241,0.09183219781508695,0.016859932820764065,259
1046,0.003799152374267578,0.000399653061549573,0.0022021770477294923,0.0003979266682203988,DecisionTreeRegressor(),,,,,,,,,,5,,42,poisson,1,10,best,,"{'estimator': DecisionTreeRegressor(), 'estimator__criterion': 'poisson', 'estimator__max_depth': 5, 'estimator__min_samples_leaf': 1, 'estimator__min_samples_split': 10, 'estimator__random_state': 42, 'estimator__splitter': 'best'}",0.016075419155397775,0.020577675017901708,0.019398833951862798,0.015130162958854297,0.022033064363155518,0.042827295423352854,0.024344619427670387,0.019356646783819553,0.007197578820780466,0.006927356634261001,0.019386865253705633,0.009567433279022583,499,0.5003491723674119,0.5595976055361291,0.47320143968967276,0.6167712153952322,0.6305948037366071,0.28306592270714326,0.5683920365789332,0.5821599423045412,0.7908719616280444,0.6726446470681466,0.5677648747011862,0.12725591904399997,450,0.08621941471303532,0.11262868616097434,0.09717634265509809,0.08471321798199638,0.10463618222927111,0.15818344176553134,0.07439657494455659,0.11008207808881858,0.060203277704481355,0.0731321558412385,0.09613713720850015,0.02628969533966186,470
1047,0.002103590965270996,0.0003010600518378546,0.002000236511230469,3.810522656251344e-06,DecisionTreeRegressor(),,,,,,,,,,5,,42,poisson,1,10,random,,"{'estimator': DecisionTreeRegressor(), 'estimator__criterion': 'poisson', 'estimator__max_depth': 5, 'estimator__min_samples_leaf': 1, 'estimator__min_samples_split': 10, 'estimator__random_state': 42, 'estimator__splitter': 'random'}",0.014603216391335806,0.020460208829760282,0.010471177360133803,0.00950866009311101,0.01821358876744544,0.024429049377422057,0.030029931839487378,0.01446300335107585,0.011412029741033376,0.006643444561295907,0.016023431031210088,0.006915845184969704,271,0.5461076886708298,0.5621116111505158,0.7156426426577625,0.759157104876369,0.6946319303387485,0.591054774731498,0.4675966177486105,0.6877960205527567,0.6684196932037294,0.6860610397492226,0.6378579123680043,0.08664506558767952,236,0.08887798795556535,0.1041017143095402,0.07413417113840609,0.07132425206806109,0.0992654807432886,0.10556141953590195,0.10070364557605771,0.0948529174335626,0.07326278511935082,0.062801272815428,0.08748856466951624,0.014911683807067772,132
1048,0.0036008358001708984,0.0004900613134345549,0.0020998477935791015,0.00029623005611365775,DecisionTreeRegressor(),,,,,,,,,,5,,42,poisson,1,15,best,,"{'estimator': DecisionTreeRegressor(), 'estimator__criterion': 'poisson', 'estimator__max_depth': 5, 'estimator__min_samples_leaf': 1, 'estimator__min_samples_split': 15, 'estimator__random_state': 42, 'estimator__splitter': 'best'}",0.013412222722482986,0.020094705984175107,0.01859675346774122,0.01514889897568586,0.02195882598142623,0.042827295423352854,0.024222444078397614,0.01896972335413825,0.010915761302223591,0.0074754234481281085,0.019362205473775183,0.009208928125128352,496,0.5831257574748192,0.5699340851782684,0.4949828954893748,0.6162966546797779,0.6318394805333056,0.28306592270714326,0.5705580944151031,0.5905122209810785,0.6828389371881878,0.6467455033173581,0.5669899551964417,0.10632566911580346,453,0.07787664885868423,0.11011765978364439,0.09315376436675184,0.08476211663389815,0.10519880168332049,0.15818344176553134,0.07314018408778056,0.10816310154297636,0.07575074420043124,0.07485453473020381,0.09612009976532225,0.024781211999145777,469
1049,0.002490806579589844,0.0004919455588628215,0.0019102096557617188,0.0003049540832027449,DecisionTreeRegressor(),,,,,,,,,,5,,42,poisson,1,15,random,,"{'estimator': DecisionTreeRegressor(), 'estimator__criterion': 'poisson', 'estimator__max_depth': 5, 'estimator__min_samples_leaf': 1, 'estimator__min_samples_split': 15, 'estimator__random_state': 42, 'estimator__splitter': 'random'}",0.016609019401905643,0.016885386765232848,0.01406601571642036,0.024639545292372174,0.01821358876744544,0.024429049377422057,0.02909667041525491,0.01446300335107585,0.01217292741582652,0.018446167186302084,0.018902137368925785,0.005155356836473549,480,0.48376398710939106,0.6386197781630929,0.6180205033405561,0.37591002679293417,0.6946319303387485,0.591054774731498,0.48414249409098586,0.6877960205527567,0.6463115590528598,0.12831807450951838,0.5348569148682343,0.16670394677908257,493,0.08735026530341679,0.08790458287311073,0.09184821858449685,0.12458892891533117,0.0992654807432886,0.10556141953590195,0.09044813018493006,0.0948529174335626,0.08230657524985345,0.09431879759388326,0.09584453164177754,0.011398401720968534,458
1050,0.0039023876190185545,0.0005403145424756596,0.0019989490509033205,0.0004456537121365288,DecisionTreeRegressor(),,,,,,,,,,5,,42,poisson,3,5,best,,"{'estimator': DecisionTreeRegressor(), 'estimator__criterion': 'poisson', 'estimator__max_depth': 5, 'estimator__min_samples_leaf': 3, 'estimator__min_samples_split': 5, 'estimator__random_state': 42, 'estimator__splitter': 'best'}",0.020178180488864775,0.030561024003654208,0.016108161600055553,0.014972496645033924,0.02608219817626417,0.03959018346627823,0.02361330585893923,0.020750800732789138,0.013100298841205548,0.00816435465452701,0.02131210044676118,0.008699710209408244,534,0.37282851016698404,0.345934458738985,0.5625635870067074,0.6207647130186755,0.5627072395614928,0.3372555662766852,0.5813575610949371,0.5520651964025416,0.6193664748987566,0.6141897493518287,0.5169033056517593,0.11071825502253219,508,0.10185828555171357,0.13679669465852884,0.08774227222184014,0.0847335683085275,0.11693607389994995,0.14662831417766417,0.06839655711256956,0.11871823677312363,0.07350383260349556,0.0705106947580538,0.10058245300654667,0.02668186567239219,531
1051,0.0024004697799682615,0.0004891084839697519,0.00200197696685791,0.0004477967502274357,DecisionTreeRegressor(),,,,,,,,,,5,,42,poisson,3,5,random,,"{'estimator': DecisionTreeRegressor(), 'estimator__criterion': 'poisson', 'estimator__max_depth': 5, 'estimator__min_samples_leaf': 3, 'estimator__min_samples_split': 5, 'estimator__random_state': 42, 'estimator__splitter': 'random'}",0.016178645576811573,0.011646124067851756,0.014023991507034409,0.02177274209704615,0.02382013196935499,0.0451545148167886,0.026012730117801076,0.022591195899630417,0.010127688391641214,0.005016072524078147,0.019634383696803835,0.010649410287164618,509,0.4971407230949937,0.7507502222071623,0.6191617210579528,0.4485226950922484,0.600632922405747,0.24410799010836604,0.53881795102515,0.5123377151252467,0.7057366568225104,0.7629632371848365,0.5680171834124214,0.14906840714908906,449,0.09019826622137644,0.08617843152872746,0.08797076445728345,0.10505983978841466,0.1135491657507533,0.15971887872465626,0.1055636637287208,0.11850487018999296,0.0706744057490326,0.05815876756568038,0.09955770537046382,0.026813142550637353,528
1052,0.0036001205444335938,0.0004901032661127704,0.002100634574890137,0.0002981579676245141,DecisionTreeRegressor(),,,,,,,,,,5,,42,poisson,3,10,best,,"{'estimator': DecisionTreeRegressor(), 'estimator__criterion': 'poisson', 'estimator__max_depth': 5, 'estimator__min_samples_leaf': 3, 'estimator__min_samples_split': 10, 'estimator__random_state': 42, 'estimator__splitter': 'best'}",0.016210413131852952,0.023388126034278766,0.0144966649934947,0.015249582399035882,0.022033064363155518,0.039590183466278246,0.02366439579433443,0.021134946338975127,0.011954800563841983,0.006141188632411213,0.01938633657176588,0.00856938811916157,498,0.49615333452273613,0.4994484703175437,0.6063257066468786,0.6137464649650203,0.6305948037366071,0.33725556627668507,0.5804517830016402,0.5437728808974417,0.6526493070383454,0.7097953695293587,0.5670193686932257,0.099291375950922,452,0.08711346128594565,0.12094242625400767,0.08223553173074721,0.08527103554225135,0.10463618222927111,0.1466283141776642,0.0697303897415394,0.12062116453064936,0.07373876903246183,0.0682638643937463,0.0959181138918284,0.02490895228222483,459
1053,0.0020019054412841798,5.4086871866032555e-06,0.0019997358322143555,5.885849269622817e-06,DecisionTreeRegressor(),,,,,,,,,,5,,42,poisson,3,10,random,,"{'estimator': DecisionTreeRegressor(), 'estimator__criterion': 'poisson', 'estimator__max_depth': 5, 'estimator__min_samples_leaf': 3, 'estimator__min_samples_split': 10, 'estimator__random_state': 42, 'estimator__splitter': 'random'}",0.011469855137181923,0.023218615561709996,0.01134965601681809,0.008075766900279885,0.02079358163738648,0.024242177938292038,0.02188911481855565,0.026744403043533062,0.008793013756823604,0.0078011164853306275,0.016437730129591134,0.007178661780639886,314,0.6434977802619521,0.5030763251622259,0.691786503017978,0.7954505617446419,0.6513759058126063,0.5941830251022187,0.6119259002591538,0.4226849807435822,0.7445160707329712,0.6313547323826594,0.6289851785219989,0.10277874882660673,270,0.07904183605378393,0.11342171377458059,0.07782664626278421,0.06521401026631712,0.10468745049535123,0.09857484702212675,0.0972210585113811,0.13163367299522385,0.06505668451187946,0.0660482828780541,0.08987262027714824,0.021683267656873423,193
1054,0.003499603271484375,0.0004971345507095307,0.002102041244506836,0.0002999555731998791,DecisionTreeRegressor(),,,,,,,,,,5,,42,poisson,3,15,best,,"{'estimator': DecisionTreeRegressor(), 'estimator__criterion': 'poisson', 'estimator__max_depth': 5, 'estimator__min_samples_leaf': 3, 'estimator__min_samples_split': 15, 'estimator__random_state': 42, 'estimator__splitter': 'best'}",0.013553665012099071,0.027285670036863663,0.013729522773409266,0.01525107435634827,0.02195882598142623,0.039590183466278246,0.023764459255431417,0.020748022909293826,0.011372426814831813,0.006572579374032656,0.019382642998001444,0.0089987206221769,497,0.5787294953067379,0.4160334241680922,0.627158372058475,0.6137086754852199,0.6318394805333056,0.33725556627668507,0.5786777488342444,0.552125159573979,0.6695703693514377,0.689409806040886,0.5694508097629063,0.10560221992458321,439,0.07864915712397055,0.1289132647458801,0.07949126884189472,0.08511305528226099,0.10519880168332049,0.1466283141776642,0.07085380492369316,0.11870218798480717,0.07314828727683804,0.0694365722828721,0.09561347143232016,0.02607160438600196,456
1055,0.00230104923248291,0.000457960660714793,0.002098822593688965,0.0003004911746830277,DecisionTreeRegressor(),,,,,,,,,,5,,42,poisson,3,15,random,,"{'estimator': DecisionTreeRegressor(), 'estimator__criterion': 'poisson', 'estimator__max_depth': 5, 'estimator__min_samples_leaf': 3, 'estimator__min_samples_split': 15, 'estimator__random_state': 42, 'estimator__splitter': 'random'}",0.018181981866178233,0.016019343005559752,0.01355060648537913,0.020675059142905055,0.02079358163738648,0.024242177938292038,0.030834123216071863,0.020562872942826826,0.012881909823919653,0.010766678930011823,0.018850833498853085,0.005658954745745751,479,0.43487369134096654,0.6571548043571948,0.6320170580590989,0.47632568079311866,0.6513759058126063,0.5941830251022187,0.45333903597454916,0.5561218782998458,0.6257118401839714,0.4912157454682624,0.5572318665391832,0.0819547606309712,481,0.09412402853024843,0.090010986339649,0.09030782149162024,0.10911922243620606,0.10468745049535123,0.09857484702212675,0.1295494320048966,0.10805790103707386,0.08605868341305553,0.07780449715083944,0.09882948699210672,0.013952804659563403,518
1056,0.003500485420227051,0.000500178591664822,0.002200412750244141,0.0004001025887105379,DecisionTreeRegressor(),,,,,,,,,,5,,42,poisson,5,5,best,,"{'estimator': DecisionTreeRegressor(), 'estimator__criterion': 'poisson', 'estimator__max_depth': 5, 'estimator__min_samples_leaf': 5, 'estimator__min_samples_split': 5, 'estimator__random_state': 42, 'estimator__splitter': 'best'}",0.014179965161493387,0.023673771169145992,0.01622231826999948,0.01389838954977044,0.020692214987952717,0.02689619387015818,0.027538264790200884,0.021028680578921315,0.007920609122595406,0.007614573567401273,0.017966498106763908,0.006802568434919917,430,0.559263042521511,0.4933351071094533,0.5594635259656411,0.6479705506406883,0.6530754137163394,0.5497544791381543,0.511771608606902,0.5460667746595087,0.7698640765507059,0.6401699018563494,0.5930734480765254,0.07937479863863132,391,0.07660341008093174,0.12157194714035932,0.09164162625811036,0.07972598880082632,0.10087917268496228,0.12246953816525312,0.09208021653290563,0.10739390604580785,0.059449106235336384,0.07419852336162626,0.09260134353061192,0.01969614982184051,295
1057,0.0022010087966918947,0.00040028526949794014,0.002000093460083008,0.0004484099917240274,DecisionTreeRegressor(),,,,,,,,,,5,,42,poisson,5,5,random,,"{'estimator': DecisionTreeRegressor(), 'estimator__criterion': 'poisson', 'estimator__max_depth': 5, 'estimator__min_samples_leaf': 5, 'estimator__min_samples_split': 5, 'estimator__random_state': 42, 'estimator__splitter': 'random'}",0.022616005982732643,0.017198415327323135,0.011383160715750571,0.012176746994607378,0.008670538901159196,0.045542564613624464,0.031850057435029874,0.014625827279329628,0.007363319744212381,0.005691015156320082,0.01771176521500894,0.011884035556680717,397,0.29705682957438784,0.6319203561846519,0.6908766428065312,0.6915776806982583,0.8546302016051761,0.23761198982891585,0.4353274461644471,0.6842812403154777,0.7860563041606747,0.7310685195816503,0.604040721092017,0.19785174431155356,342,0.09696502999370185,0.09618653802798602,0.07757337632216471,0.07789839497164547,0.06626560327812134,0.15311652184545776,0.09736205544696297,0.0968395200588126,0.06314593465584653,0.05639409311553499,0.08817470677162342,0.02617791316716493,147
1058,0.0036997079849243166,0.0004587449549507493,0.002101278305053711,0.0002999111496742095,DecisionTreeRegressor(),,,,,,,,,,5,,42,poisson,5,10,best,,"{'estimator': DecisionTreeRegressor(), 'estimator__criterion': 'poisson', 'estimator__max_depth': 5, 'estimator__min_samples_leaf': 5, 'estimator__min_samples_split': 10, 'estimator__random_state': 42, 'estimator__splitter': 'best'}",0.014179965161493387,0.023673771169145992,0.01622231826999948,0.01389838954977044,0.020692214987952717,0.02689619387015818,0.027538264790200884,0.021028680578921315,0.007920609122595406,0.007614573567401273,0.017966498106763908,0.006802568434919917,430,0.559263042521511,0.4933351071094533,0.5594635259656411,0.6479705506406883,0.6530754137163394,0.5497544791381543,0.511771608606902,0.5460667746595087,0.7698640765507059,0.6401699018563494,0.5930734480765254,0.07937479863863132,391,0.07660341008093174,0.12157194714035932,0.09164162625811036,0.07972598880082632,0.10087917268496228,0.12246953816525312,0.09208021653290563,0.10739390604580785,0.059449106235336384,0.07419852336162626,0.09260134353061192,0.01969614982184051,295
1059,0.0023009061813354494,0.0004543760745047855,0.0020015954971313475,3.576358158500126e-06,DecisionTreeRegressor(),,,,,,,,,,5,,42,poisson,5,10,random,,"{'estimator': DecisionTreeRegressor(), 'estimator__criterion': 'poisson', 'estimator__max_depth': 5, 'estimator__min_samples_leaf': 5, 'estimator__min_samples_split': 10, 'estimator__random_state': 42, 'estimator__splitter': 'random'}",0.022616005982732643,0.017198415327323135,0.011383160715750571,0.012176746994607378,0.008670538901159196,0.045542564613624464,0.031850057435029874,0.014625827279329628,0.007363319744212381,0.005691015156320082,0.01771176521500894,0.011884035556680717,397,0.29705682957438784,0.6319203561846519,0.6908766428065312,0.6915776806982583,0.8546302016051761,0.23761198982891585,0.4353274461644471,0.6842812403154777,0.7860563041606747,0.7310685195816503,0.604040721092017,0.19785174431155356,342,0.09696502999370185,0.09618653802798602,0.07757337632216471,0.07789839497164547,0.06626560327812134,0.15311652184545776,0.09736205544696297,0.0968395200588126,0.06314593465584653,0.05639409311553499,0.08817470677162342,0.02617791316716493,147
1060,0.003498744964599609,0.0004995111150049824,0.0021009922027587892,0.000300546507950864,DecisionTreeRegressor(),,,,,,,,,,5,,42,poisson,5,15,best,,"{'estimator': DecisionTreeRegressor(), 'estimator__criterion': 'poisson', 'estimator__max_depth': 5, 'estimator__min_samples_leaf': 5, 'estimator__min_samples_split': 15, 'estimator__random_state': 42, 'estimator__splitter': 'best'}",0.011273620010495217,0.02728581862255701,0.016812372661282417,0.014017175973449793,0.02102466506359219,0.025489625817229185,0.026987046047723083,0.021342999613842843,0.008481092947778684,0.007744810702010169,0.01804592274599606,0.007082987419923016,444,0.6495970951545704,0.4160302441443492,0.5434398925553048,0.6449618337552204,0.6475015732638627,0.5733005975471723,0.521544215631925,0.5392817625056383,0.7535790332301133,0.6340154874937521,0.5923251735281908,0.08859524276667942,394,0.06909674366116951,0.12825352286683156,0.08998638829073348,0.08221605861305549,0.10405473548678892,0.11699072873844178,0.08997247566734098,0.10965678519843185,0.06554735186174762,0.07217540337991216,0.09279501937644534,0.02027515713364753,305
1061,0.0021951913833618162,0.00040712627782273477,0.0021991491317749023,0.00059706682079789,DecisionTreeRegressor(),,,,,,,,,,5,,42,poisson,5,15,random,,"{'estimator': DecisionTreeRegressor(), 'estimator__criterion': 'poisson', 'estimator__max_depth': 5, 'estimator__min_samples_leaf': 5, 'estimator__min_samples_split': 15, 'estimator__random_state': 42, 'estimator__splitter': 'random'}",0.015965006903271475,0.01090018038262772,0.01355060648537913,0.017965299972390315,0.009036126102926267,0.022364777317890758,0.02711943095773913,0.03146396305266479,0.012925373682504253,0.010929085232771852,0.017221985009016567,0.007126627359715157,357,0.5037809692382984,0.7667148724809213,0.6320170580590989,0.5449606132992668,0.8485007858419297,0.6256109373294871,0.519197151568366,0.32080673455058895,0.6244489833661162,0.48354116259845203,0.5869579268332525,0.14158120426660278,401,0.08593012869011907,0.074117134269999,0.09030782149162024,0.09945770857693101,0.06768278864451227,0.09601729428402514,0.09869837717695204,0.12174175349428117,0.0855772197635611,0.07963940861502389,0.08991696350070248,0.014500595173052425,194
1062,0.180436110496521,0.0020132853399318284,0.008603930473327637,0.0004902429732591576,RandomForestRegressor(),,,,,,,,,,3,,42,,1,5,,False,"{'estimator': RandomForestRegressor(), 'estimator__max_depth': 3, 'estimator__min_samples_leaf': 1, 'estimator__min_samples_split': 5, 'estimator__random_state': 42, 'estimator__warm_start': False}",0.016050585695203158,0.013734084789119447,0.012566632661677273,0.009921544263775783,0.011798777677862034,0.02469820161062858,0.025219469470228868,0.012955158179645865,0.007058422977438162,0.006028617333564195,0.014003149465914336,0.006172174468785771,99,0.501121037711592,0.7060637889539965,0.6587380452584048,0.7486992466671281,0.8021823150915288,0.5865491339699753,0.5528817409142441,0.7203449491178416,0.7949151807814285,0.7151149768788356,0.6786610415344976,0.09680787309345697,108,0.08559946422396919,0.09252130589613858,0.08867604802678902,0.07442586583708631,0.08736595875668546,0.1135019200001189,0.09169626421484184,0.08813182865127228,0.06085990987702893,0.06269196737924829,0.08454705328631788,0.014605482583935441,71
1063,0.17934057712554932,0.0026058029241634987,0.008903050422668457,0.00030051512244151944,RandomForestRegressor(),,,,,,,,,,3,,42,,1,5,,True,"{'estimator': RandomForestRegressor(), 'estimator__max_depth': 3, 'estimator__min_samples_leaf': 1, 'estimator__min_samples_split': 5, 'estimator__random_state': 42, 'estimator__warm_start': True}",0.016050585695203158,0.013734084789119447,0.012566632661677273,0.009921544263775783,0.011798777677862034,0.02469820161062858,0.025219469470228868,0.012955158179645865,0.007058422977438162,0.006028617333564195,0.014003149465914336,0.006172174468785771,99,0.501121037711592,0.7060637889539965,0.6587380452584048,0.7486992466671281,0.8021823150915288,0.5865491339699753,0.5528817409142441,0.7203449491178416,0.7949151807814285,0.7151149768788356,0.6786610415344976,0.09680787309345697,108,0.08559946422396919,0.09252130589613858,0.08867604802678902,0.07442586583708631,0.08736595875668546,0.1135019200001189,0.09169626421484184,0.08813182865127228,0.06085990987702893,0.06269196737924829,0.08454705328631788,0.014605482583935441,71
1064,0.1787405490875244,0.0021496441832316547,0.009000754356384278,4.678657090352803e-06,RandomForestRegressor(),,,,,,,,,,3,,42,,1,10,,False,"{'estimator': RandomForestRegressor(), 'estimator__max_depth': 3, 'estimator__min_samples_leaf': 1, 'estimator__min_samples_split': 10, 'estimator__random_state': 42, 'estimator__warm_start': False}",0.015808064629054618,0.013616000658258999,0.012695445023969595,0.010102439005768737,0.011883819978921245,0.02464344661761584,0.025273873401777128,0.012898411209293546,0.007096402553529651,0.006099830663969593,0.014011773374215896,0.0061355948271602494,101,0.5086589967687136,0.7085910197482375,0.6552399913457752,0.7441174009656722,0.8007565003525676,0.587465739139756,0.5519172086829063,0.7215699111492755,0.7938116716092496,0.7117497589264329,0.6783878198688587,0.0949275609226382,110,0.08499575202802373,0.09241417756200013,0.08896502489001595,0.07540910596933943,0.08769558700454763,0.11264940825746936,0.0924676675719964,0.08784224436749387,0.059476529413183835,0.06298388369595999,0.08448993807600302,0.014600795841993025,69
1065,0.17833993434906006,0.003975150962328137,0.009103226661682128,0.0005396096161579229,RandomForestRegressor(),,,,,,,,,,3,,42,,1,10,,True,"{'estimator': RandomForestRegressor(), 'estimator__max_depth': 3, 'estimator__min_samples_leaf': 1, 'estimator__min_samples_split': 10, 'estimator__random_state': 42, 'estimator__warm_start': True}",0.015808064629054618,0.013616000658258999,0.012695445023969595,0.010102439005768737,0.011883819978921245,0.02464344661761584,0.025273873401777128,0.012898411209293546,0.007096402553529651,0.006099830663969593,0.014011773374215896,0.0061355948271602494,101,0.5086589967687136,0.7085910197482375,0.6552399913457752,0.7441174009656722,0.8007565003525676,0.587465739139756,0.5519172086829063,0.7215699111492755,0.7938116716092496,0.7117497589264329,0.6783878198688587,0.0949275609226382,110,0.08499575202802373,0.09241417756200013,0.08896502489001595,0.07540910596933943,0.08769558700454763,0.11264940825746936,0.0924676675719964,0.08784224436749387,0.059476529413183835,0.06298388369595999,0.08448993807600302,0.014600795841993025,69
1066,0.17773900032043458,0.0029737752148266236,0.00860297679901123,0.0004911613836783218,RandomForestRegressor(),,,,,,,,,,3,,42,,1,15,,False,"{'estimator': RandomForestRegressor(), 'estimator__max_depth': 3, 'estimator__min_samples_leaf': 1, 'estimator__min_samples_split': 15, 'estimator__random_state': 42, 'estimator__warm_start': False}",0.015343799623736018,0.013654320380689592,0.012666211279091661,0.0100453590382549,0.012358523426014383,0.02436619261364971,0.025406361859662892,0.012553841495753377,0.007021426981019672,0.006167055714437477,0.013958309241230971,0.00609697011329234,97,0.5230891271376873,0.7077709029226513,0.6560338686866705,0.7455631677188193,0.7927976473691583,0.5921070045183963,0.5495683088097836,0.7290079261419384,0.7959901117201876,0.7085730089359766,0.6800501073961269,0.09186835038805877,103,0.08484669041840687,0.09183965096184614,0.0891273930828379,0.07550512876088625,0.08880104109604184,0.11165965596051602,0.09295147487167596,0.0874218902728633,0.0588157189931954,0.06353561534792701,0.08445042597661967,0.014462313166829744,67
1067,0.17692787647247316,0.0013705897961866027,0.008928537368774414,0.0005663428973334646,RandomForestRegressor(),,,,,,,,,,3,,42,,1,15,,True,"{'estimator': RandomForestRegressor(), 'estimator__max_depth': 3, 'estimator__min_samples_leaf': 1, 'estimator__min_samples_split': 15, 'estimator__random_state': 42, 'estimator__warm_start': True}",0.015343799623736018,0.013654320380689592,0.012666211279091661,0.0100453590382549,0.012358523426014383,0.02436619261364971,0.025406361859662892,0.012553841495753377,0.007021426981019672,0.006167055714437477,0.013958309241230971,0.00609697011329234,97,0.5230891271376873,0.7077709029226513,0.6560338686866705,0.7455631677188193,0.7927976473691583,0.5921070045183963,0.5495683088097836,0.7290079261419384,0.7959901117201876,0.7085730089359766,0.6800501073961269,0.09186835038805877,103,0.08484669041840687,0.09183965096184614,0.0891273930828379,0.07550512876088625,0.08880104109604184,0.11165965596051602,0.09295147487167596,0.0874218902728633,0.0588157189931954,0.06353561534792701,0.08445042597661967,0.014462313166829744,67
1068,0.17384097576141358,0.0015979015532410065,0.00890052318572998,0.0005385328994814172,RandomForestRegressor(),,,,,,,,,,3,,42,,3,5,,False,"{'estimator': RandomForestRegressor(), 'estimator__max_depth': 3, 'estimator__min_samples_leaf': 3, 'estimator__min_samples_split': 5, 'estimator__random_state': 42, 'estimator__warm_start': False}",0.016403036836221168,0.011188973185182409,0.011700706450066012,0.008484385912174803,0.013716454535535806,0.0236008966420024,0.025021951514278017,0.01231062564933535,0.007496128050483517,0.005798317779891699,0.01357214765551712,0.0061132445388157545,61,0.4901662686565925,0.760534143042908,0.682253308224403,0.7851007348643405,0.77003064593182,0.6049181511449873,0.5563835546501427,0.734258077391519,0.7821975148008699,0.7259978858515959,0.6891840284559179,0.0986196101814647,57,0.08734907442640324,0.08392745506437946,0.08563905487359118,0.06889380686928732,0.09281331640401697,0.10811230424969762,0.09516969035450747,0.08621009919801384,0.062001742545947196,0.06174911030151334,0.08318656542873575,0.014153579345105522,53
1069,0.17493741512298583,0.0022100473332197844,0.008810043334960938,0.00040542382200932337,RandomForestRegressor(),,,,,,,,,,3,,42,,3,5,,True,"{'estimator': RandomForestRegressor(), 'estimator__max_depth': 3, 'estimator__min_samples_leaf': 3, 'estimator__min_samples_split': 5, 'estimator__random_state': 42, 'estimator__warm_start': True}",0.016403036836221168,0.011188973185182409,0.011700706450066012,0.008484385912174803,0.013716454535535806,0.0236008966420024,0.025021951514278017,0.01231062564933535,0.007496128050483517,0.005798317779891699,0.01357214765551712,0.0061132445388157545,61,0.4901662686565925,0.760534143042908,0.682253308224403,0.7851007348643405,0.77003064593182,0.6049181511449873,0.5563835546501427,0.734258077391519,0.7821975148008699,0.7259978858515959,0.6891840284559179,0.0986196101814647,57,0.08734907442640324,0.08392745506437946,0.08563905487359118,0.06889380686928732,0.09281331640401697,0.10811230424969762,0.09516969035450747,0.08621009919801384,0.062001742545947196,0.06174911030151334,0.08318656542873575,0.014153579345105522,53
1070,0.17313883304595948,0.0027721814705676316,0.008704423904418945,0.0006398368561893298,RandomForestRegressor(),,,,,,,,,,3,,42,,3,10,,False,"{'estimator': RandomForestRegressor(), 'estimator__max_depth': 3, 'estimator__min_samples_leaf': 3, 'estimator__min_samples_split': 10, 'estimator__random_state': 42, 'estimator__warm_start': False}",0.01620241825260132,0.011290995747363166,0.011798865630620098,0.008737291590619003,0.013797861615276635,0.02362523344924464,0.025017022384821782,0.012153003100360183,0.00760470104773888,0.005777676647020195,0.01360050694656659,0.006075467917623666,67,0.49640182869861327,0.7583506611561226,0.6795876781599646,0.7786949389695186,0.768665779121955,0.604510750064158,0.5564709436328444,0.7376605786456589,0.779042890377637,0.7269732918676,0.6886359340694073,0.0964378471591558,69,0.08676378392505002,0.08436881923069246,0.08593244835598104,0.06970922730585605,0.0927279566230701,0.10827736698351759,0.09495538722241423,0.08610175292407239,0.061847615589521246,0.061768575160109175,0.08324529333202843,0.01408903574770649,59
1071,0.17614030838012695,0.0037041801041631695,0.00880122184753418,0.000873213798907601,RandomForestRegressor(),,,,,,,,,,3,,42,,3,10,,True,"{'estimator': RandomForestRegressor(), 'estimator__max_depth': 3, 'estimator__min_samples_leaf': 3, 'estimator__min_samples_split': 10, 'estimator__random_state': 42, 'estimator__warm_start': True}",0.01620241825260132,0.011290995747363166,0.011798865630620098,0.008737291590619003,0.013797861615276635,0.02362523344924464,0.025017022384821782,0.012153003100360183,0.00760470104773888,0.005777676647020195,0.01360050694656659,0.006075467917623666,67,0.49640182869861327,0.7583506611561226,0.6795876781599646,0.7786949389695186,0.768665779121955,0.604510750064158,0.5564709436328444,0.7376605786456589,0.779042890377637,0.7269732918676,0.6886359340694073,0.0964378471591558,69,0.08676378392505002,0.08436881923069246,0.08593244835598104,0.06970922730585605,0.0927279566230701,0.10827736698351759,0.09495538722241423,0.08610175292407239,0.061847615589521246,0.061768575160109175,0.08324529333202843,0.01408903574770649,59
1072,0.17103745937347412,0.0017314254576764631,0.00890364646911621,0.0005397312316127693,RandomForestRegressor(),,,,,,,,,,3,,42,,3,15,,False,"{'estimator': RandomForestRegressor(), 'estimator__max_depth': 3, 'estimator__min_samples_leaf': 3, 'estimator__min_samples_split': 15, 'estimator__random_state': 42, 'estimator__warm_start': False}",0.015813089377000475,0.011555387693441829,0.011856755881632085,0.008739104697875612,0.014148627531625973,0.023496315699096763,0.025216449338979253,0.011771341851127855,0.007554629492102263,0.0058781085963796114,0.013602981015926172,0.00606995364304228,69,0.5085028192255017,0.7526921576551824,0.6780155990873361,0.7786490151488566,0.7627848562491377,0.6066688487097833,0.5529352850947882,0.7458992658614974,0.7804977360235485,0.7222273349371332,0.6888872917992765,0.09393777048144761,67,0.08620306093980526,0.08406399569545463,0.086408069269155,0.0699710118033539,0.09334948741588855,0.10770574857830419,0.09526359580677056,0.08466903130392253,0.06116091845448757,0.0626652478652821,0.08314601671324243,0.013977349263410347,49
1073,0.17173893451690675,0.0018501456220838858,0.00870215892791748,0.0004596863944155771,RandomForestRegressor(),,,,,,,,,,3,,42,,3,15,,True,"{'estimator': RandomForestRegressor(), 'estimator__max_depth': 3, 'estimator__min_samples_leaf': 3, 'estimator__min_samples_split': 15, 'estimator__random_state': 42, 'estimator__warm_start': True}",0.015813089377000475,0.011555387693441829,0.011856755881632085,0.008739104697875612,0.014148627531625973,0.023496315699096763,0.025216449338979253,0.011771341851127855,0.007554629492102263,0.0058781085963796114,0.013602981015926172,0.00606995364304228,69,0.5085028192255017,0.7526921576551824,0.6780155990873361,0.7786490151488566,0.7627848562491377,0.6066688487097833,0.5529352850947882,0.7458992658614974,0.7804977360235485,0.7222273349371332,0.6888872917992765,0.09393777048144761,67,0.08620306093980526,0.08406399569545463,0.086408069269155,0.0699710118033539,0.09334948741588855,0.10770574857830419,0.09526359580677056,0.08466903130392253,0.06116091845448757,0.0626652478652821,0.08314601671324243,0.013977349263410347,49
1074,0.16823346614837648,0.003026202731006335,0.008803629875183105,0.0004024746632534192,RandomForestRegressor(),,,,,,,,,,3,,42,,5,5,,False,"{'estimator': RandomForestRegressor(), 'estimator__max_depth': 3, 'estimator__min_samples_leaf': 5, 'estimator__min_samples_split': 5, 'estimator__random_state': 42, 'estimator__warm_start': False}",0.01573859905051487,0.011364529681802507,0.010777541284293205,0.009068216355329131,0.013719304716379437,0.022678434719768475,0.024424083390838864,0.013106858055103582,0.007808999271222555,0.005536254914236683,0.01342228214394893,0.005797881409081751,41,0.5108181027599068,0.756776891487136,0.7073229635173213,0.7703130136908312,0.7699828599499623,0.6203602746906631,0.5669832127765971,0.7170702969830187,0.7731069377769285,0.7383817844158109,0.6931116338048176,0.08920716811634902,35,0.08599522282420224,0.08458135320363142,0.08384706223080199,0.0703911400311654,0.09022985421921963,0.10389454822648277,0.09681027060192954,0.08809806851144149,0.06253209311072709,0.06049773625803607,0.08268773492176376,0.013420326774239263,35
1075,0.16773684024810792,0.0022370244901084415,0.008701062202453614,0.0004594605314389548,RandomForestRegressor(),,,,,,,,,,3,,42,,5,5,,True,"{'estimator': RandomForestRegressor(), 'estimator__max_depth': 3, 'estimator__min_samples_leaf': 5, 'estimator__min_samples_split': 5, 'estimator__random_state': 42, 'estimator__warm_start': True}",0.01573859905051487,0.011364529681802507,0.010777541284293205,0.009068216355329131,0.013719304716379437,0.022678434719768475,0.024424083390838864,0.013106858055103582,0.007808999271222555,0.005536254914236683,0.01342228214394893,0.005797881409081751,41,0.5108181027599068,0.756776891487136,0.7073229635173213,0.7703130136908312,0.7699828599499623,0.6203602746906631,0.5669832127765971,0.7170702969830187,0.7731069377769285,0.7383817844158109,0.6931116338048176,0.08920716811634902,35,0.08599522282420224,0.08458135320363142,0.08384706223080199,0.0703911400311654,0.09022985421921963,0.10389454822648277,0.09681027060192954,0.08809806851144149,0.06253209311072709,0.06049773625803607,0.08268773492176376,0.013420326774239263,35
1076,0.16833896636962892,0.0022391563744256137,0.008803677558898926,0.00040058571513357336,RandomForestRegressor(),,,,,,,,,,3,,42,,5,10,,False,"{'estimator': RandomForestRegressor(), 'estimator__max_depth': 3, 'estimator__min_samples_leaf': 5, 'estimator__min_samples_split': 10, 'estimator__random_state': 42, 'estimator__warm_start': False}",0.01573859905051487,0.011364529681802507,0.010777541284293205,0.009068216355329131,0.013719304716379437,0.022678434719768475,0.024424083390838864,0.013106858055103582,0.007808999271222555,0.005536254914236683,0.01342228214394893,0.005797881409081751,41,0.5108181027599068,0.756776891487136,0.7073229635173213,0.7703130136908312,0.7699828599499623,0.6203602746906631,0.5669832127765971,0.7170702969830187,0.7731069377769285,0.7383817844158109,0.6931116338048176,0.08920716811634902,35,0.08599522282420224,0.08458135320363142,0.08384706223080199,0.0703911400311654,0.09022985421921963,0.10389454822648277,0.09681027060192954,0.08809806851144149,0.06253209311072709,0.06049773625803607,0.08268773492176376,0.013420326774239263,35
1077,0.17023906707763672,0.0022680435977346872,0.008800673484802245,0.00039943234557065653,RandomForestRegressor(),,,,,,,,,,3,,42,,5,10,,True,"{'estimator': RandomForestRegressor(), 'estimator__max_depth': 3, 'estimator__min_samples_leaf': 5, 'estimator__min_samples_split': 10, 'estimator__random_state': 42, 'estimator__warm_start': True}",0.01573859905051487,0.011364529681802507,0.010777541284293205,0.009068216355329131,0.013719304716379437,0.022678434719768475,0.024424083390838864,0.013106858055103582,0.007808999271222555,0.005536254914236683,0.01342228214394893,0.005797881409081751,41,0.5108181027599068,0.756776891487136,0.7073229635173213,0.7703130136908312,0.7699828599499623,0.6203602746906631,0.5669832127765971,0.7170702969830187,0.7731069377769285,0.7383817844158109,0.6931116338048176,0.08920716811634902,35,0.08599522282420224,0.08458135320363142,0.08384706223080199,0.0703911400311654,0.09022985421921963,0.10389454822648277,0.09681027060192954,0.08809806851144149,0.06253209311072709,0.06049773625803607,0.08268773492176376,0.013420326774239263,35
1078,0.1710357904434204,0.005399330457940615,0.008804130554199218,0.00040141069615180617,RandomForestRegressor(),,,,,,,,,,3,,42,,5,15,,False,"{'estimator': RandomForestRegressor(), 'estimator__max_depth': 3, 'estimator__min_samples_leaf': 5, 'estimator__min_samples_split': 15, 'estimator__random_state': 42, 'estimator__warm_start': False}",0.01586498498261408,0.011569178539995447,0.010905109947095128,0.009015511657527356,0.014146245256726517,0.023047288059466906,0.024562223039922202,0.0126793204722373,0.007748554686716165,0.005691560198094177,0.013522997684039528,0.00587218458199644,47,0.5068898172847949,0.7523970066316283,0.7038586837533145,0.7716479601376383,0.7628247973445879,0.6141856254129296,0.5645341224227429,0.7262992884652187,0.7748631752149311,0.7310427633875143,0.69085432400553,0.09015028645611488,47,0.08653847367420518,0.08464576913228004,0.08406031135001128,0.07048029791867186,0.09151436206370982,0.105766740670731,0.09664268517123373,0.08676995485626318,0.06192168205939801,0.06156952191837858,0.08299097988148826,0.013666787761396184,45
1079,0.17073957920074462,0.004542684385187321,0.008804941177368164,0.0005998163517358366,RandomForestRegressor(),,,,,,,,,,3,,42,,5,15,,True,"{'estimator': RandomForestRegressor(), 'estimator__max_depth': 3, 'estimator__min_samples_leaf': 5, 'estimator__min_samples_split': 15, 'estimator__random_state': 42, 'estimator__warm_start': True}",0.01586498498261408,0.011569178539995447,0.010905109947095128,0.009015511657527356,0.014146245256726517,0.023047288059466906,0.024562223039922202,0.0126793204722373,0.007748554686716165,0.005691560198094177,0.013522997684039528,0.00587218458199644,47,0.5068898172847949,0.7523970066316283,0.7038586837533145,0.7716479601376383,0.7628247973445879,0.6141856254129296,0.5645341224227429,0.7262992884652187,0.7748631752149311,0.7310427633875143,0.69085432400553,0.09015028645611488,47,0.08653847367420518,0.08464576913228004,0.08406031135001128,0.07048029791867186,0.09151436206370982,0.105766740670731,0.09664268517123373,0.08676995485626318,0.06192168205939801,0.06156952191837858,0.08299097988148826,0.013666787761396184,45
1080,0.20674452781677247,0.002757942589128611,0.008604145050048828,0.0004906256768973858,RandomForestRegressor(),,,,,,,,,,4,,42,,1,5,,False,"{'estimator': RandomForestRegressor(), 'estimator__max_depth': 4, 'estimator__min_samples_leaf': 1, 'estimator__min_samples_split': 5, 'estimator__random_state': 42, 'estimator__warm_start': False}",0.014521775190389235,0.013332031087937471,0.01159339636042568,0.00966943932738255,0.011644005966905143,0.02384812708137084,0.023294763811755194,0.013808662416549931,0.007771889329673865,0.005397421445222047,0.013488151201761195,0.005695641459101463,45,0.5486390169716961,0.7146685226058578,0.6851674421805767,0.7550847607312909,0.8047772094430226,0.6007794838493945,0.5870050219089193,0.7019208768302063,0.7741851794292143,0.7449424224264578,0.6917169936376636,0.08173821498968595,39,0.0808955797444806,0.09224803556941741,0.08537592901344426,0.07336318059604793,0.08796029219357086,0.1108757361170889,0.08943759433385372,0.08870824518510728,0.06312553838136487,0.05954042861350442,0.08315305597478803,0.014174862866979011,51
1081,0.20694539546966553,0.0031728737241231353,0.0089033842086792,0.0002985100632125211,RandomForestRegressor(),,,,,,,,,,4,,42,,1,5,,True,"{'estimator': RandomForestRegressor(), 'estimator__max_depth': 4, 'estimator__min_samples_leaf': 1, 'estimator__min_samples_split': 5, 'estimator__random_state': 42, 'estimator__warm_start': True}",0.014521775190389235,0.013332031087937471,0.01159339636042568,0.00966943932738255,0.011644005966905143,0.02384812708137084,0.023294763811755194,0.013808662416549931,0.007771889329673865,0.005397421445222047,0.013488151201761195,0.005695641459101463,45,0.5486390169716961,0.7146685226058578,0.6851674421805767,0.7550847607312909,0.8047772094430226,0.6007794838493945,0.5870050219089193,0.7019208768302063,0.7741851794292143,0.7449424224264578,0.6917169936376636,0.08173821498968595,39,0.0808955797444806,0.09224803556941741,0.08537592901344426,0.07336318059604793,0.08796029219357086,0.1108757361170889,0.08943759433385372,0.08870824518510728,0.06312553838136487,0.05954042861350442,0.08315305597478803,0.014174862866979011,51
1082,0.20294768810272218,0.002776359995832997,0.008700895309448241,0.0004569910876119284,RandomForestRegressor(),,,,,,,,,,4,,42,,1,10,,False,"{'estimator': RandomForestRegressor(), 'estimator__max_depth': 4, 'estimator__min_samples_leaf': 1, 'estimator__min_samples_split': 10, 'estimator__random_state': 42, 'estimator__warm_start': False}",0.014741109965084147,0.013218396471390389,0.011717085320163714,0.009827174069187167,0.011754395543433499,0.023880655292275708,0.02340070360729999,0.01384412449367106,0.00779407495384606,0.005566880455724946,0.013574460017207668,0.0056804234504429976,63,0.5418217265081924,0.7171005251123499,0.6818085203980631,0.7510895299095135,0.8029264236190098,0.6002349576858685,0.5851268056757108,0.7011553787294362,0.773540568765168,0.7369345606807087,0.689173899708402,0.08221818213352117,59,0.08116761983761653,0.09175125134063342,0.08537453773246315,0.07425308359577128,0.08837997981587171,0.10983649100896145,0.08962229236415416,0.08804250990783098,0.061463238968283054,0.06098569097978017,0.08308766955513659,0.01388847401912136,47
1083,0.2047435998916626,0.004361343258993628,0.009304237365722657,0.0009014901880500485,RandomForestRegressor(),,,,,,,,,,4,,42,,1,10,,True,"{'estimator': RandomForestRegressor(), 'estimator__max_depth': 4, 'estimator__min_samples_leaf': 1, 'estimator__min_samples_split': 10, 'estimator__random_state': 42, 'estimator__warm_start': True}",0.014741109965084147,0.013218396471390389,0.011717085320163714,0.009827174069187167,0.011754395543433499,0.023880655292275708,0.02340070360729999,0.01384412449367106,0.00779407495384606,0.005566880455724946,0.013574460017207668,0.0056804234504429976,63,0.5418217265081924,0.7171005251123499,0.6818085203980631,0.7510895299095135,0.8029264236190098,0.6002349576858685,0.5851268056757108,0.7011553787294362,0.773540568765168,0.7369345606807087,0.689173899708402,0.08221818213352117,59,0.08116761983761653,0.09175125134063342,0.08537453773246315,0.07425308359577128,0.08837997981587171,0.10983649100896145,0.08962229236415416,0.08804250990783098,0.061463238968283054,0.06098569097978017,0.08308766955513659,0.01388847401912136,47
1084,0.19644505977630616,0.001199567909998857,0.00880126953125,0.0003997102631307813,RandomForestRegressor(),,,,,,,,,,4,,42,,1,15,,False,"{'estimator': RandomForestRegressor(), 'estimator__max_depth': 4, 'estimator__min_samples_leaf': 1, 'estimator__min_samples_split': 15, 'estimator__random_state': 42, 'estimator__warm_start': False}",0.014310405596655126,0.01337834105955795,0.011990909448900217,0.010025787122883042,0.012235186121493269,0.023798382112269523,0.023865871877408826,0.013282986483735932,0.007590184927802575,0.005809829886981191,0.013628788463768766,0.005692737973323877,71,0.5552087363317135,0.713677398857841,0.6743724983590802,0.7460589007364173,0.7948655141185247,0.6016122206162174,0.5768797952713676,0.713268320659151,0.7794646610539493,0.7254538760541744,0.6880861922058437,0.079678836901147,71,0.08099335416846273,0.09082697239288118,0.08707162903573062,0.07462980363582675,0.08960460466062276,0.10894473333630945,0.09049629385441023,0.08708285325240293,0.06061635381070689,0.062116126360544296,0.08323827245078977,0.013704512522039526,55
1085,0.19464199542999266,0.0014980472263007231,0.008904743194580077,0.000298740055113563,RandomForestRegressor(),,,,,,,,,,4,,42,,1,15,,True,"{'estimator': RandomForestRegressor(), 'estimator__max_depth': 4, 'estimator__min_samples_leaf': 1, 'estimator__min_samples_split': 15, 'estimator__random_state': 42, 'estimator__warm_start': True}",0.014310405596655126,0.01337834105955795,0.011990909448900217,0.010025787122883042,0.012235186121493269,0.023798382112269523,0.023865871877408826,0.013282986483735932,0.007590184927802575,0.005809829886981191,0.013628788463768766,0.005692737973323877,71,0.5552087363317135,0.713677398857841,0.6743724983590802,0.7460589007364173,0.7948655141185247,0.6016122206162174,0.5768797952713676,0.713268320659151,0.7794646610539493,0.7254538760541744,0.6880861922058437,0.079678836901147,71,0.08099335416846273,0.09082697239288118,0.08707162903573062,0.07462980363582675,0.08960460466062276,0.10894473333630945,0.09049629385441023,0.08708285325240293,0.06061635381070689,0.062116126360544296,0.08323827245078977,0.013704512522039526,55
1086,0.19504361152648925,0.001786719912140092,0.008601546287536621,0.0004957278681657823,RandomForestRegressor(),,,,,,,,,,4,,42,,3,5,,False,"{'estimator': RandomForestRegressor(), 'estimator__max_depth': 4, 'estimator__min_samples_leaf': 3, 'estimator__min_samples_split': 5, 'estimator__random_state': 42, 'estimator__warm_start': False}",0.015433896910028132,0.011404125664271014,0.011012300619277124,0.007835794124920805,0.014066528892937538,0.02292590144816011,0.02303065270264683,0.013087627265095063,0.008252721762823611,0.004890494586720482,0.013194004397688069,0.005720993510528819,21,0.5202887532732092,0.7559294602066289,0.7009477927211889,0.801528782798122,0.7641613176998823,0.6162176518883977,0.5916874716903924,0.7174854202477263,0.7602144337056798,0.7688974790861209,0.6997358563317349,0.08790828854715256,21,0.08374809117556757,0.08628460749402832,0.08352118187312159,0.06558173469826234,0.0942288312424536,0.1033155147449956,0.09217608306845154,0.08588774460157783,0.06504727454683655,0.05666980767162817,0.08164608711169231,0.013941344344813148,19
1087,0.196846866607666,0.0021355226426518644,0.008801102638244629,0.00040076166465738145,RandomForestRegressor(),,,,,,,,,,4,,42,,3,5,,True,"{'estimator': RandomForestRegressor(), 'estimator__max_depth': 4, 'estimator__min_samples_leaf': 3, 'estimator__min_samples_split': 5, 'estimator__random_state': 42, 'estimator__warm_start': True}",0.015433896910028132,0.011404125664271014,0.011012300619277124,0.007835794124920805,0.014066528892937538,0.02292590144816011,0.02303065270264683,0.013087627265095063,0.008252721762823611,0.004890494586720482,0.013194004397688069,0.005720993510528819,21,0.5202887532732092,0.7559294602066289,0.7009477927211889,0.801528782798122,0.7641613176998823,0.6162176518883977,0.5916874716903924,0.7174854202477263,0.7602144337056798,0.7688974790861209,0.6997358563317349,0.08790828854715256,21,0.08374809117556757,0.08628460749402832,0.08352118187312159,0.06558173469826234,0.0942288312424536,0.1033155147449956,0.09217608306845154,0.08588774460157783,0.06504727454683655,0.05666980767162817,0.08164608711169231,0.013941344344813148,19
1088,0.1931433916091919,0.0020219797859404036,0.008802008628845216,0.0003995739763377296,RandomForestRegressor(),,,,,,,,,,4,,42,,3,10,,False,"{'estimator': RandomForestRegressor(), 'estimator__max_depth': 4, 'estimator__min_samples_leaf': 3, 'estimator__min_samples_split': 10, 'estimator__random_state': 42, 'estimator__warm_start': False}",0.015064966137551455,0.01134307918417559,0.010971940659505611,0.008301337191946081,0.014002015717588306,0.023371661463917285,0.02317144157557096,0.013191929180966748,0.00832645920053836,0.005011052056359789,0.01327558823681202,0.005746095807201592,29,0.5317557367481133,0.7572359739883961,0.7020438157478601,0.7897371382373564,0.7652429421988017,0.6087555756019587,0.5891914130070488,0.7152339187850865,0.7580719680116136,0.7632004816445338,0.6980468963970768,0.08488835605242255,23,0.08370986008973726,0.0854402430567269,0.08339519011220592,0.06697639268587291,0.09374917265602029,0.10535448980537933,0.09181374384158413,0.08697854857143901,0.06490302305526921,0.05798025934387146,0.08203009232181063,0.013842797761251462,23
1089,0.19344067573547363,0.002198582317224895,0.008803534507751464,0.0003993903190675723,RandomForestRegressor(),,,,,,,,,,4,,42,,3,10,,True,"{'estimator': RandomForestRegressor(), 'estimator__max_depth': 4, 'estimator__min_samples_leaf': 3, 'estimator__min_samples_split': 10, 'estimator__random_state': 42, 'estimator__warm_start': True}",0.015064966137551455,0.01134307918417559,0.010971940659505611,0.008301337191946081,0.014002015717588306,0.023371661463917285,0.02317144157557096,0.013191929180966748,0.00832645920053836,0.005011052056359789,0.01327558823681202,0.005746095807201592,29,0.5317557367481133,0.7572359739883961,0.7020438157478601,0.7897371382373564,0.7652429421988017,0.6087555756019587,0.5891914130070488,0.7152339187850865,0.7580719680116136,0.7632004816445338,0.6980468963970768,0.08488835605242255,23,0.08370986008973726,0.0854402430567269,0.08339519011220592,0.06697639268587291,0.09374917265602029,0.10535448980537933,0.09181374384158413,0.08697854857143901,0.06490302305526921,0.05798025934387146,0.08203009232181063,0.013842797761251462,23
1090,0.18824167251586915,0.0013251380287042263,0.00869903564453125,0.000456569091451457,RandomForestRegressor(),,,,,,,,,,4,,42,,3,15,,False,"{'estimator': RandomForestRegressor(), 'estimator__max_depth': 4, 'estimator__min_samples_leaf': 3, 'estimator__min_samples_split': 15, 'estimator__random_state': 42, 'estimator__warm_start': False}",0.014895711854942484,0.011457635007767496,0.011401862604179526,0.008435859931308024,0.014324773207557415,0.02323877792387795,0.02393937223101239,0.01257411074349468,0.008165210557547748,0.005382144845815174,0.013381545890750288,0.0057943766553245485,39,0.5370164420254333,0.7547842558537786,0.6903687706362809,0.7863298394496581,0.7598316071270041,0.6109800620474315,0.5755767008433025,0.7285703863273075,0.7627571007817344,0.7456643250012007,0.6951879490093131,0.08408595451045546,31,0.08358823393355974,0.08414637473064067,0.08479389526752953,0.06776042460572451,0.09432911433370846,0.10492718344908461,0.09290455476013472,0.08529837217637472,0.06382525007648382,0.06053987567350737,0.08221132790067483,0.013474286698947568,31
1091,0.18674075603485107,0.0014812519871132733,0.008701372146606445,0.00046212437449561855,RandomForestRegressor(),,,,,,,,,,4,,42,,3,15,,True,"{'estimator': RandomForestRegressor(), 'estimator__max_depth': 4, 'estimator__min_samples_leaf': 3, 'estimator__min_samples_split': 15, 'estimator__random_state': 42, 'estimator__warm_start': True}",0.014895711854942484,0.011457635007767496,0.011401862604179526,0.008435859931308024,0.014324773207557415,0.02323877792387795,0.02393937223101239,0.01257411074349468,0.008165210557547748,0.005382144845815174,0.013381545890750288,0.0057943766553245485,39,0.5370164420254333,0.7547842558537786,0.6903687706362809,0.7863298394496581,0.7598316071270041,0.6109800620474315,0.5755767008433025,0.7285703863273075,0.7627571007817344,0.7456643250012007,0.6951879490093131,0.08408595451045546,31,0.08358823393355974,0.08414637473064067,0.08479389526752953,0.06776042460572451,0.09432911433370846,0.10492718344908461,0.09290455476013472,0.08529837217637472,0.06382525007648382,0.06053987567350737,0.08221132790067483,0.013474286698947568,31
1092,0.18324029445648193,0.0016644593106920804,0.00900266170501709,8.005647152565022e-06,RandomForestRegressor(),,,,,,,,,,4,,42,,5,5,,False,"{'estimator': RandomForestRegressor(), 'estimator__max_depth': 4, 'estimator__min_samples_leaf': 5, 'estimator__min_samples_split': 5, 'estimator__random_state': 42, 'estimator__warm_start': False}",0.014979001740624207,0.01153030871700967,0.010312180360438666,0.00849460324760634,0.013693232375449917,0.022357185932556665,0.023447503234648163,0.013853121517765696,0.00812948891734952,0.005056966625943568,0.013185359266939239,0.0056390170361690015,17,0.5344276535209468,0.753228896682396,0.7199603965362122,0.7848419420773775,0.7704199874443212,0.6257380180331849,0.5842970908424754,0.700961165490502,0.7637950048781115,0.7610307680114179,0.6998700923516945,0.08336688915951708,17,0.08324647640209333,0.08720099834804373,0.08216836465916061,0.06688157380922166,0.09064918882732081,0.10113734864033379,0.09607193034407885,0.08800431027230342,0.0632215434339524,0.0575676180487922,0.08161493527853007,0.013712788777649358,15
1093,0.18473894596099855,0.0026864959410080134,0.009003400802612305,6.787186946356996e-06,RandomForestRegressor(),,,,,,,,,,4,,42,,5,5,,True,"{'estimator': RandomForestRegressor(), 'estimator__max_depth': 4, 'estimator__min_samples_leaf': 5, 'estimator__min_samples_split': 5, 'estimator__random_state': 42, 'estimator__warm_start': True}",0.014979001740624207,0.01153030871700967,0.010312180360438666,0.00849460324760634,0.013693232375449917,0.022357185932556665,0.023447503234648163,0.013853121517765696,0.00812948891734952,0.005056966625943568,0.013185359266939239,0.0056390170361690015,17,0.5344276535209468,0.753228896682396,0.7199603965362122,0.7848419420773775,0.7704199874443212,0.6257380180331849,0.5842970908424754,0.700961165490502,0.7637950048781115,0.7610307680114179,0.6998700923516945,0.08336688915951708,17,0.08324647640209333,0.08720099834804373,0.08216836465916061,0.06688157380922166,0.09064918882732081,0.10113734864033379,0.09607193034407885,0.08800431027230342,0.0632215434339524,0.0575676180487922,0.08161493527853007,0.013712788777649358,15
1094,0.18724169731140136,0.003313255152220028,0.008801817893981934,0.00039956685189028305,RandomForestRegressor(),,,,,,,,,,4,,42,,5,10,,False,"{'estimator': RandomForestRegressor(), 'estimator__max_depth': 4, 'estimator__min_samples_leaf': 5, 'estimator__min_samples_split': 10, 'estimator__random_state': 42, 'estimator__warm_start': False}",0.014979001740624207,0.01153030871700967,0.010312180360438666,0.00849460324760634,0.013693232375449917,0.022357185932556665,0.023447503234648163,0.013853121517765696,0.00812948891734952,0.005056966625943568,0.013185359266939239,0.0056390170361690015,17,0.5344276535209468,0.753228896682396,0.7199603965362122,0.7848419420773775,0.7704199874443212,0.6257380180331849,0.5842970908424754,0.700961165490502,0.7637950048781115,0.7610307680114179,0.6998700923516945,0.08336688915951708,17,0.08324647640209333,0.08720099834804373,0.08216836465916061,0.06688157380922166,0.09064918882732081,0.10113734864033379,0.09607193034407885,0.08800431027230342,0.0632215434339524,0.0575676180487922,0.08161493527853007,0.013712788777649358,15
1095,0.18313992023468018,0.001043227252283523,0.008904004096984863,0.0003025857242440739,RandomForestRegressor(),,,,,,,,,,4,,42,,5,10,,True,"{'estimator': RandomForestRegressor(), 'estimator__max_depth': 4, 'estimator__min_samples_leaf': 5, 'estimator__min_samples_split': 10, 'estimator__random_state': 42, 'estimator__warm_start': True}",0.014979001740624207,0.01153030871700967,0.010312180360438666,0.00849460324760634,0.013693232375449917,0.022357185932556665,0.023447503234648163,0.013853121517765696,0.00812948891734952,0.005056966625943568,0.013185359266939239,0.0056390170361690015,17,0.5344276535209468,0.753228896682396,0.7199603965362122,0.7848419420773775,0.7704199874443212,0.6257380180331849,0.5842970908424754,0.700961165490502,0.7637950048781115,0.7610307680114179,0.6998700923516945,0.08336688915951708,17,0.08324647640209333,0.08720099834804373,0.08216836465916061,0.06688157380922166,0.09064918882732081,0.10113734864033379,0.09607193034407885,0.08800431027230342,0.0632215434339524,0.0575676180487922,0.08161493527853007,0.013712788777649358,15
1096,0.18044044971466064,0.002372840031549009,0.009000062942504883,0.00044443284956947405,RandomForestRegressor(),,,,,,,,,,4,,42,,5,15,,False,"{'estimator': RandomForestRegressor(), 'estimator__max_depth': 4, 'estimator__min_samples_leaf': 5, 'estimator__min_samples_split': 15, 'estimator__random_state': 42, 'estimator__warm_start': False}",0.015109021155447955,0.011407212839322306,0.01054198052484635,0.008609219636187902,0.01402252745540796,0.022847385096881005,0.02384321060836474,0.013259796813518486,0.008249032788544766,0.0055361043532767525,0.013342549127179823,0.005701517763420586,35,0.530386433345162,0.7558633886371472,0.7137198979542128,0.7819388471529308,0.764899043483213,0.6175320250539278,0.5772815589633289,0.7137689018419258,0.7603216180761118,0.7383888992416785,0.6954100613749639,0.08363950708108162,29,0.08402211037036346,0.08499506034933492,0.08262272560970732,0.06796104527133826,0.09100268100720313,0.10419465284536995,0.09539203942478401,0.08655079346838859,0.06342195545570938,0.060851074156284636,0.08210141379584837,0.013328783257102147,25
1097,0.17954506874084472,0.0022506904606293785,0.0087996244430542,0.0004037464306148194,RandomForestRegressor(),,,,,,,,,,4,,42,,5,15,,True,"{'estimator': RandomForestRegressor(), 'estimator__max_depth': 4, 'estimator__min_samples_leaf': 5, 'estimator__min_samples_split': 15, 'estimator__random_state': 42, 'estimator__warm_start': True}",0.015109021155447955,0.011407212839322306,0.01054198052484635,0.008609219636187902,0.01402252745540796,0.022847385096881005,0.02384321060836474,0.013259796813518486,0.008249032788544766,0.0055361043532767525,0.013342549127179823,0.005701517763420586,35,0.530386433345162,0.7558633886371472,0.7137198979542128,0.7819388471529308,0.764899043483213,0.6175320250539278,0.5772815589633289,0.7137689018419258,0.7603216180761118,0.7383888992416785,0.6954100613749639,0.08363950708108162,29,0.08402211037036346,0.08499506034933492,0.08262272560970732,0.06796104527133826,0.09100268100720313,0.10419465284536995,0.09539203942478401,0.08655079346838859,0.06342195545570938,0.060851074156284636,0.08210141379584837,0.013328783257102147,25
1098,0.22964851856231688,0.002498257560728902,0.008603882789611817,0.000491114808328529,RandomForestRegressor(),,,,,,,,,,5,,42,,1,5,,False,"{'estimator': RandomForestRegressor(), 'estimator__max_depth': 5, 'estimator__min_samples_leaf': 1, 'estimator__min_samples_split': 5, 'estimator__random_state': 42, 'estimator__warm_start': False}",0.014134864861478741,0.013290477463068336,0.010934566276073152,0.009197338224273856,0.011973132666493646,0.02325619569480953,0.02078897329943404,0.013840394930535396,0.008168459748669582,0.005115488395196964,0.013069989156003322,0.005226636044677398,11,0.560664835035346,0.7155578512532923,0.7030587618747027,0.7670425124387197,0.7992590885383187,0.6106884864667675,0.6314304089229179,0.7012358865205421,0.7626626944567015,0.7582652954885519,0.700986582099586,0.07348764744174585,11,0.07884288531824929,0.09200043450195136,0.08384450650137189,0.07104758686334374,0.08926213532486471,0.109826141255132,0.08491943168616789,0.08865229267913954,0.06404091829353523,0.05724720614394707,0.08196835385677027,0.014312099257667991,21
1099,0.23175358772277832,0.0021495226527781987,0.008602166175842285,0.0004890622779891989,RandomForestRegressor(),,,,,,,,,,5,,42,,1,5,,True,"{'estimator': RandomForestRegressor(), 'estimator__max_depth': 5, 'estimator__min_samples_leaf': 1, 'estimator__min_samples_split': 5, 'estimator__random_state': 42, 'estimator__warm_start': True}",0.014134864861478741,0.013290477463068336,0.010934566276073152,0.009197338224273856,0.011973132666493646,0.02325619569480953,0.02078897329943404,0.013840394930535396,0.008168459748669582,0.005115488395196964,0.013069989156003322,0.005226636044677398,11,0.560664835035346,0.7155578512532923,0.7030587618747027,0.7670425124387197,0.7992590885383187,0.6106884864667675,0.6314304089229179,0.7012358865205421,0.7626626944567015,0.7582652954885519,0.700986582099586,0.07348764744174585,11,0.07884288531824929,0.09200043450195136,0.08384450650137189,0.07104758686334374,0.08926213532486471,0.109826141255132,0.08491943168616789,0.08865229267913954,0.06404091829353523,0.05724720614394707,0.08196835385677027,0.014312099257667991,21
1100,0.21739814281463624,0.002025279709134035,0.00890209674835205,0.00029998963025507655,RandomForestRegressor(),,,,,,,,,,5,,42,,1,10,,False,"{'estimator': RandomForestRegressor(), 'estimator__max_depth': 5, 'estimator__min_samples_leaf': 1, 'estimator__min_samples_split': 10, 'estimator__random_state': 42, 'estimator__warm_start': False}",0.01478344348212434,0.01293564475820301,0.011351704285368202,0.009280935370244839,0.011840618227178575,0.023417365702964467,0.021743838942335357,0.014086501290907197,0.008030341243647965,0.005294293562723705,0.013276468686569764,0.005390223390814836,31,0.540505930221871,0.7231519634511394,0.6917308798333057,0.7649250975282518,0.8014808186461277,0.6079904811423212,0.6145015094304511,0.6959233395197397,0.7666757734013383,0.7498157768897452,0.6956701570064292,0.07942828997880788,27,0.08062178065431583,0.09014180867140029,0.0842620577997604,0.07125377514987602,0.08888014115524594,0.10973593113839891,0.08703154556524775,0.08990442982284495,0.061854778761022064,0.05885144379448128,0.08225376925125935,0.014262689353321574,33
1101,0.21784937381744385,0.002229667742921918,0.00880126953125,0.00039982808226263265,RandomForestRegressor(),,,,,,,,,,5,,42,,1,10,,True,"{'estimator': RandomForestRegressor(), 'estimator__max_depth': 5, 'estimator__min_samples_leaf': 1, 'estimator__min_samples_split': 10, 'estimator__random_state': 42, 'estimator__warm_start': True}",0.01478344348212434,0.01293564475820301,0.011351704285368202,0.009280935370244839,0.011840618227178575,0.023417365702964467,0.021743838942335357,0.014086501290907197,0.008030341243647965,0.005294293562723705,0.013276468686569764,0.005390223390814836,31,0.540505930221871,0.7231519634511394,0.6917308798333057,0.7649250975282518,0.8014808186461277,0.6079904811423212,0.6145015094304511,0.6959233395197397,0.7666757734013383,0.7498157768897452,0.6956701570064292,0.07942828997880788,27,0.08062178065431583,0.09014180867140029,0.0842620577997604,0.07125377514987602,0.08888014115524594,0.10973593113839891,0.08703154556524775,0.08990442982284495,0.061854778761022064,0.05885144379448128,0.08225376925125935,0.014262689353321574,33
1102,0.208670711517334,0.004520884563537372,0.008979058265686036,7.315064725474903e-05,RandomForestRegressor(),,,,,,,,,,5,,42,,1,15,,False,"{'estimator': RandomForestRegressor(), 'estimator__max_depth': 5, 'estimator__min_samples_leaf': 1, 'estimator__min_samples_split': 15, 'estimator__random_state': 42, 'estimator__warm_start': False}",0.014601400960917943,0.012998991966177254,0.011914600813376424,0.009719091284406532,0.01235717578745846,0.023943442714927095,0.02322348317597917,0.013502461861619372,0.007927290177537584,0.005583487369132033,0.013577142611153187,0.005629007778053044,65,0.5461641152748287,0.7217962096038177,0.676444750713677,0.7538271365275534,0.7928202418061843,0.5991838886776766,0.5882687627585168,0.7085306403376707,0.7696699562848355,0.7361497935196537,0.6892855495504415,0.07996349621236393,55,0.08108595635049982,0.08929807032391322,0.0873342091225918,0.07336162100406059,0.09017420659349906,0.11032413974385144,0.0898595968255038,0.08834329785274135,0.062072805612796135,0.06055276561081058,0.08324066690402679,0.01403546335494578,57
1103,0.20604469776153564,0.002896786733811603,0.008702278137207031,0.0004583215294543874,RandomForestRegressor(),,,,,,,,,,5,,42,,1,15,,True,"{'estimator': RandomForestRegressor(), 'estimator__max_depth': 5, 'estimator__min_samples_leaf': 1, 'estimator__min_samples_split': 15, 'estimator__random_state': 42, 'estimator__warm_start': True}",0.014601400960917943,0.012998991966177254,0.011914600813376424,0.009719091284406532,0.01235717578745846,0.023943442714927095,0.02322348317597917,0.013502461861619372,0.007927290177537584,0.005583487369132033,0.013577142611153187,0.005629007778053044,65,0.5461641152748287,0.7217962096038177,0.676444750713677,0.7538271365275534,0.7928202418061843,0.5991838886776766,0.5882687627585168,0.7085306403376707,0.7696699562848355,0.7361497935196537,0.6892855495504415,0.07996349621236393,55,0.08108595635049982,0.08929807032391322,0.0873342091225918,0.07336162100406059,0.09017420659349906,0.11032413974385144,0.0898595968255038,0.08834329785274135,0.062072805612796135,0.06055276561081058,0.08324066690402679,0.01403546335494578,57
1104,0.21234457492828368,0.001787366951540245,0.008904719352722168,0.0003030876238840751,RandomForestRegressor(),,,,,,,,,,5,,42,,3,5,,False,"{'estimator': RandomForestRegressor(), 'estimator__max_depth': 5, 'estimator__min_samples_leaf': 3, 'estimator__min_samples_split': 5, 'estimator__random_state': 42, 'estimator__warm_start': False}",0.0152442032170686,0.01118054810019897,0.010360522383932192,0.007484899209253415,0.01385013558297824,0.0229016942401709,0.02200197399968775,0.012974692407777221,0.00821449243580628,0.004552624081305403,0.012876578565817897,0.005653666083773484,1,0.5261847494999756,0.7607144562997283,0.7186476110130169,0.8104165279216147,0.7677893565336122,0.6166228834621412,0.6099250096119815,0.7199232757205534,0.7613251994737923,0.7848637017573197,0.7076412771293736,0.08767773239536929,1,0.08219546588602458,0.08625090950327657,0.08052767191148795,0.06383581694396742,0.09285521042384869,0.10344753343369058,0.09045651602922525,0.08425179151789984,0.0654551677900689,0.05359372899789361,0.08028698124373833,0.014338523701015068,1
1105,0.21194698810577392,0.004968309562242168,0.009003877639770508,6.5241361146877555e-06,RandomForestRegressor(),,,,,,,,,,5,,42,,3,5,,True,"{'estimator': RandomForestRegressor(), 'estimator__max_depth': 5, 'estimator__min_samples_leaf': 3, 'estimator__min_samples_split': 5, 'estimator__random_state': 42, 'estimator__warm_start': True}",0.0152442032170686,0.01118054810019897,0.010360522383932192,0.007484899209253415,0.01385013558297824,0.0229016942401709,0.02200197399968775,0.012974692407777221,0.00821449243580628,0.004552624081305403,0.012876578565817897,0.005653666083773484,1,0.5261847494999756,0.7607144562997283,0.7186476110130169,0.8104165279216147,0.7677893565336122,0.6166228834621412,0.6099250096119815,0.7199232757205534,0.7613251994737923,0.7848637017573197,0.7076412771293736,0.08767773239536929,1,0.08219546588602458,0.08625090950327657,0.08052767191148795,0.06383581694396742,0.09285521042384869,0.10344753343369058,0.09045651602922525,0.08425179151789984,0.0654551677900689,0.05359372899789361,0.08028698124373833,0.014338523701015068,1
1106,0.20519912242889404,0.0013422701887662667,0.008707046508789062,0.0009010061252189702,RandomForestRegressor(),,,,,,,,,,5,,42,,3,10,,False,"{'estimator': RandomForestRegressor(), 'estimator__max_depth': 5, 'estimator__min_samples_leaf': 3, 'estimator__min_samples_split': 10, 'estimator__random_state': 42, 'estimator__warm_start': False}",0.015250378724710521,0.011369664648204991,0.010570582440868205,0.007965405307756527,0.013669498201658668,0.02315810230110702,0.02230809003544738,0.013231962332203522,0.008426463081752489,0.004737747588269889,0.013068789466197921,0.005643011278919948,9,0.5259928044269103,0.7566669931872951,0.7129431786823317,0.7982458878151402,0.7708179133516302,0.6123305816774842,0.6044978506803216,0.7143697477120012,0.7551663220953074,0.7761156071870728,0.7027146886815496,0.08608187957646078,9,0.08351093163369509,0.08637841963446072,0.08193180863740676,0.06509584356513581,0.09275737268975562,0.10542293914288993,0.0906708719203119,0.08660493630558298,0.06592417353265931,0.05507715820524518,0.08133744552671433,0.014306764322728318,9
1107,0.20694801807403565,0.0034149739634357214,0.008703780174255372,0.00045846598426394186,RandomForestRegressor(),,,,,,,,,,5,,42,,3,10,,True,"{'estimator': RandomForestRegressor(), 'estimator__max_depth': 5, 'estimator__min_samples_leaf': 3, 'estimator__min_samples_split': 10, 'estimator__random_state': 42, 'estimator__warm_start': True}",0.015250378724710521,0.011369664648204991,0.010570582440868205,0.007965405307756527,0.013669498201658668,0.02315810230110702,0.02230809003544738,0.013231962332203522,0.008426463081752489,0.004737747588269889,0.013068789466197921,0.005643011278919948,9,0.5259928044269103,0.7566669931872951,0.7129431786823317,0.7982458878151402,0.7708179133516302,0.6123305816774842,0.6044978506803216,0.7143697477120012,0.7551663220953074,0.7761156071870728,0.7027146886815496,0.08608187957646078,9,0.08351093163369509,0.08637841963446072,0.08193180863740676,0.06509584356513581,0.09275737268975562,0.10542293914288993,0.0906708719203119,0.08660493630558298,0.06592417353265931,0.05507715820524518,0.08133744552671433,0.014306764322728318,9
1108,0.19397621154785155,0.002537715716785087,0.00897059440612793,9.45336851739693e-05,RandomForestRegressor(),,,,,,,,,,5,,42,,3,15,,False,"{'estimator': RandomForestRegressor(), 'estimator__max_depth': 5, 'estimator__min_samples_leaf': 3, 'estimator__min_samples_split': 15, 'estimator__random_state': 42, 'estimator__warm_start': False}",0.014996813988519365,0.011396154282033031,0.011206289563368412,0.008192093804192987,0.014210570193775819,0.023421125163513707,0.023875745687611114,0.012546060776842788,0.008356868905397014,0.0051257380597792895,0.013332746042503351,0.005864312827897217,33,0.5338740191605125,0.7561000633394775,0.6956797907001911,0.7925041415292955,0.7617463288390873,0.6079275473204829,0.576704741595738,0.7291758837471385,0.7571884039572403,0.7577809429795175,0.6968681863168682,0.08612473859425547,25,0.0835473076325771,0.08436594740409672,0.08414375409259836,0.0665941662459669,0.09439389659086195,0.10620446842085987,0.09350120205792539,0.08499433877345611,0.0652612641483865,0.05842055371912312,0.0821426899085852,0.014023579791646578,27
1109,0.1959447145462036,0.0030479286561315337,0.008919787406921387,0.00031065507290728374,RandomForestRegressor(),,,,,,,,,,5,,42,,3,15,,True,"{'estimator': RandomForestRegressor(), 'estimator__max_depth': 5, 'estimator__min_samples_leaf': 3, 'estimator__min_samples_split': 15, 'estimator__random_state': 42, 'estimator__warm_start': True}",0.014996813988519365,0.011396154282033031,0.011206289563368412,0.008192093804192987,0.014210570193775819,0.023421125163513707,0.023875745687611114,0.012546060776842788,0.008356868905397014,0.0051257380597792895,0.013332746042503351,0.005864312827897217,33,0.5338740191605125,0.7561000633394775,0.6956797907001911,0.7925041415292955,0.7617463288390873,0.6079275473204829,0.576704741595738,0.7291758837471385,0.7571884039572403,0.7577809429795175,0.6968681863168682,0.08612473859425547,25,0.0835473076325771,0.08436594740409672,0.08414375409259836,0.0665941662459669,0.09439389659086195,0.10620446842085987,0.09350120205792539,0.08499433877345611,0.0652612641483865,0.05842055371912312,0.0821426899085852,0.014023579791646578,27
1110,0.19132373332977295,0.0023356483915538354,0.008902645111083985,0.00029563015878325473,RandomForestRegressor(),,,,,,,,,,5,,42,,5,5,,False,"{'estimator': RandomForestRegressor(), 'estimator__max_depth': 5, 'estimator__min_samples_leaf': 5, 'estimator__min_samples_split': 5, 'estimator__random_state': 42, 'estimator__warm_start': False}",0.014998564490439816,0.011625849883787742,0.01018526383477622,0.008422767407012767,0.013508961290060422,0.022420157109745535,0.023281416454629222,0.014088688391372171,0.0082317857026687,0.005015032367950879,0.013177848693244346,0.0056287368817685415,13,0.5338196106424594,0.751184129303072,0.7234069667354559,0.7866614573037899,0.7735094667533275,0.6246838729519306,0.5872416584126573,0.6958761279239155,0.7608227378730191,0.7630123902303808,0.7000218418130009,0.08352927856858565,13,0.08273453277514282,0.08743202292143237,0.0822898089719637,0.06625093045766169,0.08956731438930961,0.1008097647796581,0.09638422134787399,0.0884739603663352,0.06340598772073827,0.056072566469630485,0.08134211101997461,0.013970304219526764,11
1111,0.19284145832061766,0.0034001143564740184,0.009102511405944824,0.0003002357948281497,RandomForestRegressor(),,,,,,,,,,5,,42,,5,5,,True,"{'estimator': RandomForestRegressor(), 'estimator__max_depth': 5, 'estimator__min_samples_leaf': 5, 'estimator__min_samples_split': 5, 'estimator__random_state': 42, 'estimator__warm_start': True}",0.014998564490439816,0.011625849883787742,0.01018526383477622,0.008422767407012767,0.013508961290060422,0.022420157109745535,0.023281416454629222,0.014088688391372171,0.0082317857026687,0.005015032367950879,0.013177848693244346,0.0056287368817685415,13,0.5338196106424594,0.751184129303072,0.7234069667354559,0.7866614573037899,0.7735094667533275,0.6246838729519306,0.5872416584126573,0.6958761279239155,0.7608227378730191,0.7630123902303808,0.7000218418130009,0.08352927856858565,13,0.08273453277514282,0.08743202292143237,0.0822898089719637,0.06625093045766169,0.08956731438930961,0.1008097647796581,0.09638422134787399,0.0884739603663352,0.06340598772073827,0.056072566469630485,0.08134211101997461,0.013970304219526764,11
1112,0.19192941188812257,0.0027413532286158196,0.008999466896057129,4.3090489404139906e-06,RandomForestRegressor(),,,,,,,,,,5,,42,,5,10,,False,"{'estimator': RandomForestRegressor(), 'estimator__max_depth': 5, 'estimator__min_samples_leaf': 5, 'estimator__min_samples_split': 10, 'estimator__random_state': 42, 'estimator__warm_start': False}",0.014998564490439816,0.011625849883787742,0.01018526383477622,0.008422767407012767,0.013508961290060422,0.022420157109745535,0.023281416454629222,0.014088688391372171,0.0082317857026687,0.005015032367950879,0.013177848693244346,0.0056287368817685415,13,0.5338196106424594,0.751184129303072,0.7234069667354559,0.7866614573037899,0.7735094667533275,0.6246838729519306,0.5872416584126573,0.6958761279239155,0.7608227378730191,0.7630123902303808,0.7000218418130009,0.08352927856858565,13,0.08273453277514282,0.08743202292143237,0.0822898089719637,0.06625093045766169,0.08956731438930961,0.1008097647796581,0.09638422134787399,0.0884739603663352,0.06340598772073827,0.056072566469630485,0.08134211101997461,0.013970304219526764,11
1113,0.19144418239593505,0.0026943958464571713,0.008698558807373047,0.00045890455084082634,RandomForestRegressor(),,,,,,,,,,5,,42,,5,10,,True,"{'estimator': RandomForestRegressor(), 'estimator__max_depth': 5, 'estimator__min_samples_leaf': 5, 'estimator__min_samples_split': 10, 'estimator__random_state': 42, 'estimator__warm_start': True}",0.014998564490439816,0.011625849883787742,0.01018526383477622,0.008422767407012767,0.013508961290060422,0.022420157109745535,0.023281416454629222,0.014088688391372171,0.0082317857026687,0.005015032367950879,0.013177848693244346,0.0056287368817685415,13,0.5338196106424594,0.751184129303072,0.7234069667354559,0.7866614573037899,0.7735094667533275,0.6246838729519306,0.5872416584126573,0.6958761279239155,0.7608227378730191,0.7630123902303808,0.7000218418130009,0.08352927856858565,13,0.08273453277514282,0.08743202292143237,0.0822898089719637,0.06625093045766169,0.08956731438930961,0.1008097647796581,0.09638422134787399,0.0884739603663352,0.06340598772073827,0.056072566469630485,0.08134211101997461,0.013970304219526764,11
1114,0.18384284973144532,0.002603389511706644,0.008801102638244629,0.0008731921035040356,RandomForestRegressor(),,,,,,,,,,5,,42,,5,15,,False,"{'estimator': RandomForestRegressor(), 'estimator__max_depth': 5, 'estimator__min_samples_leaf': 5, 'estimator__min_samples_split': 15, 'estimator__random_state': 42, 'estimator__warm_start': False}",0.015192914094690571,0.011447242995632906,0.010497215960597713,0.008495806108788173,0.013901830611374892,0.022963343178901138,0.023861265092110732,0.013340344910519704,0.008404648207541186,0.00550863024121461,0.013361324140137163,0.005725979082454362,37,0.5277789009306166,0.7550066651893031,0.7149355332886673,0.7848114750539874,0.766922640411154,0.615590872811743,0.5769614693852857,0.7120301594928955,0.7558001604963499,0.7396872007620754,0.6949525077822079,0.08451189382552132,33,0.08403826446379936,0.08540096419035917,0.08256065868794808,0.06743904218453523,0.0906711566475738,0.10440958162043149,0.09562918309711946,0.08684285306354936,0.06404358913490653,0.06045243611830544,0.08214877292085279,0.013420700206725629,29
1115,0.1849391222000122,0.005594398410625846,0.00890786647796631,0.0003002558062633227,RandomForestRegressor(),,,,,,,,,,5,,42,,5,15,,True,"{'estimator': RandomForestRegressor(), 'estimator__max_depth': 5, 'estimator__min_samples_leaf': 5, 'estimator__min_samples_split': 15, 'estimator__random_state': 42, 'estimator__warm_start': True}",0.015192914094690571,0.011447242995632906,0.010497215960597713,0.008495806108788173,0.013901830611374892,0.022963343178901138,0.023861265092110732,0.013340344910519704,0.008404648207541186,0.00550863024121461,0.013361324140137163,0.005725979082454362,37,0.5277789009306166,0.7550066651893031,0.7149355332886673,0.7848114750539874,0.766922640411154,0.615590872811743,0.5769614693852857,0.7120301594928955,0.7558001604963499,0.7396872007620754,0.6949525077822079,0.08451189382552132,33,0.08403826446379936,0.08540096419035917,0.08256065868794808,0.06743904218453523,0.0906711566475738,0.10440958162043149,0.09562918309711946,0.08684285306354936,0.06404358913490653,0.06045243611830544,0.08214877292085279,0.013420700206725629,29
